fish_book/data/sediment/disturbance/August.asc
NCOLS 207
NROWS 150
XLLCORNER -17
YLLCORNER 44
CELLSIZE 0.125
NODATA_VALUE -99.9
[rows 28 to 55 of 150, columns 63 to 125 of 207]
-99.9 -99.9 -99.9 -99.9 -99.9 -99.9 -99.9 -99.9 -99.9 -99.9 -99.9 -99.9 -99.9 -99.9 0.0542828999459743 0.0215770844370127 0.0532571747899055 0.0148768993094563 0.0138763161376119 0.00892855226993561 0.00747152743861079 0.00479309866204858 0.002718570176512 0.000895845470950007 0.000914557429496199 0.000995081849396229 0 0.000527959724422544 0.00143128214403987 0.000667337793856859 0.00317150191403925 0.00267978687770665 0.00176923209801316 0.00107520166784525 0.00388243584893644 0.00679963594302535 0.0815879702568054 0.0729891136288643 0.290914326906204 0.0339403636753559 0.00777872558683157 0.00667128851637244 0.0412996858358383 0.0259637199342251 0.0103132557123899 0.00154663319699466 0 0 -99.9 0 -99.9 -99.9 -99.9 0.616753280162811 0.563639521598816 0.340752810239792 0.288893908262253 0.492298632860184 0.354899376630783 0.131425067782402 0.121317468583584 0.158929541707039 0.160904049873352
-99.9 -99.9 -99.9 -99.9 -99.9 -99.9 -99.9 -99.9 -99.9 -99.9 -99.9 -99.9 -99.9 0.0235557742416859 0.0517531894147396 0.0830307155847549 0.00644708564504981 0.0146414414048195 0.0137857543304563 0.00387274194508791 0.00369153614155948 0.00534086488187313 0.0614826418459415 0.601640820503235 0.00114374025724828 0.00050899141933769 0.000553960970137268 0.000743931334000081 0.000925688946153969 0.00316875986754894 0.00329417316243052 0.0189158283174038 0.0195272210985422 0.133511289954185 0.0014555579982698 0.00315229524858296 0.0262856222689152 0.26178452372551 0.379695922136307 0.0568325258791447 0.000874166376888752 0.00261561176739633 0.0118092764168978 0.0205950327217579 0.00853153318166733 0.000223944894969463 -99.9 -99.9 -99.9 -99.9 -99.9 0 -99.9 0.537947177886963 0.489938378334045 0.481523334980011 0.46049565076828 0.539495229721069 0.444605529308319 0.187872886657715 0.159399271011353 0.137648522853851 0.077294148504734
-99.9 -99.9 -99.9 -99.9 -99.9 -99.9 -99.9 -99.9 -99.9 -99.9 -99.9 -99.9 0.0379756130278111 0.00227383431047201 0.0137510970234871 0.00370559399016201 0.0102274464443326 0.0184181090444326 0.0125737190246582 0.00445232074707747 0.0021728528663516 0.233898460865021 0.00149402336683124 0.0013341415906325 0.00472471816465259 0.0022592160385102 0.00149587914347649 0.00148467242252082 0.0900831446051598 0.0310210213065147 0.0268284250050783 0.0514019690454006 0.0240210089832544 0.342463046312332 0.0439059473574162 0.00111087749246508 0.0263528842478991 0.000513841863721609 0.000156766400323249 0.0226169358938932 0.0709846317768097 0.0270713921636343 0.00508197583258152 0.0238184221088886 0.00512738851830363 0 -99.9 -99.9 -99.9 -99.9 -99.9 -99.9 0.162679493427277 0.00386268366128206 0.159866273403168 0.192920655012131 0.224550664424896 0.129155218601227 0.0387094058096409 0.0726592019200325 0.0759794414043427 0.0373957492411137 0.0476366207003593
-99.9 -99.9 -99.9 -99.9 -99.9 -99.9 -99.9 -99.9 -99.9 -99.9 -99.9 0.00867464393377304 0.00305209751240909 0.0158250872045755 0.00036506011383608 0.00264137354679406 0.00944114569574594 0.013118140399456 0.00320386793464422 0.00527540780603886 0.0350594036281109 0.00165866094175726 0.0026292409747839 0.0101099535822868 0.076739527285099 0.0389403812587261 0.00927114859223366 0.0266945194453001 0.0603069067001343 0.104775369167328 0.135061994194984 0.11926157027483 0.0594951920211315 0.16580393910408 0.140177384018898 0.110706172883511 0.10556460916996 0.117551870644093 0.0618314407765865 0.0526672154664993 0.123196400702 0.0352611355483532 0.00868823565542698 0.00358491204679012 0.479159653186798 0.774766147136688 -99.9 -99.9 0 -99.9 0.0151281859725714 0.00450951745733619 0.129788026213646 0.0389130786061287 0.103677041828632 0.0376518629491329 0.00718933530151844 0.0466656126081944 0.238409757614136 0.249503955245018 0.0554264411330223 0.102097265422344 0.0856203734874725
-99.9 -99.9 -99.9 -99.9 -99.9 -99.9 -99.9 0 0 0 0.00641489587724209 0.00103406957350671 0.00209402106702328 0.00171380594838411 0.000291582109639421 0.000410988199291751 0.00109918753150851 0.000874110555741936 0.00051813927711919 0.00587926153093576 0.00640588765963912 0.0305930636823177 0.208901837468147 0.39171627163887 0.445232272148132 0.0188110135495663 0.0155301354825497 0.011936878785491 0.0054452926851809 0.286646604537964 0.394540250301361 0.453994154930115 0 0 0.516629457473755 0.23656202852726 0.569394767284393 0.556275963783264 0.346384942531586 0.572235584259033 0.18587239086628 0.189035952091217 0.322482407093048 0.450463891029358 0 0 0 0 0 0 0.708990037441254 0.322062879800797 0.208218827843666 0.00787149742245674 0.00825363863259554 0.00609333300963044 0.0114976391196251 0.017954595386982 0.267536580562592 0.141186565160751 0.155504509806633 0.196605354547501 0.175404384732246
-99.9 -99.9 -99.9 0 0 0 0.00310007901862264 0.00610623555257916 0.00333105097524822 0.00119101197924465 0.00120724597945809 0.00109387584961951 0.00108268787153065 0.0015254745958373 0.000413638510508463 0.000441226555267349 0.000800805282779038 0.000846266048029065 0.000376856041839346 0.00244886544533074 0.0258046016097069 0.0993026718497276 0 0 0.458844065666199 0.0789790377020836 0.0121916765347123 0.0157058201730251 0.0357954017817974 0.0991959199309349 0.0665462762117386 0.393334686756134 -99.9 -99.9 -99.9 -99.9 -99.9 -99.9 0 -99.9 -99.9 -99.9 -99.9 -99.9 -99.9 -99.9 -99.9 -99.9 -99.9 0.561529874801636 0.813274562358856 0.699526786804199 0.490130096673965 0.020063990727067 0.00708581833168864 0.0108790528029203 0.022495536133647 0.0994792431592941 0.214989304542542 0.185918524861336 0.336200296878815 0.26014843583107 0.152414575219154
0.0138054247945547 0.00972422212362289 0.0103634623810649 0.00687334919348359 0.00392229529097676 0.00289998040534556 0.00166500057093799 0.000613329641055316 0.00120887940283865 0.00106159155257046 0.000717627233825624 0.000475577107863501 0.000834444479551166 0.00105300219729543 0.000547105970326811 0.00091024482389912 0.000944250088650733 0.000127553852507845 0.00221622199751437 0.0225788597017527 0 -99.9 -99.9 -99.9 0.636928498744965 0.13492214679718 0.034400437027216 0.0408841967582703 0.122563637793064 0.0237494539469481 0.0181798133999109 0 -99.9 -99.9 -99.9 -99.9 -99.9 -99.9 -99.9 -99.9 -99.9 -99.9 -99.9 -99.9 -99.9 -99.9 -99.9 -99.9 -99.9 0.424910038709641 0.520460247993469 0.67763888835907 0.68408739566803 0.160113334655762 0.0160063505172729 0.0492449142038822 0.0465691313147545 0.0720534399151802 0.159934818744659 0.235028326511383 0.296461194753647 0.249023079872131 0.0879562571644783
0.014593280851841 0.015686672180891 0.0193258263170719 0.0105619207024574 0.00368094444274902 0.00371651747263968 0.00163509487174451 0.000636740762274712 0.00160576787311584 0.000403595913667232 0.000382091093342751 0.0312663353979588 0.025560175999999 0.000473041814984754 0.000365059211617336 0.00141657795757055 0.00130637548863888 0 0 -99.9 -99.9 -99.9 -99.9 -99.9 0.146826326847076 0.238275185227394 0.0849123522639275 0.089057944715023 0.124074935913086 0 0 -99.9 -99.9 -99.9 -99.9 -99.9 -99.9 -99.9 -99.9 -99.9 -99.9 -99.9 -99.9 -99.9 -99.9 -99.9 -99.9 -99.9 0 0.0678941681981087 0.290810078382492 0.00971861928701401 0.00389962969347835 0.00416503334417939 0.0070621739141643 0.0274566281586885 0.0914810076355934 0.144440114498138 0.180851325392723 0.271318137645721 0.129934832453728 0.0830458253622055 0.0178834609687328
0.00648005399852991 0.00520912278443575 0.00393815198913217 0.00229667546227574 0.00263472367078066 0.00364673649892211 0.00193805550225079 0.000875477446243167 0.00139451364520937 0.000573418568819761 0.000270937947789207 0.000256237166468054 0.00034724676515907 0.000325181783409789 0.00282841385342181 0.00352645362727344 -99.9 -99.9 -99.9 -99.9 -99.9 -99.9 -99.9 0 0.512706696987152 0.365246593952179 0.217479318380356 0.212200552225113 0.159020200371742 0 -99.9 -99.9 -99.9 -99.9 -99.9 -99.9 -99.9 -99.9 -99.9 -99.9 -99.9 -99.9 -99.9 -99.9 -99.9 0 0.0505811423063278 0.0790818929672241 0.0793566033244133 0.0022032973356545 0.0582208745181561 0.00687348609790206 0.0121312141418457 0.00670523243024945 0.0285747442394495 0.0245763715356588 0.0289586987346411 0.0516249872744083 0.107705667614937 0.086722269654274 0.103124141693115 0.100124664604664 0.0392609350383282
0.00250379904173315 0.00374746392481029 0.00237002712674439 0.00173083797562867 0.0182189494371414 0.00648195436224341 0.0168700069189072 0.0125174522399902 0.00195433502085507 0.000999866751953959 0.000361102080205455 0.000157954709720798 0.000226449032197706 0.000662304926663637 0.00316381687298417 0 -99.9 -99.9 -99.9 -99.9 -99.9 -99.9 0 0.316954225301743 0.187086224555969 0.176828280091286 0.218280375003815 0.195091128349304 0.119253769516945 -99.9 -99.9 -99.9 -99.9 -99.9 -99.9 -99.9 -99.9 -99.9 -99.9 -99.9 -99.9 -99.9 -99.9 -99.9 0.00536349322646856 0.00731215393170714 0.0782538652420044 0.0810497924685478 0.00607764627784491 0.0027072022203356 0.0154502782970667 0.0319237150251865 0.0356639362871647 0.0076411385089159 0.0132018364965916 0.0182607043534517 0.011474397033453 0.0214427206665277 0.0530022196471691 0.293113112449646 0.12986521422863 0.206694170832634 0.0620948858559132
0.00272132223471999 0.00296980212442577 0.00240441830828786 0.00450519239529967 0.0813305899500847 0 0.0713785961270332 0.0852085724473 0.0336455553770065 0.00188882113434374 0.00076235254528001 0.00085901899728924 0.00123793270904571 0.0402947887778282 0.0110085029155016 0.0318245254456997 -99.9 -99.9 -99.9 -99.9 -99.9 0 0 0.287122458219528 0.08521718531847 0.101634405553341 0.532147407531738 0 0 0 -99.9 -99.9 -99.9 -99.9 -99.9 -99.9 -99.9 -99.9 -99.9 -99.9 -99.9 -99.9 0 0.0769064500927925 0.00959672965109348 0.00691333087161183 0.0171982143074274 0.0134632512927055 0 0 0 0.00433109560981393 0.0232974998652935 0.0161002445966005 0.0402135476469994 0.0316965244710445 0.0470366440713406 0.196569174528122 0.0533857718110085 0.389691233634949 0.166329681873322 0.101038739085197 0.231706708669662
0.00397483585402369 0.00380556005984545 0.00351047236472368 0 -99.9 0 0.0951481312513351 0.244175553321838 0.17608168721199 0.0343041755259037 0.00389583804644644 0.00464994879439473 0.00378900626674294 0.0713221579790115 -99.9 -99.9 -99.9 -99.9 -99.9 0 0.541940987110138 0.591211140155792 0.396309614181519 0.144055470824242 0.133959710597992 0.299315571784973 -99.9 -99.9 -99.9 -99.9 -99.9 -99.9 -99.9 -99.9 -99.9 -99.9 -99.9 -99.9 -99.9 -99.9 -99.9 -99.9 -99.9 0.125809952616692 0.0794138833880424 0.0402620211243629 0.0303072463721037 0.0670357346534729 0.150776207447052 0.0831726044416428 0.0690232813358307 0.104127489030361 0.115497380495071 0.0414510853588581 0.195736587047577 0.0983235463500023 0.0462617948651314 0.349302411079407 0.432255744934082 0.650632977485657 0.607938945293427 0.545834064483643 0.57703161239624
0.00227559055201709 0.00182035483885556 0.000972159614320844 0.0010725773172453 0.012278919108212 0.0327521823346615 0.101259984076023 0.173059299588203 0.0258260685950518 0.00407881895080209 0.0376534573733807 0 0 -99.9 -99.9 -99.9 -99.9 0 0.255946308374405 0.14442303776741 0.0436786450445652 0 -99.9 0 0.195929080247879 0 -99.9 -99.9 -99.9 -99.9 -99.9 -99.9 -99.9 -99.9 -99.9 -99.9 -99.9 -99.9 -99.9 -99.9 -99.9 -99.9 0 0 -99.9 -99.9 -99.9 -99.9 -99.9 -99.9 -99.9 -99.9 -99.9 -99.9 -99.9 -99.9 -99.9 -99.9 0 0.551478624343872 0.546218395233154 0.637522876262665 0.55710780620575
0.00179238640703261 0.00096108770230785 0.000961675948929042 0.000924560241401196 0.00382249453105032 0.0224963705986738 0.042702492326498 0.02456084638834 0.00819831062108278 0.00284043350256979 0.0357156805694103 0.00088377995416522 -99.9 -99.9 -99.9 -99.9 0 0.199106678366661 0.115747027099133 0 -99.9 0 -99.9 -99.9 0 0 -99.9 -99.9 -99.9 -99.9 -99.9 -99.9 -99.9 -99.9 -99.9 -99.9 -99.9 -99.9 -99.9 -99.9 -99.9 -99.9 -99.9 -99.9 -99.9 -99.9 -99.9 -99.9 -99.9 -99.9 -99.9 -99.9 -99.9 -99.9 -99.9 -99.9 -99.9 -99.9 -99.9 0.706759572029114 0.658828675746918 0.727721989154816 0.570386528968811
0.00176860159263015 0.00113184587098658 0.000789225043263286 0.00270655518397689 0.0119200013577938 0.0193933770060539 0.00957848876714706 0.00674525555223227 0.00557015044614673 0.00126474199350923 0.000572313903830945 7.72250859881751e-05 0.0516164265573025 -99.9 -99.9 0 0.195155203342438 0.13817372918129 0 -99.9 -99.9 -99.9 -99.9 -99.9 -99.9 0 -99.9 -99.9 -99.9 -99.9 -99.9 -99.9 -99.9 -99.9 -99.9 -99.9 -99.9 -99.9 -99.9 -99.9 -99.9 -99.9 -99.9 -99.9 -99.9 -99.9 -99.9 -99.9 -99.9 -99.9 -99.9 -99.9 -99.9 -99.9 -99.9 -99.9 -99.9 -99.9 -99.9 0.674933910369873 0.676654756069183 0.727982223033905 0.352599054574966
0.0014290229883045 0.00272848480381072 0.0158265419304371 0.0185122638940811 0.00901282951235771 0.0074662808328867 0.00419294321909547 0.01194710098207 0.0124535234645009 0.00406002765521407 0.000348346744431183 0.000647403358016163 0.0420580245554447 -99.9 -99.9 0 0.198489218950272 0.210341975092888 0.156042978167534 0 0 -99.9 -99.9 -99.9 -99.9 -99.9 -99.9 -99.9 -99.9 -99.9 -99.9 -99.9 -99.9 -99.9 -99.9 -99.9 -99.9 -99.9 -99.9 -99.9 -99.9 -99.9 -99.9 -99.9 -99.9 -99.9 -99.9 -99.9 -99.9 -99.9 -99.9 -99.9 -99.9 -99.9 -99.9 -99.9 -99.9 -99.9 0.660159707069397 0.506110727787018 0.735058188438416 0.707929313182831 0.579602360725403
0.00124248466454446 0.0382193215191364 0.0871794447302818 0.0491344556212425 0.0031799313146621 0.00179717212449759 0.00761378603056073 0.0221809968352318 0.0126935550943017 0.00605543842539191 0.000433376641012728 0.00473466981202364 0.0724538192152977 0 -99.9 0 0.240695461630821 0.296901404857635 0.265142768621445 0.143242046236992 0.246238246560097 0 -99.9 -99.9 -99.9 -99.9 -99.9 -99.9 -99.9 -99.9 -99.9 -99.9 -99.9 -99.9 -99.9 -99.9 -99.9 -99.9 -99.9 -99.9 -99.9 -99.9 -99.9 -99.9 -99.9 -99.9 -99.9 -99.9 -99.9 -99.9 -99.9 -99.9 -99.9 -99.9 -99.9 -99.9 -99.9 0.750557899475098 0.647769629955292 0.59537410736084 0.57142299413681 0.591062366962433 0.625128746032715
0.000457043730420992 0.0052960105240345 0.0198563281446695 0.00884982105344534 0.00036984626785852 0.000743357231840491 0.01012007240206 0.0255703143775463 0.0090858181938529 0.00132092973217368 0.000292735028779134 7.06197261024499e-06 0 -99.9 -99.9 0 0.287929594516754 0.407073646783829 0.417927235364914 0.139588609337807 -99.9 0 -99.9 0 0 -99.9 -99.9 -99.9 -99.9 -99.9 -99.9 -99.9 -99.9 -99.9 -99.9 -99.9 -99.9 -99.9 -99.9 -99.9 -99.9 -99.9 -99.9 -99.9 -99.9 -99.9 -99.9 -99.9 -99.9 -99.9 -99.9 -99.9 -99.9 -99.9 -99.9 -99.9 0 0.596968412399292 0.48725825548172 0.352751463651657 0.407446891069412 0.526539027690887 0.0816004797816277
0.00775338988751173 0.0201207846403122 0.000865729467477649 0.00254320679232478 0.00155296176671982 0.00288889673538506 0.0037926968652755 0.0100459009408951 0.101414769887924 0.115060076117516 0.00345462141558528 0.151645645499229 -99.9 -99.9 0 0.483859211206436 0.334378868341446 0.358242183923721 0.262519866228104 0.42977237701416 0.0911049991846085 0 -99.9 -99.9 0 0 -99.9 -99.9 -99.9 -99.9 -99.9 -99.9 -99.9 -99.9 -99.9 -99.9 -99.9 -99.9 -99.9 -99.9 -99.9 -99.9 -99.9 -99.9 -99.9 -99.9 -99.9 -99.9 -99.9 -99.9 -99.9 -99.9 -99.9 -99.9 -99.9 -99.9 0.342900574207306 0.519335925579071 0.453755766153336 0.44562903046608 0.536359846591949 0.686141431331635 0.526361048221588
-99.9 0.0138602806255221 0.00239286897704005 0.00702305603772402 0.0223649404942989 0.00173522485420108 0.00209413515403867 0.00953502487391233 0.0236177816987038 0.0400549210608006 0.431622236967087 0 0 0.398894876241684 0.276774197816849 0.295612722635269 0.545384466648102 0.315644681453705 0.171751171350479 0.223182916641235 0 0.0736635997891426 0 0 0 0 -99.9 -99.9 -99.9 -99.9 -99.9 -99.9 -99.9 -99.9 -99.9 -99.9 -99.9 -99.9 -99.9 -99.9 -99.9 -99.9 -99.9 -99.9 -99.9 -99.9 -99.9 -99.9 -99.9 -99.9 -99.9 -99.9 -99.9 -99.9 -99.9 0 0.525435388088226 0.59808748960495 0.459501624107361 0.47621613740921 0.421354353427887 0.404859781265259 0.464653819799423
-99.9 0.00217547384090722 0.00185826222877949 0.0452968515455723 0.106081075966358 0.0589941516518593 0.00935289729386568 0.0437402985990047 0.0248381737619638 0.110403545200825 0.349063336849213 0.625109732151031 0.104974672198296 0.246095925569534 0.475625783205032 0.267714321613312 0.275307953357697 0.28892308473587 0.0872967392206192 0.0401809886097908 0 0 0.0999159663915634 -99.9 -99.9 -99.9 -99.9 -99.9 -99.9 -99.9 -99.9 -99.9 -99.9 -99.9 -99.9 -99.9 -99.9 -99.9 -99.9 -99.9 -99.9 -99.9 -99.9 -99.9 -99.9 -99.9 -99.9 -99.9 -99.9 -99.9 -99.9 -99.9 -99.9 -99.9 0.1005869358778 0.216132059693336 0.23851603269577 0.453814417123795 0.128741219639778 0.00556251825764775 0.114636868238449 0.00366655108518898 0.00616252887994051
0 0.000724897021427751 0.00109050853643566 0.0172539111226797 0.0786794647574425 0.0500920861959457 0.0311388801783323 0.0539847500622272 0.0439192615449429 0.161814615130424 0.51879471540451 0.171221166849136 0.0754330903291702 0.14745058119297 0.331308215856552 0.245007991790771 0.497919589281082 -99.9 -99.9 -99.9 0 0.217457965016365 -99.9 -99.9 -99.9 -99.9 -99.9 -99.9 -99.9 -99.9 -99.9 -99.9 -99.9 -99.9 -99.9 -99.9 -99.9 -99.9 -99.9 -99.9 -99.9 -99.9 -99.9 -99.9 -99.9 -99.9 -99.9 -99.9 -99.9 -99.9 -99.9 -99.9 -99.9 0 0.17867086827755 0.109349451959133 0.145597994327545 0.46295627951622 0.0320974960923195 0.0573489256203175 0.137417420744896 0.00342427683062851 0.00333371944725513
0.000328188412822783 0.000845024653244764 0.00176690833177418 0.0117294518277049 0.0199958980083466 0.0160373188555241 0.0828661993145943 0.126218289136887 0.0699209421873093 0.0198857393115759 0.00497133191674948 0.0229228679090738 0.244420498609543 0.451012194156647 0.536047458648682 0.465930104255676 0.689673244953156 -99.9 0 0.19228321313858 0.192839488387108 0 0 -99.9 -99.9 -99.9 -99.9 -99.9 -99.9 -99.9 -99.9 -99.9 -99.9 -99.9 -99.9 -99.9 -99.9 -99.9 -99.9 -99.9 -99.9 -99.9 -99.9 -99.9 -99.9 -99.9 -99.9 -99.9 -99.9 -99.9 -99.9 -99.9 0.0475444048643112 0.0696826949715614 0.0430816300213337 0.0761625021696091 0.0976249724626541 0.206358045339584 0.276450008153915 0.137376874685287 0.185815528035164 0.156254932284355 0.160978406667709
0.0199780017137527 0.000625101733021438 0.000736093439627439 0.00375785422511399 0.0104177771136165 0.00673254439607263 0.0196642149239779 0.0592554174363613 0.128948003053665 0.0585730187594891 0.0054868427105248 0.00132421974558383 0.0108837429434061 0.41359069943428 0.408487230539322 0.819680571556091 0.327000647783279 0.170213669538498 0.176991969347 0.533460080623627 0.454606384038925 -99.9 -99.9 -99.9 -99.9 -99.9 -99.9 -99.9 -99.9 -99.9 -99.9 -99.9 -99.9 -99.9 -99.9 -99.9 -99.9 -99.9 -99.9 -99.9 -99.9 -99.9 -99.9 -99.9 -99.9 -99.9 -99.9 -99.9 -99.9 -99.9 -99.9 -99.9 0 0.0816431418061256 0.0413935221731663 0.0286328941583633 0.01121043600142 0.00446302210912108 0.00279679684899747 0.00580371404066682 0.190517485141754 0.164426058530807 0.130165338516235
0.0258068069815636 0.000484944263007492 0.00100137887056917 0.000598923768848181 0.00448582647368312 0.00675885565578938 0.00432214327156544 0.0134161841124296 0.0340411849319935 0.000752563879359514 0.00138244230765849 0.00706791039556265 0.00722012436017394 0.00447393301874399 0.0035128528252244 0.00471960287541151 0.008459004573524 0.0776312351226807 0.143485233187675 0.168320074677467 0.0207556951791048 0.124118082225323 0.116444952785969 0 0.237458661198616 0.051415141671896 0 -99.9 -99.9 -99.9 -99.9 -99.9 -99.9 -99.9 -99.9 -99.9 -99.9 -99.9 -99.9 -99.9 -99.9 -99.9 -99.9 -99.9 -99.9 -99.9 -99.9 -99.9 -99.9 -99.9 -99.9 0 -99.9 0.20577497780323 0.13935798406601 0.0356116853654385 0.0198578163981438 0.00487728090956807 0.0327988937497139 0.00711619108915329 0.100263252854347 0.0977510884404182 0.0911212712526321
0.0042341984808445 0.000712923763785511 0.000522304733749479 0.0014497471274808 0.00223890878260136 0.000852747180033475 0.00046197374467738 0.00187949684914201 0.00162411283235997 0.000931100687012076 0.000361098733264953 0.00169599568471313 0.00649939803406596 0.00367087451741099 0.00317976693622768 0.00249134912155569 0.00380647904239595 0.0152333360165358 0.110836543142796 0.10365092754364 0.103713512420654 0.109060823917389 -99.9 -99.9 0.0622612535953522 -99.9 -99.9 -99.9 -99.9 -99.9 -99.9 -99.9 -99.9 -99.9 -99.9 -99.9 -99.9 -99.9 -99.9 -99.9 -99.9 -99.9 -99.9 -99.9 -99.9 -99.9 -99.9 -99.9 0.544758498668671 -99.9 -99.9 -99.9 -99.9 0.0778915509581566 0.0974595546722412 0.0705637112259865 0.0608601458370686 0.117344439029694 0.0108115617185831 0.190598800778389 0.566157341003418 0.330489665269852 0.336237281560898
0.00557473953813314 0.000415444403188303 0.000604910776019096 0.00154707056935877 0.000796701468061656 0.000370925612514839 0.000124390877317637 0.00013578767539002 0.000188693433301523 5.29057615494821e-05 0 1.03374741229345e-05 0.00115077709779143 0.00284550641663373 0.00216104183346033 0.00216106325387955 0.0349903143942356 0.182611852884293 0.46851909160614 0.28661373257637 0.214270308613777 0.272730380296707 -99.9 -99.9 -99.9 -99.9 -99.9 -99.9 -99.9 -99.9 -99.9 -99.9 -99.9 -99.9 -99.9 -99.9 -99.9 -99.9 -99.9 -99.9 -99.9 -99.9 -99.9 -99.9 -99.9 -99.9 -99.9 -99.9 -99.9 -99.9 -99.9 -99.9 -99.9 -99.9 -99.9 -99.9 0 0.383374184370041 0.193671599030495 0.154277175664902 0.163534373044968 0.182024046778679 0.153526648879051
0.0420109145343304 0.000454053631983697 0.000649237656034529 0.00161494442727417 0.00105307111516595 0.000530191464349627 0.000275651080301031 0.000196665074327029 0.000113783171400428 6.74730690661818e-05 3.3709759463818e-06 0 0.00109639158472419 0.00215525971725583 0.0452722273766994 0.104356229305267 0.5016970038414 0.434327244758606 0.47899255156517 0.791719377040863 0.453044950962067 -99.9 -99.9 -99.9 -99.9 -99.9 0.536326348781586 0 -99.9 -99.9 -99.9 0 -99.9 -99.9 -99.9 -99.9 -99.9 -99.9 -99.9 -99.9 -99.9 -99.9 -99.9 -99.9 -99.9 -99.9 -99.9 -99.9 -99.9 -99.9 -99.9 -99.9 -99.9 -99.9 -99.9 -99.9 -99.9 0 0.165366187691689 0.142280414700508 0.537872672080994 0.243485733866692 0.135110959410667
