fish_book/data/sediment/disturbance/January.asc
NCOLS 207
NROWS 150
XLLCORNER -17
YLLCORNER 44
CELLSIZE 0.125
NODATA_VALUE -99.9
[rows 28 to 55 of 150, columns 63 to 125 of 207]
-99.9 -99.9 -99.9 -99.9 -99.9 -99.9 -99.9 -99.9 -99.9 -99.9 -99.9 -99.9 -99.9 -99.9 0.05921770632267 0.0517850033938885 0.0665714666247368 0.0178522784262896 0.0182915069162846 0.00954431388527155 0.00772057799622416 0.00495286891236901 0.00290605798363686 0.000895845470950007 0.00101617490872741 0.0010282511357218 0 0.000545558403246105 0.00143128214403987 0.000738838280085474 0.0033980377484113 0.00267978687770665 0.00176923209801316 0.00107520166784525 0.00388243584893644 0.00658029271289706 0.193499714136124 0.0370832532644272 0.309028208255768 0.0339403636753559 0.00803801603615284 0.00716545805335045 0.0478206910192966 0.0349945798516273 0.0471340902149677 0.108686968684196 0 0 -99.9 0 -99.9 -99.9 -99.9 0.697088420391083 0.490191042423248 0.31456270813942 0.288893908262253 0.422353804111481 0.334288835525513 0.208757117390633 0.0613618306815624 0.096347451210022 0.0659258738160133
-99.9 -99.9 -99.9 -99.9 -99.9 -99.9 -99.9 -99.9 -99.9 -99.9 -99.9 -99.9 -99.9 0.0265002474188805 0.0625351071357727 0.104880899190903 0.00859611481428146 0.0236515589058399 0.0198170207440853 0.00492894416674972 0.00395521754398942 0.00534086488187313 0.425682097673416 0.773273527622223 0.00122261885553598 0.000584397581405938 0.000553960970137268 0.000768729078117758 0.000956545234657824 0.00352084427140653 0.00364712020382285 0.124280855059624 0.0195272210985422 0.426417589187622 0.00155594130046666 0.00336969504132867 0.150297492742538 0.582563638687134 0.542303800582886 0.366857349872589 0.000874166376888752 0.00324335880577564 0.019682127982378 0.0290202740579844 0.011499023064971 0.0561877489089966 -99.9 -99.9 -99.9 -99.9 -99.9 0 -99.9 0.478245675563812 0.398167610168457 0.391433209180832 0.46049565076828 0.509535253047943 0.444605529308319 0.280816107988358 0.0352854058146477 0.107151210308075 0.0137134101241827
-99.9 -99.9 -99.9 -99.9 -99.9 -99.9 -99.9 -99.9 -99.9 -99.9 -99.9 -99.9 0.0425326861441135 0.00227383431047201 0.147722810506821 0.00459493650123477 0.0127843078225851 0.0257853530347347 0.0180747210979462 0.00627372460439801 0.0326753556728363 0.378249198198318 0.0015970595413819 0.00159070733934641 0.00542467599734664 0.00250127469189465 0.00165615195874125 0.00148467242252082 0.195503354072571 0.0884064361453056 0.0023179214913398 0.127026975154877 0.0240210089832544 0.553150773048401 0.0656126141548157 0.00114790676161647 0.0263528842478991 0.000513841863721609 0.000156766400323249 0.0677071809768677 0.317677527666092 0.0786178335547447 0.00684961955994368 0.0307654608041048 0.00512738851830363 0 -99.9 -99.9 -99.9 -99.9 -99.9 -99.9 0.136052832007408 0.00412907591089606 0.159927681088448 0.288726091384888 0.224647149443626 0.0979052111506462 0.0389511212706566 0.103859931230545 0.0147399706766009 0.0418832413852215 0.0476366207003593
-99.9 -99.9 -99.9 -99.9 -99.9 -99.9 -99.9 -99.9 -99.9 -99.9 -99.9 0.0184336174279451 0.00315383402630687 0.157296031713486 0.0165314450860023 0.00282353721559048 0.0108398338779807 0.0158510860055685 0.00400483468547463 0.00619286997243762 0.00407588947564363 0.00197763415053487 0.00313486414961517 0.0120541751384735 0.0187632348388433 0.0110644297674298 0.00867301039397717 0.0266945194453001 0.0794123411178589 0.258348047733307 0.24199678003788 0.296793162822723 0.0594951920211315 0.358540803194046 0.334856986999512 0.220604836940765 0.210092827677727 0.235029831528664 0.121792003512383 0.0265457481145859 0.440569370985031 0.0976311564445496 0.00897784437984228 0.00358491204679012 0.504306375980377 0.802362322807312 -99.9 -99.9 0 -99.9 0.0151281859725714 0.00450951745733619 0.161289721727371 0.0397431179881096 0.104268915951252 0.0380536876618862 0.00768515188246965 0.0483044013381004 0.10441168397665 0.1386459171772 0.0574792735278606 0.102097265422344 0.0820528566837311
-99.9 -99.9 -99.9 -99.9 -99.9 -99.9 -99.9 0 0 0 0.0117606418207288 0.00133567315060645 0.00231838063336909 0.00183199951425195 0.000291582109639421 0.000410988199291751 0.00109918753150851 0.000874110555741936 0.00051813927711919 0.00587926153093576 0.00640588765963912 0.00228997529484332 0.157071113586426 0.340410083532333 0.267647802829742 0.0211623907089233 0.0195814743638039 0.0132631985470653 0.0056268023326993 0.183425039052963 0.394540250301361 0.567394614219666 0 0 0.606253385543823 0.472198009490967 0.687878429889679 0.741540908813477 0.690823793411255 0.752156496047974 0.553997755050659 0.402742505073547 0.583137452602386 0.71473240852356 0 0 0 0 0 0 0.732564985752106 0.437715351581573 0.294254660606384 0.0081526217982173 0.00882285553961992 0.00609333300963044 0.0127295283600688 0.0185737200081348 0.0912889689207077 0.106115713715553 0.132466807961464 0.180221572518349 0.175404384732246
-99.9 -99.9 -99.9 0 0.00663302419707179 0.00152847729623318 0.00542513839900494 0.0082870339974761 0.00411482760682702 0.00164473080076277 0.00155935948714614 0.0013564060209319 0.00124308606609702 0.00163067970424891 0.000442165299318731 0.020568422973156 0.220701113343239 0.000846266048029065 0.000376856041839346 0.00244886544533074 0.0972568988800049 0.339254587888718 0 0 0.679596900939941 0.177380293607712 0.0176779311150312 0.0221729222685099 0.0370738096535206 0.116536043584347 0.393108159303665 0.586789786815643 -99.9 -99.9 -99.9 -99.9 -99.9 -99.9 0 -99.9 -99.9 -99.9 -99.9 -99.9 -99.9 -99.9 -99.9 -99.9 -99.9 0.561529874801636 0.834938228130341 0.699526786804199 0.490130096673965 0.0524839013814926 0.0078450134024024 0.0116293327882886 0.0249057728797197 0.103032074868679 0.157219722867012 0.15016496181488 0.284477174282074 0.224673643708229 0.131630778312683
0.00920361652970314 0.00972422212362289 0.0155451931059361 0.010310024023056 0.00588344316929579 0.00405997270718217 0.00215470674447715 0.000826661707833409 0.00149901036638767 0.00137122231535614 0.000855632475577295 0.000528418982867151 0.00105212558992207 0.00116582389455289 0.000848014315124601 0.00122685171663761 0.000944250088650733 0.000127553852507845 0.0917264074087143 0.100625291466713 0 -99.9 -99.9 -99.9 0.543023705482483 0.0425622537732124 0.0378404781222343 0.0390258245170116 0.0705331116914749 0.0274032149463892 0.0208731200546026 0 -99.9 -99.9 -99.9 -99.9 -99.9 -99.9 -99.9 -99.9 -99.9 -99.9 -99.9 -99.9 -99.9 -99.9 -99.9 -99.9 -99.9 0.39841365814209 0.463499218225479 0.647050738334656 0.561123371124268 0.190813899040222 0.0171496607363224 0.0509430170059204 0.0449632965028286 0.0780578926205635 0.147632136940956 0.195856928825378 0.225310504436493 0.18925753235817 0.0676586553454399
0.0125085264444351 0.0139437085017562 0.0244793817400932 0.0146693345159292 0.00552141666412354 0.0048005017451942 0.00211199745535851 0.000759190937969834 0.00171651039272547 0.000431430118624121 0.000382091093342751 0.0312663353979588 0.470663189888 0.0274924449622631 0.000565841735806316 0.00175655668135732 0.00130637548863888 0 0 -99.9 -99.9 -99.9 -99.9 -99.9 0.12372924387455 0.238275185227394 0.106140434741974 0.0853471979498863 0.0568327158689499 0 0 -99.9 -99.9 -99.9 -99.9 -99.9 -99.9 -99.9 -99.9 -99.9 -99.9 -99.9 -99.9 -99.9 -99.9 -99.9 -99.9 -99.9 0 0.16285839676857 0.291047662496567 0.0717266574501991 0.00416856957599521 0.00445227697491646 0.00754922023043036 0.0284034088253975 0.0823329091072083 0.139281526207924 0.167933374643326 0.235928818583488 0.129934832453728 0.0797239914536476 0.0166060701012611
0.00907207559794188 0.00761333340778947 0.00590722775086761 0.00306223402731121 0.00363842793740332 0.00471036834642291 0.00242256931960583 0.00109434686601162 0.001490687020123 0.000573418568819761 0.000314288015943021 0.00034536313614808 0.0296051390469074 0.000420026481151581 0.00303044333122671 0.00352645362727344 -99.9 -99.9 -99.9 -99.9 -99.9 -99.9 -99.9 0 0.4894018471241 0.365246593952179 0.23819163441658 0.193748340010643 0.152659401297569 0 -99.9 -99.9 -99.9 -99.9 -99.9 -99.9 -99.9 -99.9 -99.9 -99.9 -99.9 -99.9 -99.9 -99.9 -99.9 0 0.185921385884285 0.142184719443321 0.235580027103424 0.0022767405025661 0.0867635905742645 0.00711050303652883 0.0658740401268005 0.0351672023534775 0.0296330694109201 0.0245763715356588 0.0268902201205492 0.0449636988341808 0.104911029338837 0.0805278271436691 0.111374072730541 0.104296527802944 0.047113124281168
0.00404459843412042 0.00512810843065381 0.00323185510933399 0.0022356656845659 0.0264174770563841 0.00875063799321651 0.0224933419376612 0.0145202446728945 0.00195433502085507 0.00106882303953171 0.0257062464952469 0.0307601671665907 0.000305213907267898 0.000760424125473946 0.00338201108388603 0 -99.9 -99.9 -99.9 -99.9 -99.9 -99.9 0 0.249035462737083 0.208673089742661 0.176828280091286 0.203728348016739 0.184823170304298 0.247680902481079 -99.9 -99.9 -99.9 -99.9 -99.9 -99.9 -99.9 -99.9 -99.9 -99.9 -99.9 -99.9 -99.9 -99.9 -99.9 0.00665073189884424 0.0113338381052017 0.112013883888721 0.119364939630032 0.00729317544028163 0.0035532028414309 0.0161525625735521 0.0300458483397961 0.0319098383188248 0.00674218079075217 0.0120016690343618 0.0190215669572353 0.0119333732873201 0.0164944007992744 0.0461632236838341 0.181008219718933 0.16111396253109 0.112160183489323 0.0642853826284409
0.00489838002249599 0.00387365487404168 0.00276062847115099 0.00481589557603002 0.105052009224892 0 0.0862491354346275 0.0852085724473 0.0336455553770065 0.0472713299095631 0.0521944649517536 0.00117549975402653 0.00142133014742285 0.434064209461212 0.123588815331459 0.182763710618019 -99.9 -99.9 -99.9 -99.9 -99.9 0 0 0.37847962975502 0.117680869996548 0.13256661593914 0.604701340198517 0 0 0 -99.9 -99.9 -99.9 -99.9 -99.9 -99.9 -99.9 -99.9 -99.9 -99.9 -99.9 -99.9 0 0.146067395806313 0.0356449969112873 0.0154220461845398 0.0378360711038113 0.0269265025854111 0.00771421520039439 0 0.00999756343662739 0.0129932872951031 0.0559139996767044 0.0161002445966005 0.0312772020697594 0.0294324867427349 0.0448986142873764 0.219250231981277 0.0593175254762173 0.109218060970306 0.104241341352463 0.0374155975878239 0.232329249382019
0.005420230794698 0.00475695030763745 0.00375257385894656 0 -99.9 0 0.0740559473633766 0.221423670649529 0.153924748301506 0.034874465316534 0.00500893453136086 0.00518648140132427 0.0046983677893877 0.149205535650253 -99.9 -99.9 -99.9 -99.9 -99.9 0 0.634357154369354 0.701583027839661 0.494570761919022 0.17406702041626 0.182672336697578 0.332572847604752 -99.9 -99.9 -99.9 -99.9 -99.9 -99.9 -99.9 -99.9 -99.9 -99.9 -99.9 -99.9 -99.9 -99.9 -99.9 -99.9 -99.9 0.22809873521328 0.107036106288433 0.083621121942997 0.0707169100642204 0.0731298923492432 0.123362354934216 0.0859450176358223 0.0424758642911911 0.0473306775093079 0.0898312926292419 0.0663217380642891 0.130491062998772 0.0702311024069786 0.041305173188448 0.210847735404968 0.351393550634384 0.625759720802307 0.477743327617645 0.397070527076721 0.389300495386124
0.00477873999625444 0.00485427957028151 0.00466636614874005 0.0225241240113974 0.0350826270878315 0.0409402251243591 0.0867942720651627 0.159214556217194 0.0325633063912392 0.0366526544094086 0.260548770427704 0 0 -99.9 -99.9 -99.9 -99.9 0 0.255946308374405 0.189820513129234 0.0436786450445652 0 -99.9 0 0.391858160495758 0 -99.9 -99.9 -99.9 -99.9 -99.9 -99.9 -99.9 -99.9 -99.9 -99.9 -99.9 -99.9 -99.9 -99.9 -99.9 -99.9 0 0 -99.9 -99.9 -99.9 -99.9 -99.9 -99.9 -99.9 -99.9 -99.9 -99.9 -99.9 -99.9 -99.9 -99.9 0 0.509528696537018 0.492093920707703 0.579325258731842 0.405859261751175
0.00380882108584046 0.00249882810749114 0.00384670379571617 0.00369824096560478 0.0191124714910984 0.0337445549666882 0.044410590082407 0.0284905806183815 0.0534675754606724 0.0629797875881195 0.195856258273125 0.217979833483696 -99.9 -99.9 -99.9 -99.9 0 0.284172207117081 0.115747027099133 0 -99.9 0 -99.9 -99.9 0 0 -99.9 -99.9 -99.9 -99.9 -99.9 -99.9 -99.9 -99.9 -99.9 -99.9 -99.9 -99.9 -99.9 -99.9 -99.9 -99.9 -99.9 -99.9 -99.9 -99.9 -99.9 -99.9 -99.9 -99.9 -99.9 -99.9 -99.9 -99.9 -99.9 -99.9 -99.9 -99.9 -99.9 0.706759572029114 0.658828675746918 0.699889183044434 0.477349281311035
0.00258487928658724 0.00192413793411106 0.00276228762231767 0.00857075862586498 0.0230453349649906 0.0281203966587782 0.0106047559529543 0.00674525555223227 0.00536384852603078 0.00170740159228444 0.00100996566470712 0.0275257732719183 0.258169263601303 -99.9 -99.9 0 0.176269218325615 0.11213793605566 0 -99.9 -99.9 -99.9 -99.9 -99.9 -99.9 0 -99.9 -99.9 -99.9 -99.9 -99.9 -99.9 -99.9 -99.9 -99.9 -99.9 -99.9 -99.9 -99.9 -99.9 -99.9 -99.9 -99.9 -99.9 -99.9 -99.9 -99.9 -99.9 -99.9 -99.9 -99.9 -99.9 -99.9 -99.9 -99.9 -99.9 -99.9 -99.9 -99.9 0.645963847637177 0.647609949111938 0.603548943996429 0.289622843265533
0.00247697322629392 0.00454747444018722 0.0316530838608742 0.0412965901196003 0.0147051429376006 0.0121818259358406 0.00533647276461124 0.0110280932858586 0.00778345204889774 0.00609004171565175 0.000803877075668424 0.046167615801096 0.284984469413757 -99.9 -99.9 0 0.198489218950272 0.186489224433899 0.131499111652374 0 0 -99.9 -99.9 -99.9 -99.9 -99.9 -99.9 -99.9 -99.9 -99.9 -99.9 -99.9 -99.9 -99.9 -99.9 -99.9 -99.9 -99.9 -99.9 -99.9 -99.9 -99.9 -99.9 -99.9 -99.9 -99.9 -99.9 -99.9 -99.9 -99.9 -99.9 -99.9 -99.9 -99.9 -99.9 -99.9 -99.9 -99.9 0.539082288742065 0.417955696582794 0.583536744117737 0.586728453636169 0.548950910568237
0.00219261995516717 0.05833475664258 0.138461470603943 0.0761584043502808 0.0404409505426884 0.00325737451203167 0.012508362531662 0.0141958370804787 0.0101548442617059 0.00836227182298899 0.000639746489468962 0.0640047267079353 0.330093830823898 0 -99.9 0 0.269578903913498 0.296901404857635 0.204883053898811 0.176297903060913 0.346972078084946 0 -99.9 -99.9 -99.9 -99.9 -99.9 -99.9 -99.9 -99.9 -99.9 -99.9 -99.9 -99.9 -99.9 -99.9 -99.9 -99.9 -99.9 -99.9 -99.9 -99.9 -99.9 -99.9 -99.9 -99.9 -99.9 -99.9 -99.9 -99.9 -99.9 -99.9 -99.9 -99.9 -99.9 -99.9 -99.9 0.721466243267059 0.56317663192749 0.539940595626831 0.544856071472168 0.536066055297852 0.538156509399414
0.00165678351186216 0.00808338448405266 0.0303070265799761 0.0145761761814356 0.000801333575509489 0.00260175042785704 0.0121440859511495 0.0182645097374916 0.00526021048426628 0.00286201457493007 0.000533810933120549 0.0480121560394764 0 -99.9 -99.9 0 0.287929594516754 0.351563602685928 0.417927235364914 0.327641844749451 -99.9 0 -99.9 0 0 -99.9 -99.9 -99.9 -99.9 -99.9 -99.9 -99.9 -99.9 -99.9 -99.9 -99.9 -99.9 -99.9 -99.9 -99.9 -99.9 -99.9 -99.9 -99.9 -99.9 -99.9 -99.9 -99.9 -99.9 -99.9 -99.9 -99.9 -99.9 -99.9 -99.9 -99.9 0 0.455678105354309 0.426669299602509 0.234883278608322 0.377717047929764 0.46663299202919 0.107807092368603
0.0335980243980885 0.0222765821963549 0.000993985682725906 0.00381481018848717 0.00277314591221511 0.00529631040990353 0.00517185917124152 0.00958926975727081 0.0869269445538521 0.130750089883804 0.00356977549381554 0.666708290576935 -99.9 -99.9 0 0.524180829524994 0.367816746234894 0.40123125910759 0.471561014652252 0.508680164813995 0.346199005842209 0 -99.9 -99.9 0 0 -99.9 -99.9 -99.9 -99.9 -99.9 -99.9 -99.9 -99.9 -99.9 -99.9 -99.9 -99.9 -99.9 -99.9 -99.9 -99.9 -99.9 -99.9 -99.9 -99.9 -99.9 -99.9 -99.9 -99.9 -99.9 -99.9 -99.9 -99.9 -99.9 -99.9 0.316126972436905 0.369254887104034 0.393281847238541 0.386587262153625 0.475206464529037 0.595558702945709 0.556506633758545
-99.9 0.0165257193148136 0.0025578944478184 0.00837364327162504 0.0308849178254604 0.00277635990642011 0.00356002966873348 0.0119187813252211 0.024691317230463 0.0446766428649426 0.406274378299713 0 0 0.317656606435776 0.276774197816849 0.295612722635269 0.479938358068466 0.259942680597305 0.0858755856752396 0.278978645801544 0 0.1525888890028 0 0 0 0 -99.9 -99.9 -99.9 -99.9 -99.9 -99.9 -99.9 -99.9 -99.9 -99.9 -99.9 -99.9 -99.9 -99.9 -99.9 -99.9 -99.9 -99.9 -99.9 -99.9 -99.9 -99.9 -99.9 -99.9 -99.9 -99.9 -99.9 -99.9 -99.9 0 0.499932646751404 0.496862292289734 0.430630147457123 0.47621613740921 0.361908137798309 0.378051072359085 0.464653819799423
-99.9 0.00374664948321879 0.001986418152228 0.0484207719564438 0.151544392108917 0.0819363221526146 0.0130940563976765 0.065610446035862 0.0291578564792871 0.00279542640782893 0.260386735200882 0.69733327627182 0.0876725539565086 0.182645723223686 0.390676736831665 0.307871460914612 0.304287731647491 0.426505506038666 0.0933172032237053 0.0622805319726467 0 0 0.663125693798065 -99.9 -99.9 -99.9 -99.9 -99.9 -99.9 -99.9 -99.9 -99.9 -99.9 -99.9 -99.9 -99.9 -99.9 -99.9 -99.9 -99.9 -99.9 -99.9 -99.9 -99.9 -99.9 -99.9 -99.9 -99.9 -99.9 -99.9 -99.9 -99.9 -99.9 -99.9 0.1005869358778 0.216132059693336 0.210861429572105 0.397833198308945 0.128741219639778 0.00556251825764775 0.141768768429756 0.00366655108518898 0.00658753095194697
0 0.00114457425661385 0.00150594033766538 0.0243123285472393 0.0911025404930115 0.081399641931057 0.0518981330096722 0.128732860088348 0.0591955296695232 0.0128244617953897 0.168886929750443 0.118340648710728 0.0524546653032303 0.127343684434891 0.436896204948425 0.471382886171341 0.745512366294861 -99.9 -99.9 -99.9 0 0.60495913028717 -99.9 -99.9 -99.9 -99.9 -99.9 -99.9 -99.9 -99.9 -99.9 -99.9 -99.9 -99.9 -99.9 -99.9 -99.9 -99.9 -99.9 -99.9 -99.9 -99.9 -99.9 -99.9 -99.9 -99.9 -99.9 -99.9 -99.9 -99.9 -99.9 -99.9 -99.9 0 0.17867086827755 0.134438782930374 0.17248822748661 0.409074991941452 0.0843676403164864 0.083416149020195 0.244574189186096 0.00342427683062851 0.00344484345987439
0.000656376825645566 0.00128977443091571 0.00215955451130867 0.0130327241495252 0.0274943597614765 0.0234391577541828 0.11394102871418 0.205935090780258 0.0792437344789505 0.0676115155220032 0.0149139948189259 0.0300862640142441 0.0231929495930672 0.581076741218567 0.65925532579422 0.613259315490723 0.755992114543915 -99.9 0 0.318535417318344 0.238466203212738 0 0 -99.9 -99.9 -99.9 -99.9 -99.9 -99.9 -99.9 -99.9 -99.9 -99.9 -99.9 -99.9 -99.9 -99.9 -99.9 -99.9 -99.9 -99.9 -99.9 -99.9 -99.9 -99.9 -99.9 -99.9 -99.9 -99.9 -99.9 -99.9 -99.9 0.0782097801566124 0.154696077108383 0.0950932130217552 0.0761625021696091 0.157275855541229 0.327166080474854 0.276450008153915 0.1644446849823 0.306548595428467 0.156254932284355 0.255721509456635
0.0329049453139305 0.0007955840555951 0.00103053078055382 0.0058455509133637 0.0162054318934679 0.00992164481431246 0.0256489757448435 0.0648987889289856 0.11902891844511 0.0507632829248905 0.0054868427105248 0.000378348515368998 0.0112868444994092 0.557503879070282 0.441482722759247 0.845831155776978 0.389215141534805 0.383668065071106 0.367457985877991 0.8717942237854 0.604416966438293 -99.9 -99.9 -99.9 -99.9 -99.9 -99.9 -99.9 -99.9 -99.9 -99.9 -99.9 -99.9 -99.9 -99.9 -99.9 -99.9 -99.9 -99.9 -99.9 -99.9 -99.9 -99.9 -99.9 -99.9 -99.9 -99.9 -99.9 -99.9 -99.9 -99.9 -99.9 0 0.0907146036624908 0.0459928028285503 0.0296202339231968 0.0119835697114468 0.0608833320438862 0.00298967934213579 0.055225919932127 0.312195599079132 0.196368202567101 0.193720206618309
0.0401439219713211 0.000678921991493553 0.00140193034894764 0.00085560540901497 0.00611703610047698 0.00996041856706142 0.00600297655910254 0.0155345294624567 0.0437672398984432 0.000810453377198428 0.00171422853600234 0.00807761121541262 0.00790775567293167 0.00432480219751596 0.00339575787074864 0.00977632030844688 0.0105737559497356 0.333877265453339 0.429867804050446 0.67886757850647 0.0214475523680449 0.124118082225323 0.144268020987511 0 0.320569187402725 0.0308490842580795 0 -99.9 -99.9 -99.9 -99.9 -99.9 -99.9 -99.9 -99.9 -99.9 -99.9 -99.9 -99.9 -99.9 -99.9 -99.9 -99.9 -99.9 -99.9 -99.9 -99.9 -99.9 -99.9 -99.9 -99.9 0 -99.9 0.222922891378403 0.151476070284843 0.0398850850760937 0.0213287658989429 0.00523856095969677 0.0908372327685356 0.0697471797466278 0.196186691522598 0.16118922829628 0.179258719086647
0.00613958761096001 0.00103373941965401 0.000714732799679041 0.00206016702577472 0.00335836317390203 0.00198974343948066 0.00103944097645581 0.00199005543254316 0.00224282243289053 0.00117399648297578 0.000541648070793599 0.00576638523489237 0.00615732418373227 0.00367087451741099 0.0032857593614608 0.00257439422421157 0.00424568820744753 0.0529897026717663 0.745000720024109 0.35948371887207 0.35854634642601 0.109060823917389 -99.9 -99.9 0.182028338313103 -99.9 -99.9 -99.9 -99.9 -99.9 -99.9 -99.9 -99.9 -99.9 -99.9 -99.9 -99.9 -99.9 -99.9 -99.9 -99.9 -99.9 -99.9 -99.9 -99.9 -99.9 -99.9 -99.9 0.616864621639252 -99.9 -99.9 -99.9 -99.9 0.0649096295237541 0.0889848172664642 0.105458483099937 0.159176722168922 0.180418387055397 0.0115571860224009 0.253473192453384 0.535333752632141 0.330489665269852 0.36629930138588
0.00792199838906527 0.00062316661933437 0.000869559240527451 0.00261811935342848 0.00209134118631482 0.00133533228654414 0.000373172631952912 0 9.43467166507617e-05 0 0 0 0.00150486233178526 0.00274011725559831 0.00209133070893586 0.00216106325387955 0.287952125072479 0.602142572402954 0.786016702651978 0.635260760784149 0.395036816596985 0.280276000499725 -99.9 -99.9 -99.9 -99.9 -99.9 -99.9 -99.9 -99.9 -99.9 -99.9 -99.9 -99.9 -99.9 -99.9 -99.9 -99.9 -99.9 -99.9 -99.9 -99.9 -99.9 -99.9 -99.9 -99.9 -99.9 -99.9 -99.9 -99.9 -99.9 -99.9 -99.9 -99.9 -99.9 -99.9 0 0.442487478256226 0.282458573579788 0.185038968920708 0.195663258433342 0.214500218629837 0.182758614420891
0.0547968409955502 0.000598525220993906 0.000922600855119526 0.00262428470887244 0.00188048416748643 0.00111340207513422 0.00101072061806917 0.000393330148654059 0.000682699028402567 0.000253023987170309 6.06775665801251e-06 0 0.00109639158472419 0.0628213509917259 0.0452722273766994 0.207685604691505 0.613036513328552 0.586232423782349 0.51162725687027 0.818107545375824 0.468136668205261 -99.9 -99.9 -99.9 -99.9 -99.9 0.508187532424927 0 -99.9 -99.9 -99.9 0 -99.9 -99.9 -99.9 -99.9 -99.9 -99.9 -99.9 -99.9 -99.9 -99.9 -99.9 -99.9 -99.9 -99.9 -99.9 -99.9 -99.9 -99.9 -99.9 -99.9 -99.9 -99.9 -99.9 -99.9 -99.9 0 0.226678103208542 0.202161774039268 0.508745968341827 0.218882814049721 0.185384154319763
