fish_book/data/sediment/disturbance/July.asc
NCOLS 207
NROWS 150
XLLCORNER -17
YLLCORNER 44
CELLSIZE 0.125
NODATA_VALUE -99.9
[rows 28 to 55 of 150, columns 65 to 129 of 207]
-99.9 -99.9 -99.9 -99.9 -99.9 -99.9 -99.9 -99.9 -99.9 -99.9 -99.9 -99.9 0.0493480898439884 0.0215770844370127 0.0532571747899055 0.0141330538317561 0.0145070580765605 0.00923643354326487 0.00772057799622416 0.00463332887738943 0.0022498513571918 0.00086694722995162 0.000914557429496199 0.000961912388447672 0 0.000527959724422544 0.00138511171098799 0.000667337793856859 0.00317150191403925 0.00267978687770665 0.00176923209801316 0.00107520166784525 0.00363195617683232 0.00636094948276877 0.0336257964372635 0.00117739732377231 0.127889454364777 0.00380742270499468 0.00726014375686646 0.00667128851637244 0.0565153621137142 0.0293502919375896 0.0103132557123899 0.00154663319699466 0 0 -99.9 0 -99.9 -99.9 -99.9 0.563196539878845 0.514673888683319 0.366942912340164 0.267147690057755 0.422353804111481 0.334288835525513 0.18297977745533 0.00140619045123458 0.0648967698216438 0.0657576769590378 0.138340875506401 0.101594045758247 0.0776042118668556 0.0882575660943985
-99.9 -99.9 -99.9 -99.9 -99.9 -99.9 -99.9 -99.9 -99.9 -99.9 -99.9 0.0235557742416859 0.0560659542679787 0.078660674393177 0.00558747444301844 0.0135151762515306 0.0103393150493503 0.0029925734270364 0.00355969555675983 0.00534086488187313 0.000782735005486757 0.515824437141418 0.00122261885553598 0.000546694500371814 0.000553960970137268 0.000768729078117758 0.000925688946153969 0.00340348272584379 0.00352947134524584 0.00135499064344913 0.000654854287859052 0.0269999038428068 0.00150574964936823 0.00326099526137114 0.00148324738256633 0.26178452372551 0.27129065990448 0.000464374315924942 0.000874166376888752 0.00261561176739633 0.0124653475359082 0.0205950327217579 0.00259655341506004 0.000250291370321065 -99.9 -99.9 -99.9 -99.9 -99.9 0 -99.9 0.478245675563812 0.428741246461868 0.451493293046951 0.399169981479645 0.509535253047943 0.38549879193306 0.218789875507355 0.00391908548772335 0.106304757297039 0.0132236452773213 0.0447947010397911 0.187142595648766 0.147710531949997 0.12887142598629
-99.9 -99.9 -99.9 -99.9 -99.9 -99.9 -99.9 -99.9 -99.9 -99.9 0.0318995155394077 0.00227383431047201 0.00157185015268624 0.00385381770320237 0.00830980017781258 0.0147344870492816 0.00943028926849365 0.00424994248896837 0.00210276083089411 0.118604049086571 0.0015970595413819 0.00138545478694141 0.00507469708099961 0.00242058839648962 0.00165615195874125 0.00148467242252082 0.0198030080646276 0.00232831295579672 0.0023179214913398 0.000985292252153158 0.000396611081669107 0.289791107177734 0.000492621038574725 0.00111087749246508 0.0007720707799308 0.000513841863721609 0.000156766400323249 7.181574619608e-05 0.000500948401167989 0.00129817333072424 0.00486102048307657 0.022825988009572 0.00496198888868093 0 -99.9 -99.9 -99.9 -99.9 -99.9 -99.9 0.189306139945984 0.00372948776930571 0.159845799207687 0.192878395318985 0.224647149443626 0.0347313806414604 0.00700965570285916 0.165268689393997 0.012838039547205 0.0373957492411137 0.0514475516974926 0.0759504809975624 0.233843505382538 0.157553181052208 0.189882814884186
-99.9 -99.9 -99.9 -99.9 -99.9 -99.9 -99.9 -99.9 -99.9 0.00433732196688652 0.00315383402630687 0.00167799298651516 0.00036506011383608 0.00282353721559048 0.00909147411584854 0.0125715509057045 0.00256309425458312 0.00504604214802384 0.00381292891688645 0.00178625015541911 0.0026292409747839 0.0104987975209951 0.0187632348388433 0.0118274930864573 0.00867301039397717 0.00283602788113058 0.0602104365825653 0.0535844676196575 0.00139349733944982 0.000907181238289922 0.0302315056324005 0.220871612429619 0.084554634988308 0.000807507953140885 0.027168445289135 7.39094393793494e-05 0.0018708782736212 0.000424281315645203 0.147609710693359 0.00451285298913717 0.00868823565542698 0.00358491204679012 0.403719395399094 0.719573795795441 -99.9 -99.9 0 -99.9 0.0151281859725714 0.00465983478352427 0.223298028111458 0.00774702476337552 0.0396885946393013 0.0694772973656654 0.00718933530151844 0.0780358389019966 0.129283040761948 0.249503955245018 0.0533736124634743 0.0893351063132286 0.0856203734874725 0.0967796668410301 0.180985197424889 0.218647018074989 0.253082692623138
-99.9 -99.9 -99.9 -99.9 -99.9 0 0 0 0.00481117190793157 0.00099098333157599 0.0022435940336436 0.00183199951425195 0.000291582109639421 0.000410988199291751 0.00109918753150851 0.000874110555741936 0.000484710966702551 0.00549995433539152 0.00599260441958904 0.00228997529484332 0.131155759096146 0.366063177585602 0.388761132955551 0.0195948053151369 0.0148549117147923 0.0101684518158436 0.00526378303766251 0.080118365585804 0.335669815540314 0.472894251346588 0 0 0.539035439491272 0.189434826374054 0.569394767284393 0.582742393016815 0.565573334693909 0.542248785495758 0.216549500823021 0.0669179186224937 0.00390398316085339 0.371183335781097 0 0 0 0 0 0 0.708990037441254 0.35097599029541 0.179744839668274 0.00787149742245674 0.00796903017908335 0.00589677412062883 0.0119082685559988 0.0160972233861685 0.119256421923637 0.199961110949516 0.138226225972176 0.172029688954353 0.167051792144775 0.120009779930115 0.153692498803139 0.235930234193802 0.26869010925293
-99.9 0 0 0 0.00155003950931132 0.00479775667190552 0.00235133012756705 0.000907437643036246 0.00135815178509802 0.00113763089757413 0.00120298657566309 0.00157807709183544 0.000399375130655244 0.000471655977889895 0.000800805282779038 0.000846266048029065 0.000376856041839346 0.00244886544533074 0.00198716996237636 0.123297862708569 0 0 0.394781053066254 0.016563480719924 0.0134108439087868 0.0157058201730251 0.0319601818919182 0.0471755415201187 0.175400242209435 0.354643672704697 -99.9 -99.9 -99.9 -99.9 -99.9 -99.9 0 -99.9 -99.9 -99.9 -99.9 -99.9 -99.9 -99.9 -99.9 -99.9 -99.9 0.561529874801636 0.818567395210266 0.728444039821625 0.430676579475403 0.020063990727067 0.0073388833552599 0.0105039132758975 0.0216921251267195 0.0852679237723351 0.170321360230446 0.246774345636368 0.303768664598465 0.283798307180405 0.131630778312683 0.0899228677153587 0.113194361329079 0.211970686912537 0.360843360424042
0.00518173119053245 0.00515501201152802 0.00392229529097676 0.00231998437084258 0.00137117702979594 0.00063999614212662 0.00120887940283865 0.00101735850330442 0.000745228258892894 0.00044034916209057 0.00087072467431426 0.00112821662332863 0.000519750698003918 0.00106854818295687 0.000944250088650733 0.000127553852507845 0.00221622199751437 0.0225788597017527 0 -99.9 -99.9 -99.9 0.574325323104858 0.0499643869698048 0.0326804146170616 0.0427425689995289 0.0856035798788071 0.0246628932654858 0.0188531409949064 0 -99.9 -99.9 -99.9 -99.9 -99.9 -99.9 -99.9 -99.9 -99.9 -99.9 -99.9 -99.9 -99.9 -99.9 -99.9 -99.9 -99.9 0.39841365814209 0.463499218225479 0.616462588310242 0.622605383396149 0.190813899040222 0.0165780056267977 0.0509430170059204 0.0449632965028286 0.0750556662678719 0.147632136940956 0.225235477089882 0.272744297981262 0.239062145352364 0.0811903923749924 0.0551684387028217 0.0294953249394894 0.0819804444909096 0.271412700414658
0.0167490504682064 0.0111486939713359 0.00347644742578268 0.00387137243524194 0.00170322379563004 0.000685720820911229 0.00166113907471299 0.000431430118624121 0.000382091093342751 0.000404673075536266 0.000832230900414288 0.000523724884260446 0.000328553287545219 0.00164323044009507 0.00130637548863888 0 0 -99.9 -99.9 -99.9 -99.9 -99.9 0.114891439676285 0.249105885624886 0.0806667357683182 0.089057944715023 0.150876119732857 0 0 -99.9 -99.9 -99.9 -99.9 -99.9 -99.9 -99.9 -99.9 -99.9 -99.9 -99.9 -99.9 -99.9 -99.9 -99.9 -99.9 -99.9 0 0.0364478155970573 0.227531790733337 0.0713915303349495 0.0337081849575043 0.00416503334417939 0.0070621739141643 0.0265098474919796 0.0914810076355934 0.171468541026115 0.155015423893929 0.235928818583488 0.123438090085983 0.0863676592707634 0.0488166734576225 0.0151679459959269 0.0316642336547375 0.0843085646629333 0.209982559084892
0.00393815198913217 0.00207794457674026 0.00238379766233265 0.00319089461117983 0.00169579859357327 0.000838999229017645 0.00139451364520937 0.000573418568819761 0.000270937947789207 0.00034536313614808 0.00034724676515907 0.000406477221986279 0.00303044333122671 0.00352645362727344 -99.9 -99.9 -99.9 -99.9 -99.9 -99.9 -99.9 0 0.4894018471241 0.307576090097427 0.196767002344131 0.184522226452827 0.165381014347076 0 -99.9 -99.9 -99.9 -99.9 -99.9 -99.9 -99.9 -99.9 -99.9 -99.9 -99.9 -99.9 -99.9 -99.9 -99.9 0 0.0283281952142715 0.0484892204403877 0.0478601641952991 0.00212985393591225 0.0297689978033304 0.0347194857895374 0.0650374069809914 0.0629355311393738 0.025399774312973 0.0226102620363235 0.0268902201205492 0.0821389928460121 0.0782498419284821 0.0774305984377861 0.103124141693115 0.0917809456586838 0.0408313721418381 0.0622833035886288 0.157028362154961 0.24502269923687 0.272283017635345
0.00215457007288933 0.00151448324322701 0.0154861072078347 0.00518556358292699 0.0152633395045996 0.0125174522399902 0.00195433502085507 0.00103434489574283 0.000433322507888079 0.000181647905264981 0.00025598585489206 0.000735894311219454 0.00316381687298417 0 -99.9 -99.9 -99.9 -99.9 -99.9 -99.9 0 0.339593797922134 0.208673089742661 0.160752981901169 0.203728348016739 0.174555212259293 0.119253769516945 -99.9 -99.9 -99.9 -99.9 -99.9 -99.9 -99.9 -99.9 -99.9 -99.9 -99.9 -99.9 -99.9 -99.9 -99.9 0.00579257309436798 0.00658093858510256 0.021467624232173 0.0453863516449928 0.00455823494121432 0.00219960184767842 0.012641136534512 0.0300458483397961 0.0300327893346548 0.00719165988266468 0.0126017527654767 0.0174998417496681 0.0105564454570413 0.0189685616642237 0.0530022196471691 0.209462806582451 0.12986521422863 0.174045667052269 0.0317622758448124 0.0355324894189835 0.236160159111023 0.336718380451202 0.187902525067329
0.00231536570936441 0.00481589557603002 0.0948856845498085 0 0.0684044882655144 0.0852085724473 0.0056168008595705 0.00226658536121249 0.000884328968822956 0.000768595957197249 0.00142133014742285 0.0402947887778282 0.0110085029155016 0.0318245254456997 -99.9 -99.9 -99.9 -99.9 -99.9 0 0 0.274071455001831 0.0730433017015457 0.101634405553341 0.507962763309479 0 0 0 -99.9 -99.9 -99.9 -99.9 -99.9 -99.9 -99.9 -99.9 -99.9 -99.9 -99.9 -99.9 0 0.0294328834861517 0.00548384571447968 0.00531794689595699 0.0154783930629492 0.00673162564635277 0.00771421520039439 0 0 0.00433109560981393 0.0232974998652935 0.0150268943980336 0.0335112884640694 0.0316965244710445 0.0406225584447384 0.196569174528122 0.0514085218310356 0.358586460351944 0.135285511612892 0.0370419956743717 0.232017979025841 0.364499419927597 0.390696138143539 0.12684591114521 0.12047054618597
0.00338942161761224 0 -99.9 0 0.0740559473633766 0.221423670649529 0.0919032171368599 0.00589299201965332 0.0035248058848083 0.00518648140132427 0.00409212661907077 0.0762409269809723 -99.9 -99.9 -99.9 -99.9 -99.9 0 0.597390711307526 0.635359883308411 0.412686467170715 0.162062391638756 0.158316031098366 0.232801005244255 -99.9 -99.9 -99.9 -99.9 -99.9 -99.9 -99.9 -99.9 -99.9 -99.9 -99.9 -99.9 -99.9 -99.9 -99.9 -99.9 -99.9 0.0917136818170547 0.0725083276629448 0.0402620211243629 0.0336747169494629 0.070082813501358 0.16448312997818 0.0831726044416428 0.0637137964367867 0.108860559761524 0.128330424427986 0.0746119543910027 0.163113817572594 0.0983235463500023 0.0462617948651314 0.395647943019867 0.405301660299301 0.650632977485657 0.58189982175827 0.486328661441803 0.514454543590546 0.238657206296921 0.17447304725647 0.0790488794445992 0.186280369758606
0 0 0.00701652513816953 0.0229265280067921 0.0831778421998024 0.145369812846184 0.0269489418715239 0.00486320722848177 0.0376534573733807 0 0 -99.9 -99.9 -99.9 -99.9 0 0.255946308374405 0.0763268321752548 0.0206520520150661 0 -99.9 0 0.0890586674213409 0 -99.9 -99.9 -99.9 -99.9 -99.9 -99.9 -99.9 -99.9 -99.9 -99.9 -99.9 -99.9 -99.9 -99.9 -99.9 -99.9 0 0 -99.9 -99.9 -99.9 -99.9 -99.9 -99.9 -99.9 -99.9 -99.9 -99.9 -99.9 -99.9 -99.9 -99.9 0 0.530503630638123 0.519156157970428 0.579325258731842 0.52685809135437 0.383986502885818 0.196801751852036 0.0805922523140907 0.239553943276405
0 0 0 0.0128550687804818 0.0341619923710823 0.0255432799458504 0.00819831062108278 0.00326123856939375 0.00368756568059325 0.00088377995416522 -99.9 -99.9 -99.9 -99.9 0 0.241639450192451 0.115747027099133 0 -99.9 0 -99.9 -99.9 0 0 -99.9 -99.9 -99.9 -99.9 -99.9 -99.9 -99.9 -99.9 -99.9 -99.9 -99.9 -99.9 -99.9 -99.9 -99.9 -99.9 -99.9 -99.9 -99.9 -99.9 -99.9 -99.9 -99.9 -99.9 -99.9 -99.9 -99.9 -99.9 -99.9 -99.9 -99.9 -99.9 -99.9 0.706759572029114 0.687082469463348 0.755554795265198 0.570386528968811 0.352565228939056 0.459979712963104 0.147085800766945 0.237994372844696
0.000394612521631643 0.00180437020026147 0.00794666726142168 0.0145450327545404 0.0088943112641573 0.00674525555223227 0.00598275428637862 0.00113826780579984 0.000538648397196084 8.49475982249714e-05 0.0258919708430767 -99.9 -99.9 0 0.176269218325615 0.11213793605566 0 -99.9 -99.9 -99.9 -99.9 -99.9 -99.9 0 -99.9 -99.9 -99.9 -99.9 -99.9 -99.9 -99.9 -99.9 -99.9 -99.9 -99.9 -99.9 -99.9 -99.9 -99.9 -99.9 -99.9 -99.9 -99.9 -99.9 -99.9 -99.9 -99.9 -99.9 -99.9 -99.9 -99.9 -99.9 -99.9 -99.9 -99.9 -99.9 -99.9 0.703904032707214 0.705699563026428 0.759090542793274 0.352599054574966 0.573614478111267 0.505834758281708 0.124492399394512 0.0943907871842384
0.00949592515826225 0.0128161823377013 0.00664103217422962 0.00550147006288171 0.00324000138789415 0.00964958127588034 0.011934625916183 0.00377002567984164 0.000321550818625838 0.000647403358016163 0.0378522239625454 -99.9 -99.9 0 0.205333665013313 0.186489224433899 0.180586844682693 0 0 -99.9 -99.9 -99.9 -99.9 -99.9 -99.9 -99.9 -99.9 -99.9 -99.9 -99.9 -99.9 -99.9 -99.9 -99.9 -99.9 -99.9 -99.9 -99.9 -99.9 -99.9 -99.9 -99.9 -99.9 -99.9 -99.9 -99.9 -99.9 -99.9 -99.9 -99.9 -99.9 -99.9 -99.9 -99.9 -99.9 -99.9 0.629890322685242 0.476725697517395 0.704753935337067 0.73822957277298 0.579602360725403 0.485789090394974 0.303777754306793 0.159354135394096 0.0587470643222332
0.0820512399077415 0.041764285415411 0.00238494854420424 0.00123555585741997 0.00543841859325767 0.0150830773636699 0.0133282328024507 0.00605543842539191 0.000454013614216819 0.00473466981202364 0.0540509633719921 0 -99.9 0 0.279206722974777 0.282763242721558 0.277194708585739 0.11018618196249 0.346972078084946 0 -99.9 -99.9 -99.9 -99.9 -99.9 -99.9 -99.9 -99.9 -99.9 -99.9 -99.9 -99.9 -99.9 -99.9 -99.9 -99.9 -99.9 -99.9 -99.9 -99.9 -99.9 -99.9 -99.9 -99.9 -99.9 -99.9 -99.9 -99.9 -99.9 -99.9 -99.9 -99.9 -99.9 -99.9 -99.9 0.750557899475098 0.647769629955292 0.567657351493835 0.518289148807526 0.591062366962433 0.596138000488281 0.380372732877731 0.301032602787018 0.263551384210587 0.185545712709427
0.0188112575560808 0.00676751043647528 0.000308205228066072 0 0.00202401448041201 0.0170468762516975 0.00860761757940054 0.000880619860254228 0.000327174464473501 7.06197261024499e-06 0 -99.9 -99.9 0 0.287929594516754 0.444080322980881 0.447779178619385 0.118693813681602 -99.9 0 -99.9 0 0 -99.9 -99.9 -99.9 -99.9 -99.9 -99.9 -99.9 -99.9 -99.9 -99.9 -99.9 -99.9 -99.9 -99.9 -99.9 -99.9 -99.9 -99.9 -99.9 -99.9 -99.9 -99.9 -99.9 -99.9 -99.9 -99.9 -99.9 -99.9 -99.9 -99.9 -99.9 0 0.596968412399292 0.426669299602509 0.323939710855484 0.407446891069412 0.526539027690887 0.0816004797816277 0.0759565755724907 0.135061025619507 0.0325351916253567 0.145709335803986
0.000897793506737798 0.00241604656912386 0.00144203589297831 0.00144444836769253 0.00137916253879666 0.00684947799891233 0.0965854898095131 0.130750089883804 0.00356977549381554 0.181943446397781 -99.9 -99.9 0 0.483859211206436 0.334378868341446 0.40123125910759 0.279939949512482 0.39031845331192 0 0 -99.9 -99.9 0 0 -99.9 -99.9 -99.9 -99.9 -99.9 -99.9 -99.9 -99.9 -99.9 -99.9 -99.9 -99.9 -99.9 -99.9 -99.9 -99.9 -99.9 -99.9 -99.9 -99.9 -99.9 -99.9 -99.9 -99.9 -99.9 -99.9 -99.9 -99.9 -99.9 -99.9 0.369674175977707 0.489319711923599 0.423518806695938 0.416108131408691 0.505783140659332 0.565364480018616 0.466069996356964 0.34625118970871 0.301451176404953 0.461109757423401 0.430412232875824
0.0025578944478184 0.00702305603772402 0.0202349461615086 0.00161954329814762 0.00146589451469481 0.00715126888826489 0.024691317230463 0.04621721804142 0.355578660964966 0 0 0.439514011144638 0.30590832233429 0.311171293258667 0.545384466648102 0.241375342011452 0.171751171350479 0.204584345221519 0 0.0736635997891426 0 0 0 0 -99.9 -99.9 -99.9 -99.9 -99.9 -99.9 -99.9 -99.9 -99.9 -99.9 -99.9 -99.9 -99.9 -99.9 -99.9 -99.9 -99.9 -99.9 -99.9 -99.9 -99.9 -99.9 -99.9 -99.9 -99.9 -99.9 -99.9 -99.9 -99.9 0 0.499932646751404 0.572781145572662 0.459501624107361 0.4216049015522 0.361908137798309 0.404859781265259 0.43646627664566 0.459406852722168 0.388528794050217 0.447918355464935 0.44631889462471
0.001986418152228 0.0484207719564438 0.101029597222805 0.052439246326685 0.00685879122465849 0.0340202338993549 0.0259180944412947 0.0297673419117928 0.304725050926208 0.649184226989746 0.0876725539565086 0.182645723223686 0.437511920928955 0.267714321613312 0.231838271021843 0.357714295387268 0.0872967392206192 0.0421900376677513 0 0 0.123383037745953 -99.9 -99.9 -99.9 -99.9 -99.9 -99.9 -99.9 -99.9 -99.9 -99.9 -99.9 -99.9 -99.9 -99.9 -99.9 -99.9 -99.9 -99.9 -99.9 -99.9 -99.9 -99.9 -99.9 -99.9 -99.9 -99.9 -99.9 -99.9 -99.9 -99.9 -99.9 0.158417463302612 0.216132059693336 0.266170650720596 0.42582380771637 0.152230352163315 0.00556251825764775 0.168900668621063 0.00366655108518898 0.0676937699317932 0.232850730419159 0.292579531669617 0.415133148431778 0.224500596523285
0.00109050853643566 0.0180381797254086 0.0703974217176437 0.0375690646469593 0.020759254693985 0.0415267311036587 0.0401001982390881 0.0734281614422798 0.439042270183563 0.11360701918602 0.0456127524375916 0.14745058119297 0.430383771657944 0.231661453843117 0.452902734279633 -99.9 -99.9 -99.9 0 0.319431960582733 -99.9 -99.9 -99.9 -99.9 -99.9 -99.9 -99.9 -99.9 -99.9 -99.9 -99.9 -99.9 -99.9 -99.9 -99.9 -99.9 -99.9 -99.9 -99.9 -99.9 -99.9 -99.9 -99.9 -99.9 -99.9 -99.9 -99.9 -99.9 -99.9 -99.9 -99.9 0 0.201792970299721 0.159528106451035 0.199378460645676 0.409074991941452 0.0843676403164864 0.109483376145363 0.190995812416077 0.00342427683062851 0.0655017197132111 0.190257698297501 0.166694521903992 0.291565388441086 0.196803897619247
0.00166874669957906 0.0104261795058846 0.0174964107573032 0.0123363984748721 0.0621496513485909 0.106289081275463 0.0652595460414886 0.0119314435869455 0.00331422104500234 0.0157594718039036 0.181922614574432 0.425157696008682 0.518141984939575 0.482300013303757 0.706252992153168 -99.9 0 0.164001971483231 0.207123905420303 0 0 -99.9 -99.9 -99.9 -99.9 -99.9 -99.9 -99.9 -99.9 -99.9 -99.9 -99.9 -99.9 -99.9 -99.9 -99.9 -99.9 -99.9 -99.9 -99.9 -99.9 -99.9 -99.9 -99.9 -99.9 -99.9 -99.9 -99.9 -99.9 -99.9 0.108875155448914 0.154696077108383 0.121099002659321 0.106481045484543 0.127763822674751 0.237221792340279 0.276450008153915 0.191512495279312 0.215998783707619 0.186658978462219 0.224220290780067 0.189003884792328 0.0031026448123157 0.0393251664936543 0.0401193462312222
0.000699288735631853 0.00354908453300595 0.00926024653017521 0.00637819990515709 0.017099317163229 0.056433729827404 0.109109841287136 0.0546681508421898 0.00522556435316801 0.000567522773053497 0.010480641387403 0.389605164527893 0.419485718011856 0.819680571556091 0.327000647783279 0.10249736905098 0.0929078906774521 0.533460080623627 0.417153745889664 -99.9 -99.9 -99.9 -99.9 -99.9 -99.9 -99.9 -99.9 -99.9 -99.9 -99.9 -99.9 -99.9 -99.9 -99.9 -99.9 -99.9 -99.9 -99.9 -99.9 -99.9 -99.9 -99.9 -99.9 -99.9 -99.9 -99.9 -99.9 -99.9 -99.9 -99.9 0 0.0846669599413872 0.0429266169667244 0.0909299999475479 0.0745153799653053 0.0608833320438862 0.00298967934213579 0.055225919932127 0.221147552132607 0.196368202567101 0.193597972393036 0.163782507181168 0.0703620836138725 0.20038041472435 0.135187864303589
0.000951309921219945 0.000570403586607426 0.00428192550316453 0.0060473969206214 0.00408202409744263 0.0120039544999599 0.0340411849319935 0.000752563879359514 0.00154833542183042 0.00706791039556265 0.00584486266598105 0.00417567091062665 0.0036299480125308 0.0057309465482831 0.008459004573524 0.0158998817205429 0.0164066385477781 0.327982127666473 0.0214475523680449 0.124118082225323 0.104800455272198 0 0.166221052408218 0.0411321111023426 0 -99.9 -99.9 -99.9 -99.9 -99.9 -99.9 -99.9 -99.9 -99.9 -99.9 -99.9 -99.9 -99.9 -99.9 -99.9 -99.9 -99.9 -99.9 -99.9 -99.9 -99.9 -99.9 -99.9 -99.9 0 -99.9 0.20577497780323 0.127239897847176 0.0370361506938934 0.0205932911485434 0.0634129270911217 0.0907046124339104 0.100571900606155 0.164158642292023 0.129370391368866 0.179258719086647 0.101342372596264 0.198233157396317 0.230515763163567 0.0688630342483521
0.000494815001729876 0.0014497471274808 0.00195904518477619 0.000426373590016738 0 0.0014372622827068 0.00177879014518112 0.0010120659135282 0.000283720437437296 0.00203519477508962 0.00478903017938137 0.00327756651677191 0.0032857593614608 0.00257439422421157 0.00395288225263357 0.0173106100410223 0.111362904310226 0.00807164888828993 0.00788825284689665 0.029207494109869 -99.9 -99.9 0.0558204352855682 -99.9 -99.9 -99.9 -99.9 -99.9 -99.9 -99.9 -99.9 -99.9 -99.9 -99.9 -99.9 -99.9 -99.9 -99.9 -99.9 -99.9 -99.9 -99.9 -99.9 -99.9 -99.9 -99.9 0.585904896259308 -99.9 -99.9 -99.9 -99.9 0.0843825116753578 0.0805100724101067 0.129497289657593 0.120162464678288 0.147295355796814 0.0108115617185831 0.310778766870499 0.473686635494232 0.36185747385025 0.396361291408539 0.444168657064438 0.381315112113953 0.0656422823667526 0.118102170526981
0.000567103852517903 0.0014280651230365 0.000796701468061656 7.41851254133508e-05 0 0 0 0 0 0 0.000531127909198403 0.00252933893352747 0.00216104183346033 0.00216106325387955 0.00349699496291578 0.302477777004242 0.497382521629333 0.41339448094368 0.259461939334869 0.250093519687653 -99.9 -99.9 -99.9 -99.9 -99.9 -99.9 -99.9 -99.9 -99.9 -99.9 -99.9 -99.9 -99.9 -99.9 -99.9 -99.9 -99.9 -99.9 -99.9 -99.9 -99.9 -99.9 -99.9 -99.9 -99.9 -99.9 -99.9 -99.9 -99.9 -99.9 -99.9 -99.9 -99.9 -99.9 0 0.383374184370041 0.22434239089489 0.215800747275352 0.224990621209145 0.212432518601418 0.182370886206627 0.121048785746098 0.194812297821045 0.435075372457504 0.760320007801056
0.000683408055920154 0.00151401048060507 0.000902632367797196 0.000371134025044739 0 0 0 0 2.24731729758787e-06 0 0.00102565670385957 0.00215525971725583 0.0452722273766994 0.104356229305267 0.473862141370773 0.434327244758606 0.462675184011459 0.765331268310547 0.422861516475677 -99.9 -99.9 -99.9 -99.9 -99.9 0.508187532424927 0 -99.9 -99.9 -99.9 0 -99.9 -99.9 -99.9 -99.9 -99.9 -99.9 -99.9 -99.9 -99.9 -99.9 -99.9 -99.9 -99.9 -99.9 -99.9 -99.9 -99.9 -99.9 -99.9 -99.9 -99.9 -99.9 -99.9 -99.9 -99.9 0 0.167941555380821 0.172221094369888 0.450492560863495 0.243485733866692 0.185384154319763 0.18154738843441 0.322734177112579 0.147684663534164 0.107164308428764
