fish_book/data/sediment/disturbance/June.asc
NCOLS 207
NROWS 150
XLLCORNER -17
YLLCORNER 44
CELLSIZE 0.125
NODATA_VALUE -99.9
[rows 28 to 55 of 150, columns 65 to 129 of 207]
-99.9 -99.9 -99.9 -99.9 -99.9 -99.9 -99.9 -99.9 -99.9 -99.9 -99.9 -99.9 0.0764895379543304 0.0222963206470013 0.0722300410270691 0.0184473544359207 0.0175976920872927 0.00954431388527155 0.00772057799622416 0.0041273906826973 0.00232484634034336 0.000836122431792319 0.000910041097085923 0.000891151023097336 0 0.000509187870193273 0.001335863256827 0.000640326528809965 0.00304313143715262 0.00267978687770665 0.00176923209801316 0.00107520166784525 0.00362360686995089 0.00589301763102412 0.00165101268794388 0.00117739732377231 0.0946806818246841 0.00407000351697206 0.00750214839354157 0.00714898575097322 0.0583992078900337 0.0349945798516273 0.0103132557123899 0.00154663319699466 0 0 -99.9 0 -99.9 -99.9 -99.9 0.554270386695862 0.531811833381653 0.297975659370422 0.275846183300018 0.388158529996872 0.323983579874039 0.0291749127209187 0.00140619045123458 0.00247430452145636 0.00234637828543782 0.0120887774974108 0.0372905768454075 0.0838360637426376 0.0815995410084724
-99.9 -99.9 -99.9 -99.9 -99.9 -99.9 -99.9 -99.9 -99.9 -99.9 -99.9 0.0349901393055916 0.0579348206520081 0.0948298126459122 0.00577372359111905 0.0128018753603101 0.0115742888301611 0.00327422725968063 0.00340588157996535 0.00534086488187313 0.000782735005486757 0.562546670436859 0.00122261885553598 0.000525957846548408 0.000553960970137268 0.0007174804341048 0.000956545234657824 0.00327438511885703 0.00328240823000669 0.00135499064344913 0.000654854287859052 0.000372058304492384 0.00155594130046666 0.00314504862762988 0.00148324738256633 0.229038313031197 0.31766402721405 0.000464374315924942 0.000815888633951545 0.00291902292519808 0.0142367389053106 0.0212815329432487 0.00651611294597387 0.000204185053007677 -99.9 -99.9 -99.9 -99.9 -99.9 0 -99.9 0.525011837482452 0.411426961421967 0.435477256774902 0.412457197904587 0.433636546134949 0.36776676774025 0.0660139992833138 0.00404972163960338 0.0122452583163977 0.0136644337326288 0.0445075556635857 0.0986742898821831 0.152634218335152 0.109667062759399
-99.9 -99.9 -99.9 -99.9 -99.9 -99.9 -99.9 -99.9 -99.9 -99.9 0.0392414666712284 0.00227383431047201 0.00157185015268624 0.00398227851837873 0.00792627036571503 0.0152256367728114 0.00974463205784559 0.00460073119029403 0.00195556762628257 0.0330173149704933 0.0015438242116943 0.00143163662869483 0.00488220853731036 0.00225114729255438 0.00149053672794253 0.00143518333788961 0.00223297323100269 0.00232831295579672 0.0023179214913398 0.000985292252153158 0.000396611081669107 0.190592288970947 0.000492621038574725 0.00110964325722307 0.0007720707799308 0.000513841863721609 0.000156766400323249 7.181574619608e-05 0.0369175188243389 0.00129817333072424 0.00502305431291461 0.0246123690158129 0.00512738851830363 0 -99.9 -99.9 -99.9 -99.9 -99.9 -99.9 0.0579479709267616 0.0037161682266742 0.0993116870522499 0.0341784581542015 0.100319817662239 0.00336532574146986 0.00699354149401188 0.00991582591086626 0.0132659738883376 0.0386422760784626 0.0492245107889175 0.07220359146595 0.110001914203167 0.155726477503777 0.174410879611969
-99.9 -99.9 -99.9 -99.9 -99.9 -99.9 -99.9 -99.9 -99.9 0.00448189908638597 0.00315383402630687 0.00167799298651516 0.00036506011383608 0.00282353721559048 0.00939452275633812 0.0124257942661643 0.00264853076077998 0.00521424366161227 0.00380416354164481 0.00177987071219832 0.00271688215434551 0.0104469517245889 0.0174498073756695 0.0106447441503406 0.00927114859223366 0.00293056201189756 0.002990597859025 0.00239357003010809 0.0290183182805777 0.0314820669591427 0.000967819301877171 0.285117238759995 0.231027856469154 0.142759948968887 0.109048880636692 0.0911193266510963 0.063830129802227 0.000424281315645203 0.102038204669952 0.00451285298913717 0.00897784437984228 0.00358491204679012 0.44311597943306 0.772006511688232 -99.9 -99.9 0 -99.9 0.0151281859725714 0.00465983478352427 0.198189541697502 0.00743345450609922 0.00825665518641472 0.00581303518265486 0.00717280805110931 0.0152407540008426 0.0672477260231972 0.0990395620465279 0.0551527328789234 0.101104646921158 0.0884743854403496 0.0958387479186058 0.0956142470240593 0.165188148617744 0.222290962934494
-99.9 -99.9 -99.9 -99.9 -99.9 0 0 0 0.00607633171603084 0.00124662835150957 0.00231838063336909 0.00183199951425195 0.000291582109639421 0.000410988199291751 0.00109918753150851 0.000874110555741936 0.000449054059572518 0.00509535986930132 0.00597882876172662 0.00228997529484332 0.135474979877472 0.350671321153641 0.431834757328033 0.0202479660511017 0.0174432676285505 0.0114210871979594 0.00487656239420176 0.242826372385025 0.407622575759888 0.488644301891327 0 0 0.487501680850983 0.171369403600693 0.514892280101776 0.465407907962799 0.293153494596481 0.343336224555969 0.192007809877396 0.195141851902008 0.213393434882164 0.438131362199783 0 0 0 0 0 0 0.732564985752106 0.332664340734482 0.126890078186989 0.00755288871005177 0.00764647452160716 0.00609333300963044 0.0114565752446651 0.0172735601663589 0.0567079335451126 0.0734130144119263 0.148785173892975 0.211623817682266 0.189882203936577 0.129646927118301 0.16603447496891 0.211995273828506 0.246796831488609
-99.9 0 0 0 0 0.00630977656692266 0.00242970767430961 0.00134792306926101 0.00155935948714614 0.0013564060209319 0.00124308606609702 0.00152196770068258 0.00039794878102839 0.000471655977889895 0.000800805282779038 0.000846266048029065 0.000376856041839346 0.00244886544533074 0.00198716996237636 0.0777070000767708 0 0 0.409373730421066 0.0164573043584824 0.0119681619107723 0.0152746792882681 0.0356675609946251 0.0841678082942963 0.113716326653957 0.386241346597672 -99.9 -99.9 -99.9 -99.9 -99.9 -99.9 0 -99.9 -99.9 -99.9 -99.9 -99.9 -99.9 -99.9 -99.9 -99.9 -99.9 0.580236077308655 0.817988872528076 0.722660601139069 0.444549083709717 0.0193029418587685 0.0070605119690299 0.010466399602592 0.0224151946604252 0.0881101861596107 0.175998747348785 0.177337661385536 0.307321548461914 0.256600946187973 0.150336191058159 0.101769842207432 0.116967506706715 0.18253031373024 0.288127958774567
0 0 0 0.00179798784665763 0.00172050064429641 0.000799106317572296 0.00144904339686036 0.0012798075331375 0.000798590306658298 0.000473228574264795 0.000862259301356971 0.00116582389455289 0.000621877145022154 0.00122685171663761 0.000944250088650733 0.000127553852507845 0.00221622199751437 0.0225788597017527 0 -99.9 -99.9 -99.9 0.625451266765594 0.051629863679409 0.0319924056529999 0.0460876412689686 0.0552914701402187 0.0254849903285503 0.020177349448204 0 -99.9 -99.9 -99.9 -99.9 -99.9 -99.9 -99.9 -99.9 -99.9 -99.9 -99.9 -99.9 -99.9 -99.9 -99.9 -99.9 -99.9 0.384282231330872 0.419829100370407 0.636854708194733 0.643099367618561 0.0727953314781189 0.0171306058764458 0.0491317100822926 0.0464620739221573 0.0775575190782547 0.152553215622902 0.242862597107887 0.269582062959671 0.195566117763519 0.0769053399562836 0.0520502217113972 0.0304785016924143 0.0847131311893463 0.258023023605347
0.0226326901465654 0.013945646584034 0.00443758303299546 0.00464048516005278 0.0020415976177901 0.000733884575311095 0.00171651039272547 0.000431430118624121 0.000382091093342751 0.0641854405403137 0.000832230900414288 0.000523724884260446 0.000452673411928117 0.00175655668135732 0.00130637548863888 0 0 -99.9 -99.9 -99.9 -99.9 -99.9 0.100456364452839 0.24621769785881 0.105291314423084 0.095860980451107 0.0610762238502502 0 0 -99.9 -99.9 -99.9 -99.9 -99.9 -99.9 -99.9 -99.9 -99.9 -99.9 -99.9 -99.9 -99.9 -99.9 -99.9 -99.9 -99.9 0 0.00484516937285662 0.20279061794281 0.010042573325336 0.00402961717918515 0.00415545841678977 0.00729757966473699 0.0283718500286341 0.088228352367878 0.143924251198769 0.160182610154152 0.268172442913055 0.140979290008545 0.089246578514576 0.0164996217936277 0.0145125417038798 0.0314612574875355 0.087118849158287 0.227314457297325
0.00474766083061695 0.0025992535520345 0.00311148329637945 0.00423933146521449 0.00200265739113092 0.000980048440396786 0.00144099735189229 0.000554304569959641 0.000313565513351932 0.00034536313614808 0.00034724676515907 0.000420026481151581 0.00313145807012916 0.00352645362727344 -99.9 -99.9 -99.9 -99.9 -99.9 -99.9 -99.9 0 0.577960252761841 0.317828625440598 0.246131345629692 0.171605661511421 0.144602373242378 0 -99.9 -99.9 -99.9 -99.9 -99.9 -99.9 -99.9 -99.9 -99.9 -99.9 -99.9 -99.9 -99.9 -99.9 -99.9 0 0.00606849929317832 0.0171721652150154 0.017559539526701 0.00220084912143648 0.00131409137975425 0.00661276746541262 0.0116710644215345 0.00621197419241071 0.0273400340229273 0.0253955833613873 0.0267178472131491 0.0516249872744083 0.077970378100872 0.0800116211175919 0.106561616063118 0.103462152183056 0.042192418128252 0.0616777688264847 0.154887065291405 0.264698773622513 0.294148147106171
0.00267166690900922 0.00178853259421885 0.0197675600647926 0.00602821726351976 0.0182624515146017 0.0144868651404977 0.00195433502085507 0.00103319564368576 0.000447766593424603 0.000228507808060385 0.000284866313450038 0.000760424125473946 0.00338201108388603 0 -99.9 -99.9 -99.9 -99.9 -99.9 -99.9 0 0.304125130176544 0.215628862380981 0.174416974186897 0.135333836078644 0.201594159007072 0.113749749958515 -99.9 -99.9 -99.9 -99.9 -99.9 -99.9 -99.9 -99.9 -99.9 -99.9 -99.9 -99.9 -99.9 -99.9 -99.9 0.00598565861582756 0.00717809749767184 0.0221832115203142 0.0164405610412359 0.00502418773248792 0.00174840143881738 0.0130625078454614 0.0232855323702097 0.0252150297164917 0.00603799754753709 0.0124017251655459 0.0188693944364786 0.0113826021552086 0.0187486354261637 0.0512354783713818 0.157638758420944 0.0369982309639454 0.04960036277771 0.0328210219740868 0.038076788187027 0.11995404958725 0.269536048173904 0.202607944607735
0.00276062847115099 0.00481589557603002 0.105052009224892 0 0.0768311247229576 0.0852085724473 0.0056168008595705 0.00234213820658624 0.000913806608878076 0.00107452727388591 0.00142133014742285 0.122986368834972 0.0110085029155016 0.0318245254456997 -99.9 -99.9 -99.9 -99.9 -99.9 0 0 0.269721120595932 0.0838645249605179 0.118720769882202 0.546658217906952 0 0 0 -99.9 -99.9 -99.9 -99.9 -99.9 -99.9 -99.9 -99.9 -99.9 -99.9 -99.9 -99.9 0 0.035216186195612 0.00424998020753264 0.00604473287239671 0.0142171904444695 0.00347800669260323 0 0 0 0 0.00962963327765465 0.0155277913436294 0.0346283316612244 0.0280740633606911 0.0463952347636223 0.195309102535248 0.0531221367418766 0.0801692605018616 0.0107385255396366 0.00521174119785428 0.174008324742317 0.343940675258636 0.276095062494278 0.0977525264024734 0.0621737278997898
0.00375257385894656 0 -99.9 0 0.0740559473633766 0.221423670649529 0.0343086048960686 0.00589299201965332 0.00479249889031053 0.00554416980594397 0.0046983677893877 0.0762409269809723 -99.9 -99.9 -99.9 -99.9 -99.9 0 0.652840375900269 0.701583027839661 0.459633469581604 0.186071649193764 0.151009127497673 0.292109817266464 -99.9 -99.9 -99.9 -99.9 -99.9 -99.9 -99.9 -99.9 -99.9 -99.9 -99.9 -99.9 -99.9 -99.9 -99.9 -99.9 -99.9 0.0917136818170547 0.071357399225235 0.0320031456649303 0.0313174873590469 0.0724189057946205 0.162883996963501 0.0859450176358223 0.063094362616539 0.112489245831966 0.119347289204597 0.0513993464410305 0.157314226031303 0.0967628508806229 0.0460965745151043 0.305274158716202 0.415184825658798 0.671360731124878 0.574088096618652 0.440707832574844 0.401815921068192 0.0840867757797241 0.0158866867423058 0.0156857799738646 0.0946129038929939
0 0 0 0.0253829415887594 0.0859504342079163 0.157368585467339 0.0348090492188931 0.00486320722848177 0.104522049427032 0 0 -99.9 -99.9 -99.9 -99.9 0 0.255946308374405 0.0763268321752548 0.0206520520150661 0 -99.9 0 0.0552163757383823 0 -99.9 -99.9 -99.9 -99.9 -99.9 -99.9 -99.9 -99.9 -99.9 -99.9 -99.9 -99.9 -99.9 -99.9 -99.9 -99.9 0 0 -99.9 -99.9 -99.9 -99.9 -99.9 -99.9 -99.9 -99.9 -99.9 -99.9 -99.9 -99.9 -99.9 -99.9 0 0.547982811927795 0.536295592784882 0.597754538059235 0.481483519077301 0.27613952755928 0.0731364265084267 0.0160678084939718 0.0879610255360603
0 0 0 0.0116231245920062 0.0300056170672178 0.0294402670115232 0.00819831062108278 0.00326123856939375 0.00368756568059325 0.00088377995416522 -99.9 -99.9 -99.9 -99.9 0 0.157991677522659 0.115747027099133 0 -99.9 0 -99.9 -99.9 0 0 -99.9 -99.9 -99.9 -99.9 -99.9 -99.9 -99.9 -99.9 -99.9 -99.9 -99.9 -99.9 -99.9 -99.9 -99.9 -99.9 -99.9 -99.9 -99.9 -99.9 -99.9 -99.9 -99.9 -99.9 -99.9 -99.9 -99.9 -99.9 -99.9 -99.9 -99.9 -99.9 -99.9 0.730192244052887 0.680489897727966 0.750916004180908 0.588993966579437 0.299399822950363 0.409685403108597 0.0203080512583256 0.123529247939587
0.000203883129870519 0.000466128956759349 0.00903271231800318 0.0200398229062557 0.0102512640878558 0.00652041379362345 0.0059690005145967 0.00150293507613242 0.000660966441500932 9.57591109909117e-05 0.049514826387167 -99.9 -99.9 0 0.182144865393639 0.11213793605566 0 -99.9 -99.9 -99.9 -99.9 -99.9 -99.9 0 -99.9 -99.9 -99.9 -99.9 -99.9 -99.9 -99.9 -99.9 -99.9 -99.9 -99.9 -99.9 -99.9 -99.9 -99.9 -99.9 -99.9 -99.9 -99.9 -99.9 -99.9 -99.9 -99.9 -99.9 -99.9 -99.9 -99.9 -99.9 -99.9 -99.9 -99.9 -99.9 -99.9 0.757015883922577 0.728935360908508 0.751831889152527 0.364144682884216 0.624615490436554 0.553950309753418 0.00536248041316867 0.00417447276413441
0.00981245562434196 0.0147148761898279 0.0102936001494527 0.00730909593403339 0.00393882533535361 0.00902159325778484 0.0101876733824611 0.00449503073468804 0.000470714672701433 0.000668983499053866 0.0613605715334415 -99.9 -99.9 0 0.205105528235435 0.186489224433899 0.131499111652374 0 0 -99.9 -99.9 -99.9 -99.9 -99.9 -99.9 -99.9 -99.9 -99.9 -99.9 -99.9 -99.9 -99.9 -99.9 -99.9 -99.9 -99.9 -99.9 -99.9 -99.9 -99.9 -99.9 -99.9 -99.9 -99.9 -99.9 -99.9 -99.9 -99.9 -99.9 -99.9 -99.9 -99.9 -99.9 -99.9 -99.9 -99.9 0.618791580200195 0.492397725582123 0.696672797203064 0.731159508228302 0.59799325466156 0.563904821872711 0.22989097237587 0.0571874715387821 0.00114008574746549
0.111281998455524 0.0660039484500885 0.00361452181823552 0.00162494310643524 0.00393378967419267 0.0119185885414481 0.0124608399346471 0.00834304839372635 0.000533122045453638 0.00472940877079964 0.0712655484676361 0 -99.9 0 0.268616139888763 0.365235865116119 0.21171247959137 0.136630862951279 0.323840588331223 0 -99.9 -99.9 -99.9 -99.9 -99.9 -99.9 -99.9 -99.9 -99.9 -99.9 -99.9 -99.9 -99.9 -99.9 -99.9 -99.9 -99.9 -99.9 -99.9 -99.9 -99.9 -99.9 -99.9 -99.9 -99.9 -99.9 -99.9 -99.9 -99.9 -99.9 -99.9 -99.9 -99.9 -99.9 -99.9 0.832984268665314 0.668447911739349 0.672057151794434 0.617472350597382 0.55348151922226 0.585508048534393 0.336544930934906 0.226957768201828 0.152602970600128 0.0647096410393715
0.0259177330881357 0.0102206766605377 0.0002866308495868 0 0 0.0125822182744741 0.00790625624358654 0.000909973867237568 0.000409255066188052 7.29737166693667e-06 0 -99.9 -99.9 0 0.34215635061264 0.458883017301559 0.416434645652771 0.140285104513168 -99.9 0 -99.9 0 0 -99.9 -99.9 -99.9 -99.9 -99.9 -99.9 -99.9 -99.9 -99.9 -99.9 -99.9 -99.9 -99.9 -99.9 -99.9 -99.9 -99.9 -99.9 -99.9 -99.9 -99.9 -99.9 -99.9 -99.9 -99.9 -99.9 -99.9 -99.9 -99.9 -99.9 -99.9 0 0.555523276329041 0.471101194620132 0.272484868764877 0.358888119459152 0.512560963630676 0.0029806571546942 0.00285963481292129 0.0581362098455429 0.0057978518307209 0.0617579333484173
0.000993985682725906 0.00315357651561499 0.00183397380169481 0.00223889481276274 0.00142513460014015 0.0061340881511569 0.109785512089729 0.156725764274597 0.00356977549381554 0.219310730695724 -99.9 -99.9 0 0.541653513908386 0.397353559732437 0.414605617523193 0.245680436491966 0.403908133506775 0.075313463807106 0 -99.9 -99.9 0 0 -99.9 -99.9 -99.9 -99.9 -99.9 -99.9 -99.9 -99.9 -99.9 -99.9 -99.9 -99.9 -99.9 -99.9 -99.9 -99.9 -99.9 -99.9 -99.9 -99.9 -99.9 -99.9 -99.9 -99.9 -99.9 -99.9 -99.9 -99.9 -99.9 -99.9 0.325943946838379 0.505328357219696 0.436621487140656 0.459405422210693 0.553686678409576 0.552280306816101 0.5122931599617 0.302591532468796 0.250462979078293 0.444851934909821 0.286447018384933
0.0025578944478184 0.00809452217072248 0.0275124255567789 0.00239075440913439 0.0019475455628708 0.00788228772580624 0.0299516413360834 0.0477577932178974 0.341214865446091 0 0 0.496137589216232 0.331157892942429 0.321543663740158 0.586106538772583 0.268607437610626 0.221845269203186 0.249840870499611 0 0.0706819742918015 0 0 0 0 -99.9 -99.9 -99.9 -99.9 -99.9 -99.9 -99.9 -99.9 -99.9 -99.9 -99.9 -99.9 -99.9 -99.9 -99.9 -99.9 -99.9 -99.9 -99.9 -99.9 -99.9 -99.9 -99.9 -99.9 -99.9 -99.9 -99.9 -99.9 -99.9 0 0.516084372997284 0.591339111328125 0.503771185874939 0.491689294576645 0.312369614839554 0.418264120817184 0.450560033321381 0.443666845560074 0.303063958883286 0.364446341991425 0.363339841365814
0.001986418152228 0.0484207719564438 0.114836975932121 0.0508005172014236 0.00837603956460953 0.0401762723922729 0.0334775373339653 0.00288860709406435 0.31433168053627 0.719802856445312 0.0871105492115021 0.188733905553818 0.355302959680557 0.30430194735527 0.254539102315903 0.383854955434799 0.0933172032237053 0.0435963720083237 0 0 0.125729739665985 -99.9 -99.9 -99.9 -99.9 -99.9 -99.9 -99.9 -99.9 -99.9 -99.9 -99.9 -99.9 -99.9 -99.9 -99.9 -99.9 -99.9 -99.9 -99.9 -99.9 -99.9 -99.9 -99.9 -99.9 -99.9 -99.9 -99.9 -99.9 -99.9 -99.9 -99.9 0.1005869358778 0.216132059693336 0.245890602469444 0.439819097518921 0.0598397850990295 0.00556251825764775 0.0621818676590919 0.00366655108518898 0.00658753095194697 0.240021288394928 0.269203454256058 0.297836512327194 0.13381415605545
0.00134149857331067 0.0210706852376461 0.077023059129715 0.00647022761404514 0 0.0429109558463097 0.0591955296695232 0.0141985109075904 0.231685891747475 0.127176746726036 0.0542031526565552 0.166217029094696 0.253432720899582 0.272229701280594 0.60370922088623 -99.9 -99.9 -99.9 0 0.391493558883667 -99.9 -99.9 -99.9 -99.9 -99.9 -99.9 -99.9 -99.9 -99.9 -99.9 -99.9 -99.9 -99.9 -99.9 -99.9 -99.9 -99.9 -99.9 -99.9 -99.9 -99.9 -99.9 -99.9 -99.9 -99.9 -99.9 -99.9 -99.9 -99.9 -99.9 -99.9 0 0.109304547309875 0.0842601284384727 0.122293137013912 0.450383991003036 0.00596241978928447 0.00521447276696563 0.114200115203857 0.00342427683062851 0.00344484345987439 0.0722052156925201 0.0884675979614258 0.235179960727692 0.103784151375294
0.00202867249026895 0.0114470757544041 0.0219538304954767 0.0152971344068646 0.0642213076353073 0.130425557494164 0.0722516402602196 0.00410971930250525 0.00256852130405605 0.0162847861647606 0.0256779100745916 0.493171513080597 0.565289676189423 0.417911678552628 0.72172737121582 -99.9 0 0.164001971483231 0.206647753715515 0 0 -99.9 -99.9 -99.9 -99.9 -99.9 -99.9 -99.9 -99.9 -99.9 -99.9 -99.9 -99.9 -99.9 -99.9 -99.9 -99.9 -99.9 -99.9 -99.9 -99.9 -99.9 -99.9 -99.9 -99.9 -99.9 -99.9 -99.9 -99.9 -99.9 0.0475444048643112 0.0696826949715614 0.0430816300213337 0.0155254071578383 0.070707231760025 0.182255834341049 0.223940566182137 0.0859480425715446 0.223041549324989 0.0670697391033173 0.101365603506565 0.0990841090679169 0.00298495823517442 0.00711145112290978 0.00783971417695284
0.000836692866869271 0.00453030224889517 0.0119611518457532 0.00768927438184619 0.0220866184681654 0.0699778273701668 0.122996553778648 0.0605254545807838 0.00674968771636486 0 0.010829996317625 0.451967537403107 0.429751008749008 0.817937195301056 0.336678445339203 0.131013289093971 0.103685207664967 0.57763147354126 0.466466397047043 -99.9 -99.9 -99.9 -99.9 -99.9 -99.9 -99.9 -99.9 -99.9 -99.9 -99.9 -99.9 -99.9 -99.9 -99.9 -99.9 -99.9 -99.9 -99.9 -99.9 -99.9 -99.9 -99.9 -99.9 -99.9 -99.9 -99.9 -99.9 -99.9 -99.9 -99.9 0 0.084364578127861 0.0427733063697815 0.0285670701414347 0.0119835697114468 0.00461178971454501 0.00298967934213579 0.00599717115983367 0.134146079421043 0.0724249705672264 0.0692097321152687 0.00463982624933124 0.00675600208342075 0.0416051670908928 0.0077738999389112
0.00124170980416238 0.00076624215580523 0.00547814555466175 0.00771932443603873 0.00496246060356498 0.0145930424332619 0.0435511060059071 0.000867378083057702 0.0015999466413632 0.00834686495363712 0.00639496743679047 0.00446896208450198 0.0036299480125308 0.00766373611986637 0.00874097179621458 0.0164298769086599 0.0169535260647535 0.239477053284645 0.0207326337695122 0.124118082225323 0.1123046875 0 0.22083654999733 0.0425031818449497 0 -99.9 -99.9 -99.9 -99.9 -99.9 -99.9 -99.9 -99.9 -99.9 -99.9 -99.9 -99.9 -99.9 -99.9 -99.9 -99.9 -99.9 -99.9 -99.9 -99.9 -99.9 -99.9 -99.9 -99.9 0 -99.9 0.212634146213531 0.137742236256599 0.0353267900645733 0.0212797336280346 0.00503985723480582 0.00411127554252744 0.0076069631613791 0.0379123128950596 0.00309270271100104 0.063990518450737 0.00621562916785479 0.106047995388508 0.107147976756096 0.00617688475176692
0.000568120914977044 0.00165576383005828 0.0026027315761894 0 0 0.00125668314285576 0.0020778332836926 0.00117129762656987 0.000106610095826909 0.00105151731986552 0.00353476032614708 0.0027094550896436 0.0032857593614608 0.00257439422421157 0.00408464483916759 0.0193186402320862 0.0157733261585236 0.0078025939874351 0.0405236892402172 0.0281690042465925 -99.9 -99.9 0.0576811172068119 -99.9 -99.9 -99.9 -99.9 -99.9 -99.9 -99.9 -99.9 -99.9 -99.9 -99.9 -99.9 -99.9 -99.9 -99.9 -99.9 -99.9 -99.9 -99.9 -99.9 -99.9 -99.9 -99.9 0.516752779483795 -99.9 -99.9 -99.9 -99.9 0.0771342739462852 0.0875723585486412 0.0673069283366203 0.0628888159990311 0.058264747262001 0.0111719463020563 0.198390707373619 0.583624005317688 0.308532178401947 0.316195964813232 0.42635715007782 0.328946679830551 0.00618457980453968 0.00864785257726908
0.000625074491836131 0.00196755630895495 0.00133779447060078 0.000229973884415813 0 0 0 0 0 0 0 0.00228694407269359 0.00216104183346033 0.00216106325387955 0.00349699496291578 0.374397337436676 0.513738453388214 0.459880769252777 0.337794095277786 0.256884574890137 -99.9 -99.9 -99.9 -99.9 -99.9 -99.9 -99.9 -99.9 -99.9 -99.9 -99.9 -99.9 -99.9 -99.9 -99.9 -99.9 -99.9 -99.9 -99.9 -99.9 -99.9 -99.9 -99.9 -99.9 -99.9 -99.9 -99.9 -99.9 -99.9 -99.9 -99.9 -99.9 -99.9 -99.9 0 0.302585989236832 0.14007394015789 0.0948043763637543 0.1054807305336 0.126315668225288 0.100234717130661 0.00926828850060701 0.103943884372711 0.385968714952469 0.785306036472321
0.000812116544693708 0.00177307450212538 0.00116590014658868 0.000219145804294385 0 0 0 0 9.28891154217126e-07 0 0.00102329882793128 0.00215525971725583 0.00140151311643422 0.0650910660624504 0.547160625457764 0.448794424533844 0.494765996932983 0.790839791297913 0.436947107315063 -99.9 -99.9 -99.9 -99.9 -99.9 0.451909959316254 0 -99.9 -99.9 -99.9 0 -99.9 -99.9 -99.9 -99.9 -99.9 -99.9 -99.9 -99.9 -99.9 -99.9 -99.9 -99.9 -99.9 -99.9 -99.9 -99.9 -99.9 -99.9 -99.9 -99.9 -99.9 -99.9 -99.9 -99.9 -99.9 0 0.0798367485404015 0.0524583868682384 0.524280250072479 0.20002056658268 0.08735141903162 0.102349445223808 0.20862989127636 0.0734813213348389 0.018716948106885
