fish_book/data/sediment/disturbance/May.asc
NCOLS 207
NROWS 150
XLLCORNER -17
YLLCORNER 44
CELLSIZE 0.125
NODATA_VALUE -99.9
[rows 28 to 55 of 150, columns 63 to 125 of 207]
-99.9 -99.9 -99.9 -99.9 -99.9 -99.9 -99.9 -99.9 -99.9 -99.9 -99.9 -99.9 -99.9 -99.9 0.0542828999459743 0.0129462508484721 0.0699000433087349 0.0230591930449009 0.0195529907941818 0.00954431388527155 0.00772057799622416 0.00447355909273028 0.0022498513571918 0.000895845470950007 0.000914557429496199 0.000928742985706776 0 0.000545558403246105 0.00143128214403987 0.000667337793856859 0.00305823399685323 0.00267978687770665 0.00176923209801316 0.00107520166784525 0.00350671634078026 0.00614160671830177 0.0815879702568054 0.0191303268074989 0.109775573015213 0.00407000351697206 0.00751943467184901 0.00667128851637244 0.0434733554720879 0.0349945798516273 0.0103132557123899 0.00154663319699466 0 0 -99.9 0 -99.9 -99.9 -99.9 0.643531680107117 0.490191042423248 0.235992401838303 0.245401486754417 0.399038851261139 0.293067783117294 0.0540930181741714 0.00140619045123458 0.00247430452145636 0.00235478836111724
-99.9 -99.9 -99.9 -99.9 -99.9 -99.9 -99.9 -99.9 -99.9 -99.9 -99.9 -99.9 -99.9 0.035333663225174 0.060378722846508 0.109250940382481 0.00687689147889614 0.0135151762515306 0.0120625346899033 0.00316860713064671 0.00382337672635913 0.00534086488187313 0.152532503008842 0.687457144260406 0.00122261885553598 0.000584397581405938 0.000553960970137268 0.000768729078117758 0.000956545234657824 0.00328612141311169 0.00341182225383818 0.0189158283174038 0.000654854287859052 0.160139128565788 0.00155594130046666 0.00336969504132867 0.051087997853756 0.341979295015335 0.343560844659805 0.1977529078722 0.000874166376888752 0.00324335880577564 0.0150896310806274 0.0234034471213818 0.0100152781233191 0.00032933073816821 -99.9 -99.9 -99.9 -99.9 -99.9 0 -99.9 0.478245675563812 0.428766161203384 0.33137309551239 0.429832816123962 0.419655203819275 0.38549879193306 0.187872886657715 0.00418936694040895 0.011850249953568 0.01273388043046
-99.9 -99.9 -99.9 -99.9 -99.9 -99.9 -99.9 -99.9 -99.9 -99.9 -99.9 -99.9 0.0394946373999119 0.00227383431047201 0.00157185015268624 0.00429848907515407 0.00894901528954506 0.0110508650541306 0.0117878615856171 0.00485707726329565 0.0021728528663516 0.205152437090874 0.0015970595413819 0.00153939425945282 0.00542467599734664 0.00250127469189465 0.00165615195874125 0.00148467242252082 0.0549430772662163 0.00232831295579672 0.0023179214913398 0.0514019690454006 0.000396611081669107 0.342463046312332 0.0656126141548157 0.00114790676161647 0.0263528842478991 0.000513841863721609 0.000156766400323249 0.0226169358938932 0.176710158586502 0.0528446100652218 0.00574484234675765 0.0297730267047882 0.00512738851830363 0 -99.9 -99.9 -99.9 -99.9 -99.9 -99.9 0.162679493427277 0.00399587955325842 0.0324113108217716 0.00130978948436677 0.00149552884977311 0.00348137156106532 0.00749308010563254 0.010257750749588 0.0133135225623846 0.0388915799558163 0.0476366207003593
-99.9 -99.9 -99.9 -99.9 -99.9 -99.9 -99.9 -99.9 -99.9 -99.9 -99.9 0.00975897442549467 0.00315383402630687 0.00167799298651516 0.00036506011383608 0.00282353721559048 0.0104901622980833 0.0136647298932076 0.00304367439821362 0.00527540780603886 0.00407588947564363 0.00197763415053487 0.00313486414961517 0.0120541751384735 0.0193886756896973 0.0106828976422548 0.00837394036352634 0.00293056201189756 0.0220960341393948 0.0279890187084675 0.0281271953135729 0.178438767790794 0.0594951920211315 0.468676120042801 0.307045608758926 0.110706172883511 0.183960765600204 0.235029831528664 0.121792003512383 0.000424281315645203 0.172023013234138 0.00451285298913717 0.00897784437984228 0.00358491204679012 0.504306375980377 0.829958498477936 -99.9 -99.9 0 -99.9 0.0151281859725714 0.00465983478352427 0.223298028111458 0.00719366548582911 0.0082862488925457 0.0056255180388689 0.00644561089575291 0.0158416442573071 0.0698990672826767 0.0993945449590683 0.0533736124634743 0.106351315975189 0.0856203734874725
-99.9 -99.9 -99.9 -99.9 -99.9 -99.9 -99.9 0 0 0 0.00908776931464672 0.00133567315060645 0.00231838063336909 0.00183199951425195 0.000291582109639421 0.000410988199291751 0.00109918753150851 0.000874110555741936 0.00050142512191087 0.0053103007376194 0.00619924627244473 0.00228997529484332 0.0534096844494343 0.263450771570206 0.268555700778961 0.0203785970807076 0.0182310286909342 0.0110526653006673 0.0054452926851809 0.131771698594093 0.414163738489151 0.51069438457489 0 0 0.561441421508789 0.260125637054443 0.640484988689423 0.582742393016815 0.377697587013245 0.542248785495758 0.369935095310211 0.31115397810936 0.409367442131042 0.503317594528198 0 0 0 0 0 0 0.732564985752106 0.40880224108696 0.0949367135763168 0.00730924727395177 0.00768442219123244 0.00609333300963044 0.0110870087519288 0.0167163480073214 0.059100080281496 0.0738866478204727 0.138226225972176 0.188413470983505 0.175404384732246
-99.9 -99.9 -99.9 0 0 0 0.00310007901862264 0.00610623555257916 0.00274321855977178 0.00170144566800445 0.00155935948714614 0.0013564060209319 0.00124308606609702 0.00163067970424891 0.000442165299318731 0.000471655977889895 0.000800805282779038 0.000846266048029065 0.000376856041839346 0.00244886544533074 0.0258046016097069 0.0513122901320457 0 0 0.303541302680969 0.0197487659752369 0.0121916765347123 0.0157058201730251 0.0370738096535206 0.116536043584347 0.284254193305969 0.490062236785889 -99.9 -99.9 -99.9 -99.9 -99.9 -99.9 0 -99.9 -99.9 -99.9 -99.9 -99.9 -99.9 -99.9 -99.9 -99.9 -99.9 0.608295381069183 0.84023106098175 0.728444039821625 0.460403352975845 0.0186802670359612 0.0078450134024024 0.0105039132758975 0.0208887122571468 0.0959264114499092 0.170321360230446 0.164466381072998 0.258615612983704 0.236498579382896 0.138558700680733
0.0138054247945547 0.00972422212362289 0.0103634623810649 0.00515501201152802 0.00294172158464789 0.00289998040534556 0.00195882422849536 0.000826661707833409 0.00149901036638767 0.00132698938250542 0.000855632475577295 0.000510805053636432 0.00101584545336664 0.00116582389455289 0.000848014315124601 0.00118727586232126 0.000944250088650733 0.000127553852507845 0.0469713136553764 0.0616020746529102 0 -99.9 -99.9 -99.9 0.417817324399948 0.0481138527393341 0.0326804146170616 0.0390258245170116 0.0559400506317616 0.0255763344466686 0.0195264667272568 0 -99.9 -99.9 -99.9 -99.9 -99.9 -99.9 -99.9 -99.9 -99.9 -99.9 -99.9 -99.9 -99.9 -99.9 -99.9 -99.9 -99.9 0.345420867204666 0.378057688474655 0.647050738334656 0.530382394790649 0.100799739360809 0.0160063505172729 0.0475468151271343 0.043357465416193 0.0780578926205635 0.147632136940956 0.225235477089882 0.249027401208878 0.199218466877937 0.0710415914654732
0.00833901762962341 0.00871481746435165 0.0244793817400932 0.0176032017916441 0.00593041023239493 0.0048005017451942 0.00211199745535851 0.000759190937969834 0.00171651039272547 0.000431430118624121 0.000382091093342751 0.0621279962360859 0.198655784130096 0.0274924449622631 0.000511082878801972 0.00175655668135732 0.00130637548863888 0 0 -99.9 -99.9 -99.9 -99.9 -99.9 0.0927969291806221 0.238275185227394 0.101894818246365 0.0853471979498863 0.0636526420712471 0 0 -99.9 -99.9 -99.9 -99.9 -99.9 -99.9 -99.9 -99.9 -99.9 -99.9 -99.9 -99.9 -99.9 -99.9 -99.9 -99.9 -99.9 0 0.00484516937285662 0.228006914258003 0.0103888688609004 0.00416856957599521 0.00430865492671728 0.00730569707229733 0.0265098474919796 0.0823329091072083 0.154757261276245 0.167933374643326 0.247725263237953 0.142928317189217 0.0863676592707634 0.0166060701012611
0.00388803239911795 0.00761333340778947 0.00568844191730022 0.00339033058844507 0.00388935417868197 0.00471036834642291 0.00250332173891366 0.00113082502502948 0.001490687020123 0.000573418568819761 0.000335963035468012 0.00034536313614808 0.0296051390469074 0.000420026481151581 0.00313145807012916 0.00352645362727344 -99.9 -99.9 -99.9 -99.9 -99.9 -99.9 -99.9 0 0.582621276378632 0.307576090097427 0.207123160362244 0.129165560007095 0.146298587322235 0 -99.9 -99.9 -99.9 -99.9 -99.9 -99.9 -99.9 -99.9 -99.9 -99.9 -99.9 -99.9 -99.9 -99.9 -99.9 0 0.0728340893983841 0.0478500574827194 0.0478601641952991 0.0022767405025661 0.0582208745181561 0.00663646915927529 0.0286510959267616 0.00601158803328872 0.027516420930624 0.0235933177173138 0.0248217415064573 0.0449636988341808 0.0810444802045822 0.0805278271436691 0.107249110937119 0.104296527802944 0.0408313721418381
0.0038519985973835 0.00473363883793354 0.0033395835198462 0.0022356656845659 0.0236846338957548 0.00648195436224341 0.0208866745233536 0.0150209432467818 0.00195433502085507 0.00106882303953171 0.000447766593424603 0.000236932057305239 0.000305213907267898 0.000760424125473946 0.00338201108388603 0 -99.9 -99.9 -99.9 -99.9 -99.9 -99.9 0 0.203756287693977 0.208673089742661 0.184865921735764 0.0873121470212936 0.143751353025436 0.0825603008270264 -99.9 -99.9 -99.9 -99.9 -99.9 -99.9 -99.9 -99.9 -99.9 -99.9 -99.9 -99.9 -99.9 -99.9 -99.9 0.00622165249660611 0.00877458415925503 0.0528423562645912 0.0810497924685478 0.00516599928960204 0.00186120148282498 0.0140457069501281 0.0262901168316603 0.0262786913663149 0.00539374491199851 0.0126017527654767 0.0190215669572353 0.011474397033453 0.0189685616642237 0.0478729717433453 0.153410360217094 0.0673677027225494 0.0485689379274845 0.0339527800679207
0.00435411557555199 0.00400277646258473 0.00276062847115099 0.00481589557603002 0.105052009224892 0 0.0892232432961464 0.0852085724473 0.0056168008595705 0.00234213820658624 0.00094531720969826 0.00131113431416452 0.00142133014742285 0.23717950284481 0.0110085029155016 0.212951555848122 -99.9 -99.9 -99.9 -99.9 -99.9 0 0 0.37847962975502 0.0973910689353943 0.119309954345226 0.556332051753998 0 0 0 -99.9 -99.9 -99.9 -99.9 -99.9 -99.9 -99.9 -99.9 -99.9 -99.9 -99.9 -99.9 0 0.05549331381917 0.0150805758312345 0.00850871484726667 0.0206378567963839 0.0100974384695292 0 0 0 0.00866219121962786 0.0186379998922348 0.011806845664978 0.0290431175380945 0.022640373557806 0.0491746738553047 0.196569174528122 0.0514085218310356 0.0153735857456923 0.0100337723270059 0.00523042120039463 0.136895015835762
0.00560090551152825 0.00491551496088505 0.00375257385894656 0 -99.9 0 0.0740559473633766 0.221423670649529 0.0343086048960686 0.00589299201965332 0.00556548265740275 0.00554416980594397 0.0046983677893877 0.0762409269809723 -99.9 -99.9 -99.9 -99.9 -99.9 0 0.652840375900269 0.701583027839661 0.527324497699738 0.186071649193764 0.121781557798386 0.266058295965195 -99.9 -99.9 -99.9 -99.9 -99.9 -99.9 -99.9 -99.9 -99.9 -99.9 -99.9 -99.9 -99.9 -99.9 -99.9 -99.9 -99.9 0.176954343914986 0.0759611055254936 0.0557474158704281 0.0404096618294716 0.070082813501358 0.137069284915924 0.0776277631521225 0.0637137964367867 0.0993944182991982 0.0962478145956993 0.0663217380642891 0.141365319490433 0.0983235463500023 0.0462617948651314 0.279784113168716 0.324439465999603 0.650632977485657 0.529821574687958 0.397070527076721 0.264146447181702
0.00227559055201709 0 0 0.0010725773172453 0.00526239397004247 0.0262017454952002 0.0867942720651627 0.159214556217194 0.0348090492188931 0.00486320722848177 0.0376534573733807 0 0 -99.9 -99.9 -99.9 -99.9 0 0.255946308374405 0.0763268321752548 0.0206520520150661 0 -99.9 0 0.106870405375957 0 -99.9 -99.9 -99.9 -99.9 -99.9 -99.9 -99.9 -99.9 -99.9 -99.9 -99.9 -99.9 -99.9 -99.9 -99.9 -99.9 0 0 -99.9 -99.9 -99.9 -99.9 -99.9 -99.9 -99.9 -99.9 -99.9 -99.9 -99.9 -99.9 -99.9 -99.9 0 0.509528696537018 0.492093920707703 0.608424067497253 0.436108976602554
0.00201643467880785 0 0 0 0 0.0080344183370471 0.027329595759511 0.0304554495960474 0.00819831062108278 0.00326123856939375 0.00368756568059325 0.217979833483696 -99.9 -99.9 -99.9 -99.9 0 0.135307535529137 0.115747027099133 0 -99.9 0 -99.9 -99.9 0 0 -99.9 -99.9 -99.9 -99.9 -99.9 -99.9 -99.9 -99.9 -99.9 -99.9 -99.9 -99.9 -99.9 -99.9 -99.9 -99.9 -99.9 -99.9 -99.9 -99.9 -99.9 -99.9 -99.9 -99.9 -99.9 -99.9 -99.9 -99.9 -99.9 -99.9 -99.9 -99.9 -99.9 0.733797252178192 0.687082469463348 0.727721989154816 0.477349281311035
0.00204069400206208 0.00124503043480217 0.000197306260815822 0 0.0111253345385194 0.0281203966587782 0.0106047559529543 0.00674525555223227 0.00639535812661052 0.00189711293205619 0.000875303638167679 0.000104253871541005 0.235218957066536 -99.9 -99.9 0 0.182564556598663 0.11213793605566 0 -99.9 -99.9 -99.9 -99.9 -99.9 -99.9 0 -99.9 -99.9 -99.9 -99.9 -99.9 -99.9 -99.9 -99.9 -99.9 -99.9 -99.9 -99.9 -99.9 -99.9 -99.9 -99.9 -99.9 -99.9 -99.9 -99.9 -99.9 -99.9 -99.9 -99.9 -99.9 -99.9 -99.9 -99.9 -99.9 -99.9 -99.9 -99.9 -99.9 0.761844217777252 0.705699563026428 0.696873903274536 0.289622843265533
0.00228643696755171 0.00400177761912346 0.0174091961234808 0.022784324362874 0.0147051429376006 0.0102170156314969 0.00457411957904696 0.00781156588345766 0.00622676173225045 0.00638004345819354 0.00061630574055016 0.0234298352152109 0.204476296901703 -99.9 -99.9 0 0.212178125977516 0.186489224433899 0.131499111652374 0 0 -99.9 -99.9 -99.9 -99.9 -99.9 -99.9 -99.9 -99.9 -99.9 -99.9 -99.9 -99.9 -99.9 -99.9 -99.9 -99.9 -99.9 -99.9 -99.9 -99.9 -99.9 -99.9 -99.9 -99.9 -99.9 -99.9 -99.9 -99.9 -99.9 -99.9 -99.9 -99.9 -99.9 -99.9 -99.9 -99.9 -99.9 0.599620997905731 0.447340697050095 0.735058188438416 0.707929313182831 0.487647950649261
0.00211953278630972 0.0543116666376591 0.117948658764362 0.0712449625134468 0.00476989708840847 0.00202181865461171 0.00598226068541408 0.00798515882343054 0.0126935550943017 0.00865062605589628 0.000639746489468962 0.103412881493568 0.219676673412323 0 -99.9 0 0.279206722974777 0.353454083204269 0.301298588514328 0.209353744983673 0.346972078084946 0 -99.9 -99.9 -99.9 -99.9 -99.9 -99.9 -99.9 -99.9 -99.9 -99.9 -99.9 -99.9 -99.9 -99.9 -99.9 -99.9 -99.9 -99.9 -99.9 -99.9 -99.9 -99.9 -99.9 -99.9 -99.9 -99.9 -99.9 -99.9 -99.9 -99.9 -99.9 -99.9 -99.9 -99.9 -99.9 0.808741211891174 0.647769629955292 0.650807619094849 0.624556839466095 0.591062366962433 0.625128746032715
0.00108547881245613 0.00780464708805084 0.0261267460882664 0.011973287910223 0.000585589907132089 0.000371678615920246 0.00202401448041201 0.00852343812584877 0.00430380878970027 0.00286201457493007 0.000499371555633843 0.0240097269415855 0 -99.9 -99.9 0 0.359912008047104 0.481087028980255 0.417927235364914 0.28585222363472 -99.9 0 -99.9 0 0 -99.9 -99.9 -99.9 -99.9 -99.9 -99.9 -99.9 -99.9 -99.9 -99.9 -99.9 -99.9 -99.9 -99.9 -99.9 -99.9 -99.9 -99.9 -99.9 -99.9 -99.9 -99.9 -99.9 -99.9 -99.9 -99.9 -99.9 -99.9 -99.9 -99.9 -99.9 0 0.455678105354309 0.426669299602509 0.234883278608322 0.347987174987793 0.406726956367493 0.0029806571546942
0.0284290965646505 0.0222765821963549 0.000993985682725906 0.0031790086068213 0.00232944265007973 0.00385186215862632 0.00241353432647884 0.00593621423467994 0.125561147928238 0.162130102515221 0.00356977549381554 0.515219271183014 -99.9 -99.9 0 0.564502418041229 0.417973577976227 0.386901557445526 0.367040425539017 0.495528846979141 0.273315012454987 0 -99.9 -99.9 0 0 -99.9 -99.9 -99.9 -99.9 -99.9 -99.9 -99.9 -99.9 -99.9 -99.9 -99.9 -99.9 -99.9 -99.9 -99.9 -99.9 -99.9 -99.9 -99.9 -99.9 -99.9 -99.9 -99.9 -99.9 -99.9 -99.9 -99.9 -99.9 -99.9 -99.9 0.262579739093781 0.429287314414978 0.363044857978821 0.416108131408691 0.475206464529037 0.625752985477448 0.435924470424652
-99.9 0.0165257193148136 0.0025578944478184 0.00837364327162504 0.0287549234926701 0.00254499656148255 0.00314120249822736 0.00858152285218239 0.0322060659527779 0.0477577932178974 0.482317954301834 0 0 0.410601407289505 0.33504244685173 0.357846975326538 0.567199885845184 0.315644681453705 0.12881338596344 0.223182916641235 0 0.0947103425860405 0 0 0 0 -99.9 -99.9 -99.9 -99.9 -99.9 -99.9 -99.9 -99.9 -99.9 -99.9 -99.9 -99.9 -99.9 -99.9 -99.9 -99.9 -99.9 -99.9 -99.9 -99.9 -99.9 -99.9 -99.9 -99.9 -99.9 -99.9 -99.9 -99.9 -99.9 0 0.525435388088226 0.522168576717377 0.430630147457123 0.47621613740921 0.302461922168732 0.378051072359085 0.408278703689575
-99.9 0.00374664948321879 0.001986418152228 0.0484207719564438 0.131338477134705 0.0622716024518013 0.00935289729386568 0.0461703166365623 0.0334775373339653 0.00288860709406435 0.260386735200882 0.769556879997253 0.104532666504383 0.174343645572662 0.478372097015381 0.321257174015045 0.333267509937286 0.426505506038666 0.103859372437 0.0502262338995934 0 0 0.475389093160629 -99.9 -99.9 -99.9 -99.9 -99.9 -99.9 -99.9 -99.9 -99.9 -99.9 -99.9 -99.9 -99.9 -99.9 -99.9 -99.9 -99.9 -99.9 -99.9 -99.9 -99.9 -99.9 -99.9 -99.9 -99.9 -99.9 -99.9 -99.9 -99.9 -99.9 -99.9 0.1005869358778 0.216132059693336 0.23851603269577 0.397833198308945 0.0112955896183848 0.00556251825764775 0.006109275855124 0.00366655108518898 0.00658753095194697
0 0.00118272670079023 0.00160979828797281 0.0243123285472393 0.0911025404930115 0.0250460430979729 0.0103796273469925 0.0539847500622272 0.0591955296695232 0.0141985109075904 0.0934482961893082 0.123074270784855 0.0501740276813507 0.154152885079384 0.35444900393486 0.305421888828278 0.723003923892975 -99.9 -99.9 -99.9 0 0.523379921913147 -99.9 -99.9 -99.9 -99.9 -99.9 -99.9 -99.9 -99.9 -99.9 -99.9 -99.9 -99.9 -99.9 -99.9 -99.9 -99.9 -99.9 -99.9 -99.9 -99.9 -99.9 -99.9 -99.9 -99.9 -99.9 -99.9 -99.9 -99.9 -99.9 -99.9 -99.9 0 0.109304547309875 0.0842601284384727 0.145597994327545 0.382134348154068 0.00596241978928447 0.00521447276696563 0.137417420744896 0.00342427683062851 0.00344484345987439
0 0.00137872446794063 0.00255220080725849 0.0156392678618431 0.0262446161359549 0.0160373188555241 0.0621496513485909 0.17271976172924 0.0699209421873093 0.0318171828985214 0.00828555319458246 0.0200575087219477 0.021536311134696 0.658640205860138 0.688167870044708 0.498669922351837 0.755992114543915 -99.9 0 0.208154380321503 0.238466203212738 0 0 -99.9 -99.9 -99.9 -99.9 -99.9 -99.9 -99.9 -99.9 -99.9 -99.9 -99.9 -99.9 -99.9 -99.9 -99.9 -99.9 -99.9 -99.9 -99.9 -99.9 -99.9 -99.9 -99.9 -99.9 -99.9 -99.9 -99.9 -99.9 -99.9 0.108875155448914 0.126358285546303 0.0430816300213337 0.0155254071578383 0.00971570238471031 0.207240357995033 0.24672769010067 0.110309064388275 0.215998783707619 0.0346387624740601 0.12971667945385
0.0352552980184555 0.00088082515867427 0.00103053078055382 0.00542801152914762 0.0144691346213222 0.00956729985773563 0.0256489757448435 0.0733638480305672 0.0793526172637939 0.0546681508421898 0.00653195567429066 0 0.0100775398313999 0.461561769247055 0.452481240034103 0.871981739997864 0.451429665088654 0.269948780536652 0.191857218742371 0.787210643291473 0.566964328289032 -99.9 -99.9 -99.9 -99.9 -99.9 -99.9 -99.9 -99.9 -99.9 -99.9 -99.9 -99.9 -99.9 -99.9 -99.9 -99.9 -99.9 -99.9 -99.9 -99.9 -99.9 -99.9 -99.9 -99.9 -99.9 -99.9 -99.9 -99.9 -99.9 -99.9 -99.9 0 0.0846669599413872 0.0429266169667244 0.0286328941583633 0.0115970028564334 0.00461178971454501 0.00298967934213579 0.00599717115983367 0.130099505186081 0.039139237254858 0.0354441776871681
0.0415776334702969 0.000727416423615068 0.00145199929829687 0.000884125591255724 0.00611703610047698 0.00996041856706142 0.00624309573322535 0.018358988687396 0.0470092557370663 0.00089728768216446 0.00171422853600234 0.00875074602663517 0.00756393978372216 0.00432480219751596 0.0036299480125308 0.00842786207795143 0.0427161604166031 0.207124933600426 0.176318272948265 0.583255887031555 0.0814206674695015 0.14377935230732 0.192151144146919 0 0.308696240186691 0.0411321111023426 0 -99.9 -99.9 -99.9 -99.9 -99.9 -99.9 -99.9 -99.9 -99.9 -99.9 -99.9 -99.9 -99.9 -99.9 -99.9 -99.9 -99.9 -99.9 -99.9 -99.9 -99.9 -99.9 -99.9 -99.9 0 -99.9 0.197201013565063 0.127239897847176 0.0356116853654385 0.0205932911485434 0.00505792116746306 0.00411127554252744 0.0076069631613791 0.00498274201527238 0.00309270271100104 0.0323998108506203
0.00613958761096001 0.000962447084020823 0.000714732799679041 0.0019838644657284 0.0029385678935796 0.000426373590016738 0.000346480315783992 0.00121614499948919 0.00216548377647996 0.00125496182590723 0.000464269774965942 0.00203519477508962 0.00239451508969069 0.00327756651677191 0.0032857593614608 0.00257439422421157 0.00453849416226149 0.0522972755134106 0.206408575177193 0.135857850313187 0.199275821447372 0.187940567731857 -99.9 -99.9 0.268633216619492 -99.9 -99.9 -99.9 -99.9 -99.9 -99.9 -99.9 -99.9 -99.9 -99.9 -99.9 -99.9 -99.9 -99.9 -99.9 -99.9 -99.9 -99.9 -99.9 -99.9 -99.9 -99.9 -99.9 0.541229724884033 -99.9 -99.9 -99.9 -99.9 0.0616641454398632 0.0847474411129951 0.0705637112259865 0.0678824707865715 0.029606444761157 0.0115571860224009 0.223428189754486 0.504510164260864 0.23638616502285 0.246051281690598
0.00792199838906527 0.000600086350459605 0.000869559240527451 0.00190408679191023 0.00149381521623582 0.000445110752480105 0 0 0 0 0 1.03374741229345e-05 8.85213157744147e-05 0.00252933893352747 0.00216104183346033 0.0318129397928715 0.129921495914459 0.542209625244141 0.670563042163849 0.540175259113312 0.327249377965927 0.280276000499725 -99.9 -99.9 -99.9 -99.9 -99.9 -99.9 -99.9 -99.9 -99.9 -99.9 -99.9 -99.9 -99.9 -99.9 -99.9 -99.9 -99.9 -99.9 -99.9 -99.9 -99.9 -99.9 -99.9 -99.9 -99.9 -99.9 -99.9 -99.9 -99.9 -99.9 -99.9 -99.9 -99.9 -99.9 0 0.29470419883728 0.166226208209991 0.0927535891532898 0.102078124880791 0.214500218629837 0.0973890647292137
0.0566234029829502 0.000639802834484726 0.000956771255005151 0.00242241681553423 0.00142916792538017 0.000477172317914665 0.000551302160602063 0.000294997618766502 0.00028445792850107 1.68682672665454e-05 2.24731729758787e-06 0 0.0306448675692081 0.0324883051216602 0.111078299582005 0.269683241844177 0.724376022815704 0.542830944061279 0.51162725687027 0.818107545375824 0.468136668205261 -99.9 -99.9 -99.9 -99.9 -99.9 0.508187532424927 0 -99.9 -99.9 -99.9 0 -99.9 -99.9 -99.9 -99.9 -99.9 -99.9 -99.9 -99.9 -99.9 -99.9 -99.9 -99.9 -99.9 -99.9 -99.9 -99.9 -99.9 -99.9 -99.9 -99.9 -99.9 -99.9 -99.9 -99.9 -99.9 0 0.0798367485404015 0.0524583868682384 0.479619264602661 0.169676974415779 0.135110959410667
