fish_book/data/sediment/disturbance/November.asc
NCOLS 207
NROWS 150
XLLCORNER -17
YLLCORNER 44
CELLSIZE 0.125
NODATA_VALUE -99.9
[rows 28 to 55 of 150, columns 63 to 125 of 207]
-99.9 -99.9 -99.9 -99.9 -99.9 -99.9 -99.9 -99.9 -99.9 -99.9 -99.9 -99.9 -99.9 -99.9 0.0815888419747353 0.0356741137802601 0.0825486183166504 0.0230591930449009 0.0195529907941818 0.00954431388527155 0.0386361069977283 0.0361937768757343 0.00290605798363686 0.0324107259511948 0.0329518914222717 0.0308500155806541 0 0.0291122309863567 0.02314074896276 0.0325962565839291 0.0608357340097427 0.0235671196132898 0.0231893230229616 0.0249906573444605 0.00388243584893644 0.00679963594302535 0.150333747267723 0.0568314753472805 0.22570438683033 0.0658020824193954 0.0382537879049778 0.00765962759032845 0.067383699119091 0.0349945798516273 0.124457851052284 0.0938063636422157 0 0 -99.9 0 -99.9 -99.9 -99.9 0.775638341903687 0.531811833381653 0.270912528038025 0.208432927727699 0.412250638008118 0.302686035633087 0.109084695577621 0.00140619045123458 0.0994765534996986 0.00260708713904023
-99.9 -99.9 -99.9 -99.9 -99.9 -99.9 -99.9 -99.9 -99.9 -99.9 -99.9 -99.9 -99.9 0.0334688313305378 0.0668478682637215 0.121924050152302 0.0111033143475652 0.0325865931808949 0.0267098974436522 0.00545704551041126 0.00408705789595842 0.0308471880853176 0.283037304878235 0.828577399253845 0.106646038591862 0.0556456558406353 0.0587713718414307 0.130627155303955 0.056077916175127 0.0351385772228241 0.0317186526954174 0.146524593234062 0.117663525044918 0.275526463985443 0.0308718997985125 0.0334245525300503 0.257774442434311 0.601944029331207 0.541701555252075 0.408194005489349 0.0504919141530991 0.0331236347556114 0.0196602586656809 0.0290202740579844 0.01073242072016 0.0772599577903748 -99.9 -99.9 -99.9 -99.9 -99.9 0 -99.9 0.43247452378273 0.316571414470673 0.373415172100067 0.412457197904587 0.433636546134949 0.337228268384933 0.194069102406502 0.00418936694040895 0.0778970271348953 0.0146766137331724
-99.9 -99.9 -99.9 -99.9 -99.9 -99.9 -99.9 -99.9 -99.9 -99.9 -99.9 -99.9 0.047089759260416 0.019384004175663 0.15259450674057 0.00459493650123477 0.0171735864132643 0.0266448650509119 0.0186772122979164 0.00627372460439801 0.0336921066045761 0.241695076227188 0.03415422514081 0.0341702923178673 0.0357554107904434 0.0450619049370289 0.0343072861433029 0.0337723977863789 0.147478595376015 0.120924837887287 0.103628002107143 0.287520051002502 0.171279758214951 0.571585953235626 0.17993438243866 0.0323025286197662 0.159373119473457 0.0279883723706007 0.0290136635303497 0.186444818973541 0.255416959524155 0.187724456191063 0.00662129931151867 0.0307654608041048 0.0333500765264034 0 -99.9 -99.9 -99.9 -99.9 -99.9 -99.9 0.140490606427193 0.00412907591089606 0.0993962958455086 0.100308738648891 0.133261248469353 0.00348137156106532 0.00749308010563254 0.010257750749588 0.0147399706766009 0.046370729804039 0.053162470459938
-99.9 -99.9 -99.9 -99.9 -99.9 -99.9 -99.9 -99.9 -99.9 -99.9 -99.9 0.0235299710184336 0.00315383402630687 0.10400864481926 0.0337755903601646 0.00282353721559048 0.0108398338779807 0.0169442649930716 0.00430386234074831 0.00711033213883638 0.00407588947564363 0.00197763415053487 0.00313486414961517 0.0120541751384735 0.0493430905044079 0.0398441441357136 0.0407762341201305 0.150267094373703 0.180671155452728 0.319777131080627 0.277641713619232 0.428955554962158 0.0312069617211819 0.455826997756958 0.374719947576523 0.256321907043457 0.244064494967461 0.212513223290443 0.280687510967255 0.189369559288025 0.354309022426605 0.10073509812355 0.00897784437984228 0.0349942222237587 0.599025785923004 0.85755467414856 -99.9 -99.9 0 -99.9 0.0323415547609329 0.00465983478352427 0.0704503506422043 0.00857706274837255 0.00917406100779772 0.00622825231403112 0.00768515188246965 0.0169341713190079 0.0747196972370148 0.102707698941231 0.0636377707123756 0.13187563419342 0.0921608209609985
-99.9 -99.9 -99.9 -99.9 -99.9 -99.9 -99.9 0 0 0.0132721634581685 0.0165718141943216 0.00133567315060645 0.0272269379347563 0.0248251967132092 0.0276166908442974 0.0282709095627069 0.0206712707877159 0.000874110555741936 0.00051813927711919 0.00587926153093576 0.00640588765963912 0.0315365009009838 0.108695782721043 0.297654926776886 0.338675528764725 0.0566444508731365 0.0209319218993187 0.0431849993765354 0.190976366400719 0.402951717376709 0.48873296380043 0.586294651031494 0 0 0.603265881538391 0.439208954572678 0.686298668384552 0.738894283771515 0.519648134708405 0.62221360206604 0.223707497119904 0.132047533988953 0.333101689815521 0.656593322753906 0 0 0 0 0 0 0.732564985752106 0.51192569732666 0.215476617217064 0.00871487148106098 0.00882285553961992 0.00609333300963044 0.0127295283600688 0.0191928446292877 0.0632511600852013 0.079286053776741 0.136882364749908 0.2200887799263 0.163989186286926
-99.9 -99.9 -99.9 0 0 0 0.000800853769760579 0.0103660617023706 0.00587179372087121 0.00175816041883081 0.00155935948714614 0.0013564060209319 0.00124308606609702 0.0301226358860731 0.000442165299318731 0.0212383158504963 0.137138992547989 0.0300699304789305 0.0265275221318007 0.026067778468132 0.0512098632752895 0.102502033114433 0 0 0.377707809209824 0.0184321813285351 0.0151176787912846 0.0257760211825371 0.0396306253969669 0.102085940539837 0.451163619756699 0.546164214611053 -99.9 -99.9 -99.9 -99.9 -99.9 -99.9 0 -99.9 -99.9 -99.9 -99.9 -99.9 -99.9 -99.9 -99.9 -99.9 -99.9 0.628560423851013 0.868738532066345 0.662898302078247 0.53670197725296 0.0214477144181728 0.0078450134024024 0.0116293327882886 0.0240755807608366 0.106466472148895 0.175998747348785 0.169948592782021 0.253874331712723 0.244381859898567 0.143177330493927
0.0237760078161955 0.0100483633577824 0.00535445567220449 0.00177561515010893 0.00506629841402173 0.00539396377280354 0.00303617771714926 0.000826661707833409 0.00149901036638767 0.00137122231535614 0.000855632475577295 0.000546032970305532 0.00112468597944826 0.0203515850007534 0.0270658303052187 0.0256576240062714 0.0606866776943207 0.0748329237103462 0.117833539843559 0.143550828099251 0 -99.9 -99.9 -99.9 0.657796263694763 0.051629863679409 0.0426565408706665 0.0499282777309418 0.0653444677591324 0.0283166561275721 0.0208731200546026 0 -99.9 -99.9 -99.9 -99.9 -99.9 -99.9 -99.9 -99.9 -99.9 -99.9 -99.9 -99.9 -99.9 -99.9 -99.9 -99.9 -99.9 0.411661833524704 0.390399247407913 0.605246961116791 0.516036570072174 0.0727953314781189 0.0171306058764458 0.0456223003566265 0.0431433543562889 0.0868644192814827 0.152553215622902 0.202385500073433 0.232820853590965 0.205859079957008 0.0699139460921288
0.00861698482185602 0.00900531187653542 0.023964025080204 0.0181899741292 0.00633940426632762 0.0048005017451942 0.00211199745535851 0.000759190937969834 0.00171651039272547 0.000431430118624121 0.000382091093342751 0.0960758253931999 0.256354331970215 0.0562590807676315 0.0320809446275234 0.00175655668135732 0.0313391648232937 0 0 -99.9 -99.9 -99.9 -99.9 -99.9 0.132419750094414 0.302176266908646 0.114065587520599 0.0996954217553139 0.0634253099560738 0 0 -99.9 -99.9 -99.9 -99.9 -99.9 -99.9 -99.9 -99.9 -99.9 -99.9 -99.9 -99.9 -99.9 -99.9 -99.9 -99.9 -99.9 0 0.0375012382864952 0.333074808120728 0.0103888688609004 0.00416856957599521 0.00445227697491646 0.00754922023043036 0.0283718500286341 0.0630202516913414 0.133263200521469 0.193553984165192 0.243793115019798 0.14769259095192 0.089246578514576 0.0171596072614193
0.00602645007893443 0.00828116945922375 0.00678237294778228 0.00339033058844507 0.00388935417868197 0.00471036834642291 0.00250332173891366 0.00113082502502948 0.001490687020123 0.000573418568819761 0.0332030765712261 0.065047562122345 0.121279865503311 0.0641938596963882 0.0361969545483589 0.00352645362727344 -99.9 -99.9 -99.9 -99.9 -99.9 -99.9 -99.9 0 0.505715250968933 0.33769291639328 0.224728628993034 0.190672963857651 0.138029545545578 0 -99.9 -99.9 -99.9 -99.9 -99.9 -99.9 -99.9 -99.9 -99.9 -99.9 -99.9 -99.9 -99.9 -99.9 -99.9 0 0.191909506917 0.114651314914227 0.147094458341599 0.0022767405025661 0.0602085031569004 0.0073475195094943 0.0313351787626743 0.00668981811031699 0.0284336358308792 0.0223481133580208 0.0235117059201002 0.0344166569411755 0.0693069994449615 0.0864125490188599 0.115086540579796 0.107773080468178 0.0405696332454681
0.00537353800609708 0.00611428311094642 0.0033395835198462 0.0022356656845659 0.0282393712550402 0.0100470287725329 0.0249033439904451 0.0155216408893466 0.00195433502085507 0.01999899931252 0.05264862626791 0.0633098632097244 0.0231223795562983 0.000760424125473946 0.00338201108388603 0 -99.9 -99.9 -99.9 -99.9 -99.9 -99.9 0 0.116971202194691 0.223064333200455 0.207639262080193 0.120296739041805 0.10610219091177 0.274895220994949 -99.9 -99.9 -99.9 -99.9 -99.9 -99.9 -99.9 -99.9 -99.9 -99.9 -99.9 -99.9 -99.9 -99.9 -99.9 0.0807668715715408 0.0109560433775187 0.17196199297905 0.154715806245804 0.00753628136590123 0.00384648307226598 0.0174166765064001 0.0329878367483616 0.0349131189286709 0.00696692010387778 0.0130218109115958 0.0172969456762075 0.01327970251441 0.0178964249789715 0.04593525826931 0.0422396771609783 0.101741328835487 0.147873014211655 0.0339527800679207
0.00562406610697508 0.00400277646258473 0.00276062847115099 0.00481589557603002 0.105052009224892 0 0.0921973511576653 0.0852085724473 0.0345798470079899 0.118409208953381 0.124512709677219 0.00140155735425651 0.00142133014742285 0.509536683559418 0.214591234922409 0.28137731552124 -99.9 -99.9 -99.9 -99.9 -99.9 0 0 0.404581665992737 0.125796794891357 0.136985495686531 0.571649014949799 0 0 0 -99.9 -99.9 -99.9 -99.9 -99.9 -99.9 -99.9 -99.9 -99.9 -99.9 -99.9 -99.9 0 0.247447609901428 0.0254998821765184 0.0690863579511642 0.0319886803627014 0.0191290359944105 0.00797135569155216 0.00894697941839695 0.0103308148682117 0.00895093102008104 0.0337037183344364 0.0166369192302227 0.0346283316612244 0.0280740633606911 0.0441859401762486 0.203121468424797 0.0531221367418766 0.0164338331669569 0.0111088193953037 0.00559779582545161 0.239751905202866
0.00560090551152825 0.00491551496088505 0.00375257385894656 0 -99.9 0 0.10078826546669 0.244933947920799 0.0961102768778801 0.0358405150473118 0.00575099885463715 0.00554416980594397 0.068336695432663 0.25216668844223 -99.9 -99.9 -99.9 -99.9 -99.9 0 0.652840375900269 0.701583027839661 0.527324497699738 0.186071649193764 0.100672751665115 0.309292763471603 -99.9 -99.9 -99.9 -99.9 -99.9 -99.9 -99.9 -99.9 -99.9 -99.9 -99.9 -99.9 -99.9 -99.9 -99.9 -99.9 -99.9 0.232644900679588 0.12933948636055 0.10485065728426 0.0417566485702991 0.05982431396842 0.127474427223206 0.0957895889878273 0.0466349609196186 0.0684717148542404 0.112716883420944 0.059965904802084 0.123604029417038 0.0870865657925606 0.0460965745151043 0.233438566327095 0.303774684667587 0.645658314228058 0.439552634954453 0.348474442958832 0.337152987718582
0.00658404175192118 0.0060611073859036 0.00602738978341222 0.0254915878176689 0.0271890349686146 0.0490736849606037 0.112109266221523 0.20028729736805 0.0348090492188931 0.0377123020589352 0.170329228043556 0 0 -99.9 -99.9 -99.9 -99.9 0 0.255946308374405 0.0763268321752548 0.0206520520150661 0 -99.9 0 0.31289279460907 0 -99.9 -99.9 -99.9 -99.9 -99.9 -99.9 -99.9 -99.9 -99.9 -99.9 -99.9 -99.9 -99.9 -99.9 -99.9 -99.9 0 0 -99.9 -99.9 -99.9 -99.9 -99.9 -99.9 -99.9 -99.9 -99.9 -99.9 -99.9 -99.9 -99.9 -99.9 0 0.482960373163223 0.480366945266724 0.477479487657547 0.418967485427856
0.00625094771385193 0.00397249590605497 0.00298119545914233 0.00477689458057284 0.021066190674901 0.0398507118225098 0.0529510900378227 0.0304554495960474 0.054976548999548 0.0958249941468239 0.136070445179939 0.289311408996582 -99.9 -99.9 -99.9 -99.9 0 0.223917454481125 0.115747027099133 0 -99.9 0 -99.9 -99.9 0 0 -99.9 -99.9 -99.9 -99.9 -99.9 -99.9 -99.9 -99.9 -99.9 -99.9 -99.9 -99.9 -99.9 -99.9 -99.9 -99.9 -99.9 -99.9 -99.9 -99.9 -99.9 -99.9 -99.9 -99.9 -99.9 -99.9 -99.9 -99.9 -99.9 -99.9 -99.9 -99.9 -99.9 0.758131206035614 0.622098684310913 0.66463428735733 0.460809320211411
0.0039362721145153 0.00304089253768325 0.00346601312048733 0.0130516104400158 0.0246346686035395 0.0300597343593836 0.0341991521418095 0.0435480587184429 0.0240637678653002 0.00196034996770322 0.00104363122954965 0.0850785300135612 0.313250035047531 -99.9 -99.9 0 0.195155203342438 0.11213793605566 0 -99.9 -99.9 -99.9 -99.9 -99.9 -99.9 0 -99.9 -99.9 -99.9 -99.9 -99.9 -99.9 -99.9 -99.9 -99.9 -99.9 -99.9 -99.9 -99.9 -99.9 -99.9 -99.9 -99.9 -99.9 -99.9 -99.9 -99.9 -99.9 -99.9 -99.9 -99.9 -99.9 -99.9 -99.9 -99.9 -99.9 -99.9 -99.9 -99.9 0.637272775173187 0.608883619308472 0.623250842094421 0.331606984138489
0.00295331422239542 0.0054509062319994 0.0425206422805786 0.0441446304321289 0.0147051429376006 0.0121818259358406 0.0323581956326962 0.0137697998434305 0.0101876733824611 0.00749171758070588 0.000830672972369939 0.16516201198101 0.293035268783569 -99.9 -99.9 0 0.212178125977516 0.186489224433899 0.131499111652374 0 0 -99.9 -99.9 -99.9 -99.9 -99.9 -99.9 -99.9 -99.9 -99.9 -99.9 -99.9 -99.9 -99.9 -99.9 -99.9 -99.9 -99.9 -99.9 -99.9 -99.9 -99.9 -99.9 -99.9 -99.9 -99.9 -99.9 -99.9 -99.9 -99.9 -99.9 -99.9 -99.9 -99.9 -99.9 -99.9 -99.9 -99.9 0.431121617555618 0.401304215192795 0.571415066719055 0.637228846549988 0.53464686870575
0.00226570735685527 0.0623578429222107 0.158974289894104 0.0942497402429581 0.0599725805222988 0.00348202092573047 0.0157351586967707 0.0210867337882519 0.0150841744616628 0.00893898028880358 0.0629282742738724 0.188140422105789 0.339295238256454 0 -99.9 0 0.288513630628586 0.394454747438431 0.323795557022095 0.227718114852905 0.346972078084946 0 -99.9 -99.9 -99.9 -99.9 -99.9 -99.9 -99.9 -99.9 -99.9 -99.9 -99.9 -99.9 -99.9 -99.9 -99.9 -99.9 -99.9 -99.9 -99.9 -99.9 -99.9 -99.9 -99.9 -99.9 -99.9 -99.9 -99.9 -99.9 -99.9 -99.9 -99.9 -99.9 -99.9 -99.9 -99.9 0.772861480712891 0.522759914398193 0.528853893280029 0.507662355899811 0.55348151922226 0.435722500085831
0.00118069630116224 0.00864085927605629 0.0323971658945084 0.0161379091441631 0.00095543620409444 0.00441678101196885 0.0198690742254257 0.0264226570725441 0.0103769609704614 0.0043223756365478 0.0633758306503296 0.0992173403501511 0 -99.9 -99.9 0 0.312403619289398 0.420642763376236 0.462705165147781 0.42097195982933 -99.9 0 -99.9 0 0 -99.9 -99.9 -99.9 -99.9 -99.9 -99.9 -99.9 -99.9 -99.9 -99.9 -99.9 -99.9 -99.9 -99.9 -99.9 -99.9 -99.9 -99.9 -99.9 -99.9 -99.9 -99.9 -99.9 -99.9 -99.9 -99.9 -99.9 -99.9 -99.9 -99.9 -99.9 0 0.409523278474808 0.377188324928284 0.211134895682335 0.297446429729462 0.419706583023071 0.0029806571546942
0.0373885706067085 0.0222765821963549 0.000993985682725906 0.00394197041168809 0.00343870092183352 0.00721421698108315 0.00890709087252617 0.0122681763023138 0.144717261195183 0.162130102515221 0.0966999605298042 0.876773059368134 -99.9 -99.9 0 0.541653513908386 0.362801074981689 0.414605617523193 0.515691936016083 0.539804875850677 0.169455304741859 0 -99.9 -99.9 0 0 -99.9 -99.9 -99.9 -99.9 -99.9 -99.9 -99.9 -99.9 -99.9 -99.9 -99.9 -99.9 -99.9 -99.9 -99.9 -99.9 -99.9 -99.9 -99.9 -99.9 -99.9 -99.9 -99.9 -99.9 -99.9 -99.9 -99.9 -99.9 -99.9 -99.9 0.242945745587349 0.412278115749359 0.34288689494133 0.276375979185104 0.427302926778793 0.552280306816101 0.418841987848282
-99.9 0.0165257193148136 0.0025578944478184 0.00837364327162504 0.0330149121582508 0.00358613138087094 0.00605903100222349 0.014779289253056 0.0310609601438046 0.0477577932178974 0.550757169723511 0 0 0.520950078964233 0.301052629947662 0.353698045015335 0.518478870391846 0.19186244904995 0.0887381061911583 0.192185282707214 0.0736561194062233 0.059807825833559 0 0 0 0 -99.9 -99.9 -99.9 -99.9 -99.9 -99.9 -99.9 -99.9 -99.9 -99.9 -99.9 -99.9 -99.9 -99.9 -99.9 -99.9 -99.9 -99.9 -99.9 -99.9 -99.9 -99.9 -99.9 -99.9 -99.9 -99.9 -99.9 -99.9 -99.9 0 0.410673141479492 0.486739754676819 0.414269685745239 0.407041907310486 0.373797386884689 0.362859487533569 0.392305761575699
-99.9 0.00374664948321879 0.001986418152228 0.0752092003822327 0.15659587085247 0.0948276370763779 0.0180406998842955 0.0753305107355118 0.0334775373339653 0.00288860709406435 0.245607316493988 0.769556879997253 0.104532666504383 0.197312727570534 0.415549159049988 0.262806236743927 0.374322205781937 0.426505506038666 0.163324818015099 0.0842754542827606 0 0 0.70771312713623 -99.9 -99.9 -99.9 -99.9 -99.9 -99.9 -99.9 -99.9 -99.9 -99.9 -99.9 -99.9 -99.9 -99.9 -99.9 -99.9 -99.9 -99.9 -99.9 -99.9 -99.9 -99.9 -99.9 -99.9 -99.9 -99.9 -99.9 -99.9 -99.9 -99.9 -99.9 0.1005869358778 0.216132059693336 0.188737735152245 0.38197186589241 0.0598397850990295 0.00556251825764775 0.006109275855124 0.00366655108518898 0.00658753095194697
0 0.00118272670079023 0.00160979828797281 0.0243123285472393 0.0941392928361893 0.0582320503890514 0.0589908808469772 0.120150670409203 0.0591955296695232 0.0141985109075904 0.204215601086617 0.146742403507233 0.0589164718985558 0.259091019630432 0.464918375015259 0.291284471750259 0.7897789478302 -99.9 -99.9 -99.9 0 0.66546368598938 -99.9 -99.9 -99.9 -99.9 -99.9 -99.9 -99.9 -99.9 -99.9 -99.9 -99.9 -99.9 -99.9 -99.9 -99.9 -99.9 -99.9 -99.9 -99.9 -99.9 -99.9 -99.9 -99.9 -99.9 -99.9 -99.9 -99.9 -99.9 -99.9 -99.9 -99.9 0 0.109304547309875 0.0842601284384727 0.0945065692067146 0.366867989301682 0.00596241978928447 0.00521447276696563 0.169564455747604 0.00342427683062851 0.00344484345987439
0 0.00137872446794063 0.00304300873540342 0.0202007219195366 0.0387420542538166 0.0382428355515003 0.160553261637688 0.205935090780258 0.0770684108138084 0.0369874760508537 0.00770556414499879 0.0251673981547356 0.0256779100745916 0.760334551334381 0.744547307491302 0.688560903072357 0.755992114543915 -99.9 0 0.186814039945602 0.274287790060043 0 0 -99.9 -99.9 -99.9 -99.9 -99.9 -99.9 -99.9 -99.9 -99.9 -99.9 -99.9 -99.9 -99.9 -99.9 -99.9 -99.9 -99.9 -99.9 -99.9 -99.9 -99.9 -99.9 -99.9 -99.9 -99.9 -99.9 -99.9 -99.9 -99.9 0.0792319625616074 0.0696826949715614 0.0430816300213337 0.0155254071578383 0.00971570238471031 0.213236644864082 0.223940566182137 0.0579779706895351 0.223041549324989 0.00423471815884113 0.133916839957237
0.036430474370718 0.00088082515867427 0.00114094477612525 0.00647186022251844 0.0179417263716459 0.0109846778213978 0.0265039429068565 0.0874722823500633 0.0819977000355721 0.0564904250204563 0.00728966249153018 0.000390960136428475 0.0124961500987411 0.724602997303009 0.452481240034103 0.871981739997864 0.550972878932953 0.348920583724976 0.375866413116455 0.898109078407288 0.679322242736816 -99.9 -99.9 -99.9 -99.9 -99.9 -99.9 -99.9 -99.9 -99.9 -99.9 -99.9 -99.9 -99.9 -99.9 -99.9 -99.9 -99.9 -99.9 -99.9 -99.9 -99.9 -99.9 -99.9 -99.9 -99.9 -99.9 -99.9 -99.9 -99.9 -99.9 -99.9 0 0.0906138122081757 0.0443575046956539 0.0306075755506754 0.0119835697114468 0.00461178971454501 0.00298967934213579 0.00599717115983367 0.165507078170776 0.00769344391301274 0.00378897273913026
0.0444450564682484 0.000751663639675826 0.00155213719699532 0.000884125591255724 0.00632093753665686 0.0110276062041521 0.00744369067251682 0.0218895636498928 0.0502512753009796 0.00089728768216446 0.0213105212897062 0.0104335816577077 0.0106582790613174 0.00462306430563331 0.0036299480125308 0.0101021975278854 0.109475046396255 0.246206894516945 0.3128821849823 0.668244063854218 0.114405877888203 0.124118082225323 0.219284921884537 0 0.343523532152176 0.0531289801001549 0 -99.9 -99.9 -99.9 -99.9 -99.9 -99.9 -99.9 -99.9 -99.9 -99.9 -99.9 -99.9 -99.9 -99.9 -99.9 -99.9 -99.9 -99.9 -99.9 -99.9 -99.9 -99.9 -99.9 -99.9 0 -99.9 0.203774377703667 0.125220209360123 0.0367987416684628 0.0220397245138884 0.00541317975148559 0.00411127554252744 0.0076069631613791 0.00498274201527238 0.00309270271100104 0.00342587241902947
0.0065630073659122 0.00110503181349486 0.000852181401569396 0.00236537703312933 0.00433788588270545 0.00308410217985511 0.000954745744820684 0.00285609811544418 0.00239749974571168 0.00125496182590723 0.000666313106194139 0.00455657485872507 0.00706952065229416 0.00406418275088072 0.0032857593614608 0.00257439422421157 0.202522978186607 0.216917335987091 0.605600357055664 0.173128828406334 0.370226174592972 0.247538596391678 -99.9 -99.9 0.3051997423172 -99.9 -99.9 -99.9 -99.9 -99.9 -99.9 -99.9 -99.9 -99.9 -99.9 -99.9 -99.9 -99.9 -99.9 -99.9 -99.9 -99.9 -99.9 -99.9 -99.9 -99.9 -99.9 -99.9 0.647953033447266 -99.9 -99.9 -99.9 -99.9 0.0637196153402328 0.0875723585486412 0.0785247460007668 0.0653076171875 0.0295007079839706 0.0115571860224009 0.198390707373619 0.488070964813232 0.211291894316673 0.285131871700287
0.00909562781453133 0.000715487578418106 0.00113294750917703 0.00270539009943604 0.0019552381709218 0.00130318535957485 0.000771223451010883 0.000280627835309133 0.00029247481143102 5.46692863281351e-05 1.40841111715417e-05 4.27282247983385e-05 0.0014635524712503 0.00326706282794476 0.00216104183346033 0.0328013338148594 0.787328898906708 0.653085589408875 0.811993777751923 0.656390905380249 0.454539120197296 0.280276000499725 -99.9 -99.9 -99.9 -99.9 -99.9 -99.9 -99.9 -99.9 -99.9 -99.9 -99.9 -99.9 -99.9 -99.9 -99.9 -99.9 -99.9 -99.9 -99.9 -99.9 -99.9 -99.9 -99.9 -99.9 -99.9 -99.9 -99.9 -99.9 -99.9 -99.9 -99.9 -99.9 -99.9 -99.9 0 0.302585989236832 0.170100629329681 0.190165922045708 0.043423380702734 0.189159825444221 0.12963978946209
0.0566234029829502 0.000639802834484726 0.00105928245466202 0.00302465632557869 0.00209862040355802 0.00120530195999891 0.00123430427629501 0.00111771316733211 0.000764243595767766 0.000209166508284397 6.73446083965246e-06 0 0.0316298194229603 0.0961877033114433 0.137400731444359 0.364057391881943 0.863550424575806 0.673035383224487 0.51162725687027 0.818107545375824 0.468136668205261 -99.9 -99.9 -99.9 -99.9 -99.9 0.480986714363098 0 -99.9 -99.9 -99.9 0 -99.9 -99.9 -99.9 -99.9 -99.9 -99.9 -99.9 -99.9 -99.9 -99.9 -99.9 -99.9 -99.9 -99.9 -99.9 -99.9 -99.9 -99.9 -99.9 -99.9 -99.9 -99.9 -99.9 -99.9 -99.9 0 0.201225593686104 0.0524583868682384 0.494182616472244 0.20002056658268 0.139300391077995
