fish_book/data/sediment/disturbance/October.asc
NCOLS 207
NROWS 150
XLLCORNER -17
YLLCORNER 44
CELLSIZE 0.125
NODATA_VALUE -99.9
[rows 28 to 55 of 150, columns 63 to 125 of 207]
-99.9 -99.9 -99.9 -99.9 -99.9 -99.9 -99.9 -99.9 -99.9 -99.9 -99.9 -99.9 -99.9 -99.9 0.083891749382019 0.0215770844370127 0.0565857477486134 0.0200838129967451 0.0195529907941818 0.00954431388527155 0.00772057799622416 0.00495286891236901 0.00290605798363686 0.122888930141926 0.00105004746001214 0.0010282511357218 0 0.000545558403246105 0.00143128214403987 0.000738838280085474 0.0312489308416843 0.00267978687770665 0.00176923209801316 0.00107520166784525 0.00388243584893644 0.00679963594302535 0.193499714136124 0.126847892999649 0.218458831310272 0.213162541389465 0.00803801603615284 0.00765962759032845 0.0652100294828415 0.0349945798516273 0.0471340902149677 0.108686968684196 0 0 -99.9 0 -99.9 -99.9 -99.9 0.804201900959015 0.514673888683319 0.20980229973793 0.180162847042084 0.399038851261139 0.210625678300858 0.157202422618866 0.0613618306815624 0.12763848900795 0.129244655370712
-99.9 -99.9 -99.9 -99.9 -99.9 -99.9 -99.9 -99.9 -99.9 -99.9 -99.9 -99.9 -99.9 0.0323891900479794 0.060378722846508 0.0874007493257523 0.0077365031465888 0.0213990285992622 0.0224018506705761 0.00545704551041126 0.00408705789595842 0.00534086488187313 0.364982187747955 0.773273527622223 0.103245280683041 0.0538694858551025 0.0287236757576466 0.0950208157300949 0.0542998090386391 0.0341224335134029 0.0308131203055382 0.194524213671684 0.113889053463936 0.346534043550491 0.00155594130046666 0.00336969504132867 0.323914110660553 0.522417545318604 0.506168723106384 0.395041435956955 0.0488913431763649 0.00324335880577564 0.0164017733186483 0.028084134683013 0.0107571501284838 0.0747545287013054 -99.9 -99.9 -99.9 -99.9 -99.9 0 -99.9 0.448394924402237 0.30637189745903 0.271313011646271 0.30718144774437 0.539495229721069 0.355945408344269 0.280816107988358 0.00418936694040895 0.0444636829197407 0.0146929398179054
-99.9 -99.9 -99.9 -99.9 -99.9 -99.9 -99.9 -99.9 -99.9 -99.9 -99.9 -99.9 0.047089759260416 0.00227383431047201 0.159902051091194 0.00459493650123477 0.0147019540891051 0.0245574787259102 0.0188605785369873 0.00627372460439801 0.124182865023613 0.320550262928009 0.0646109282970428 0.0331193394958973 0.00542467599734664 0.0642828345298767 0.00165615195874125 0.00148467242252082 0.177933320403099 0.174484565854073 0.149380937218666 0.253068655729294 0.142142996191978 0.553150773048401 0.195852592587471 0.00114790676161647 0.179837763309479 0.106866866350174 0.0560088232159615 0.18043278157711 0.317677527666092 0.23325714468956 0.0059657976962626 0.0267957244068384 0.00512738851830363 0 -99.9 -99.9 -99.9 -99.9 -99.9 -99.9 0.189306139945984 0.0668908730149269 0.191786304116249 0.160985514521599 0.16088955104351 0.034955982118845 0.00749308010563254 0.103529036045074 0.0142644876614213 0.0448748990893364 0.0571639463305473
-99.9 -99.9 -99.9 -99.9 -99.9 -99.9 -99.9 -99.9 -99.9 -99.9 -99.9 0.0184336174279451 0.00315383402630687 0.171443119645119 0.11352975666523 0.00282353721559048 0.0108398338779807 0.0169442649930716 0.00384464138187468 0.00596350431442261 0.066042922437191 0.00197763415053487 0.00313486414961517 0.0120541751384735 0.135341256856918 0.0389403812587261 0.00927114859223366 0.169278264045715 0.174939528107643 0.258348047733307 0.268730491399765 0.326381742954254 0.205813631415367 0.358540803194046 0.279234230518341 0.193130165338516 0.236224874854088 0.235029831528664 0.241713136434555 0.20939601957798 0.318502843379974 0.221788883209229 0.00897784437984228 0.00358491204679012 0.479159653186798 0.85755467414856 -99.9 -99.9 0 -99.9 0.0651024878025055 0.00465983478352427 0.192791402339935 0.00857706274837255 0.135671257972717 0.0380536876618862 0.00768515188246965 0.0169341713190079 0.0747196972370148 0.1386459171772 0.059532105922699 0.119113475084305 0.0998904332518578
-99.9 -99.9 -99.9 -99.9 -99.9 -99.9 -99.9 0 0 0.0128440288826823 0.0133643662557006 0.00133567315060645 0.00231838063336909 0.00183199951425195 0.000291582109639421 0.000410988199291751 0.00109918753150851 0.000874110555741936 0.00051813927711919 0.00587926153093576 0.00640588765963912 0.0871992409229279 0.157071113586426 0.314756989479065 0.328658401966095 0.147943750023842 0.0800984501838684 0.0128210913389921 0.214892446994781 0.286731719970703 0.374916762113571 0.51069438457489 0 0 0.62865936756134 0.4250707924366 0.616788268089294 0.715074479579926 0.628198564052582 0.602222442626953 0.400612205266953 0.341683477163315 0.438329100608826 0.529744446277618 0 0 0 0 0 0 0.732564985752106 0.46662849187851 0.351202636957169 0.00871487148106098 0.00853824708610773 0.00609333300963044 0.0127295283600688 0.0191928446292877 0.153556033968925 0.0852538272738457 0.167023360729218 0.2375648021698 0.200462162494659
-99.9 -99.9 -99.9 0 0 0 0.00310007901862264 0.00697855465114117 0.00450671603903174 0.00175816041883081 0.00155935948714614 0.0013564060209319 0.00124308606609702 0.00163067970424891 0.000442165299318731 0.000471655977889895 0.118080973625183 0.000846266048029065 0.000376856041839346 0.00244886544533074 0.0258046016097069 0.14729306101799 0 0 0.366217225790024 0.0506380163133144 0.0140204280614853 0.0258684083819389 0.0345169976353645 0.151216298341751 0.349566578865051 0.470716714859009 -99.9 -99.9 -99.9 -99.9 -99.9 -99.9 0 -99.9 -99.9 -99.9 -99.9 -99.9 -99.9 -99.9 -99.9 -99.9 -99.9 0.63167816400528 0.878265559673309 0.786278545856476 0.549583613872528 0.0828282311558723 0.0078450134024024 0.0112541932612658 0.0241023600101471 0.106584899127483 0.183423012495041 0.178767800331116 0.271546393632889 0.331098020076752 0.180126324295998
0.0184072330594063 0.00972422212362289 0.0103634623810649 0.00687334919348359 0.00392229529097676 0.00231998437084258 0.00244853040203452 0.000826661707833409 0.00149901036638767 0.00137122231535614 0.000855632475577295 0.000546032970305532 0.00112468597944826 0.00116582389455289 0.000848014315124601 0.00122685171663761 0.000944250088650733 0.0242260619997978 0.0917264074087143 0.120136894285679 0 -99.9 -99.9 -99.9 0.574325323104858 0.0518149174749851 0.041280522942543 0.0538928061723709 0.0632365792989731 0.0274032149463892 0.130789041519165 0 -99.9 -99.9 -99.9 -99.9 -99.9 -99.9 -99.9 -99.9 -99.9 -99.9 -99.9 -99.9 -99.9 -99.9 -99.9 -99.9 -99.9 0.371917277574539 0.321096658706665 0.67763888835907 0.68408739566803 0.190813899040222 0.0177213158458471 0.0526411160826683 0.0497807934880257 0.0870645716786385 0.172237500548363 0.244821161031723 0.272744297981262 0.239062145352364 0.0879562571644783
0.00833901762962341 0.0104577811434865 0.012883884832263 0.0152561077848077 0.00531691964715719 0.0048005017451942 0.00211199745535851 0.000759190937969834 0.00171651039272547 0.000431430118624121 0.000382091093342751 0.000404673075536266 0.297567576169968 0.000523724884260446 0.000547588802874088 0.00175655668135732 0.00130637548863888 0 0 -99.9 -99.9 -99.9 -99.9 -99.9 0.169923409819603 0.270767271518707 0.106140434741974 0.0853471979498863 0.0613793320953846 0 0 -99.9 -99.9 -99.9 -99.9 -99.9 -99.9 -99.9 -99.9 -99.9 -99.9 -99.9 -99.9 -99.9 -99.9 -99.9 -99.9 -99.9 0 0.16285839676857 0.354088395833969 0.0410577617585659 0.0337081849575043 0.00445227697491646 0.00754922023043036 0.0293501894921064 0.088431641459465 0.159915834665298 0.219541296362877 0.34209680557251 0.16241854429245 0.0963331535458565 0.0191608499735594
0.00388803239911795 0.00320561416447163 0.00568844191730022 0.00328096514567733 0.00388935417868197 0.00471036834642291 0.00250332173891366 0.00113082502502948 0.001490687020123 0.000573418568819761 0.000335963035468012 0.00034536313614808 0.0296051390469074 0.000420026481151581 0.00313145807012916 0.00352645362727344 -99.9 -99.9 -99.9 -99.9 -99.9 -99.9 -99.9 0 0.512706696987152 0.269129067659378 0.248547792434692 0.193748340010643 0.146298587322235 0 -99.9 -99.9 -99.9 -99.9 -99.9 -99.9 -99.9 -99.9 -99.9 -99.9 -99.9 -99.9 -99.9 -99.9 -99.9 0 0.32065412402153 0.203370049595833 0.204712972044945 0.0338914282619953 0.172119215130806 0.0351935215294361 0.0662923529744148 0.0351672023534775 0.0296330694109201 0.0275255367159843 0.0289586987346411 0.0466290190815926 0.145545408129692 0.0929167196154594 0.123748973011971 0.112640246748924 0.0455426871776581
0.00250379904173315 0.00532534345984459 0.0033395835198462 0.0022356656845659 0.0282393712550402 0.0100470287725329 0.0249033439904451 0.0155216408893466 0.00195433502085507 0.00106882303953171 0.0257062464952469 0.0307601671665907 0.000305213907267898 0.000760424125473946 0.00338201108388603 0 -99.9 -99.9 -99.9 -99.9 -99.9 -99.9 0 0.181116700172424 0.223064333200455 0.192903578281403 0.189176321029663 0.195091128349304 0.146773874759674 -99.9 -99.9 -99.9 -99.9 -99.9 -99.9 -99.9 -99.9 -99.9 -99.9 -99.9 -99.9 -99.9 -99.9 -99.9 0.0305591635406017 0.0113338381052017 0.220815777778625 0.24610847234726 0.0380095466971397 0.00406080344691873 0.0196639895439148 0.0281679835170507 0.0281557403504848 0.00584322353824973 0.0150020867586136 0.0220650173723698 0.013310301117599 0.0222674403339624 0.0530022196471691 0.265086889266968 0.22361147403717 0.206694170832634 0.0339527800679207
0.00507980166003108 0.00400277646258473 0.00276062847115099 0.00481589557603002 0.105052009224892 0 0.0921973511576653 0.0852085724473 0.0056168008595705 0.0697359219193459 0.120526663959026 0.00135634583421052 0.00142133014742285 0.453752666711807 0.208024054765701 0.273327231407166 -99.9 -99.9 -99.9 -99.9 -99.9 0 0 0.404581665992737 0.121738828718662 0.128147721290588 0.483778148889542 0 0 0 -99.9 -99.9 -99.9 -99.9 -99.9 -99.9 -99.9 -99.9 -99.9 -99.9 -99.9 -99.9 0 0.218052297830582 0.0356449969112873 0.0422034971415997 0.0429955348372459 0.0319752246141434 0.0231426451355219 0.017316734418273 0.0299926903098822 0.0216554794460535 0.0512544997036457 0.0139535451307893 0.0312772020697594 0.0271684490144253 0.053450733423233 0.226810574531555 0.0593175254762173 0.0475386157631874 0.0111088193953037 0.00579082360491157 0.232329249382019
0.00560090551152825 0.00491551496088505 0.00375257385894656 0 -99.9 0 0.0740559473633766 0.221423670649529 0.124020710587502 0.00589299201965332 0.00575099885463715 0.00554416980594397 0.0046983677893877 0.246491670608521 -99.9 -99.9 -99.9 -99.9 -99.9 0 0.652840375900269 0.701583027839661 0.527324497699738 0.186071649193764 0.0730689316987991 0.332572847604752 -99.9 -99.9 -99.9 -99.9 -99.9 -99.9 -99.9 -99.9 -99.9 -99.9 -99.9 -99.9 -99.9 -99.9 -99.9 -99.9 -99.9 0.313339382410049 0.107036106288433 0.083621121942997 0.0673494338989258 0.0639886558055878 0.123362354934216 0.103789284825325 0.0504400916397572 0.0709960162639618 0.0962478145956993 0.0829021707177162 0.10874255001545 0.0889593958854675 0.0479140020906925 0.233438566327095 0.297485411167145 0.750126123428345 0.555860698223114 0.27805969119072 0.295434951782227
0.00432362221181393 0.00404523313045502 0.00466636614874005 0.0268144328147173 0.024557838216424 0.0491282716393471 0.112109266221523 0.159214556217194 0.0348090492188931 0.00486320722848177 0.133180022239685 0 0 -99.9 -99.9 -99.9 -99.9 0 0.255946308374405 0.167121782898903 0.0436786450445652 0 -99.9 0 0.356234669685364 0 -99.9 -99.9 -99.9 -99.9 -99.9 -99.9 -99.9 -99.9 -99.9 -99.9 -99.9 -99.9 -99.9 -99.9 -99.9 -99.9 0 0 -99.9 -99.9 -99.9 -99.9 -99.9 -99.9 -99.9 -99.9 -99.9 -99.9 -99.9 -99.9 -99.9 -99.9 0 0.530503630638123 0.492093920707703 0.492028892040253 0.436108976602554
0.00336072454228997 0.00153774034697562 0.00288502778857946 0.00647192168980837 0.0203866362571716 0.0417789742350578 0.0529510900378227 0.0304554495960474 0.00819831062108278 0.0331205129623413 0.131800025701523 0.311021000146866 -99.9 -99.9 -99.9 -99.9 0 0.220373064279556 0.115747027099133 0 -99.9 0 -99.9 -99.9 0 0 -99.9 -99.9 -99.9 -99.9 -99.9 -99.9 -99.9 -99.9 -99.9 -99.9 -99.9 -99.9 -99.9 -99.9 -99.9 -99.9 -99.9 -99.9 -99.9 -99.9 -99.9 -99.9 -99.9 -99.9 -99.9 -99.9 -99.9 -99.9 -99.9 -99.9 -99.9 -99.9 -99.9 0.787872731685638 0.715336263179779 0.78338760137558 0.477349281311035
0.00285697169601917 0.00181095337029546 0.00256498134694993 0.0108262207359076 0.0222506690770388 0.0300597343593836 0.0106047559529543 0.00674525555223227 0.00639535812661052 0.00196034996770322 0.000976300216279924 0.0275219120085239 0.327020227909088 -99.9 -99.9 0 0.176269218325615 0.190245315432549 0 -99.9 -99.9 -99.9 -99.9 -99.9 -99.9 0 -99.9 -99.9 -99.9 -99.9 -99.9 -99.9 -99.9 -99.9 -99.9 -99.9 -99.9 -99.9 -99.9 -99.9 -99.9 -99.9 -99.9 -99.9 -99.9 -99.9 -99.9 -99.9 -99.9 -99.9 -99.9 -99.9 -99.9 -99.9 -99.9 -99.9 -99.9 -99.9 -99.9 0.790814340114594 0.676654756069183 0.572440624237061 0.258134722709656
0.00266750971786678 0.00509317172691226 0.0348183922469616 0.0412965901196003 0.0147051429376006 0.0121818259358406 0.00590823777019978 0.0142446206882596 0.011934625916183 0.00435002986341715 0.000750285282265395 0.159856528043747 0.284984469413757 -99.9 -99.9 0 0.184800297021866 0.186489224433899 0.156042978167534 0 0 -99.9 -99.9 -99.9 -99.9 -99.9 -99.9 -99.9 -99.9 -99.9 -99.9 -99.9 -99.9 -99.9 -99.9 -99.9 -99.9 -99.9 -99.9 -99.9 -99.9 -99.9 -99.9 -99.9 -99.9 -99.9 -99.9 -99.9 -99.9 -99.9 -99.9 -99.9 -99.9 -99.9 -99.9 -99.9 -99.9 -99.9 0.508812963962555 0.359185695648193 0.644145369529724 0.647328913211823 0.487647950649261
0.00211953278630972 0.0603462979197502 0.153846085071564 0.0737016797065735 0.0049288934096694 0.00348202092573047 0.0168590974062681 0.0257299561053514 0.0171362981200218 0.00893898028880358 0.000639746489468962 0.182229191064835 0.311690956354141 0 -99.9 0 0.250323265790939 0.296901404857635 0.277194708585739 0.165279284119606 0.346972078084946 0 -99.9 -99.9 -99.9 -99.9 -99.9 -99.9 -99.9 -99.9 -99.9 -99.9 -99.9 -99.9 -99.9 -99.9 -99.9 -99.9 -99.9 -99.9 -99.9 -99.9 -99.9 -99.9 -99.9 -99.9 -99.9 -99.9 -99.9 -99.9 -99.9 -99.9 -99.9 -99.9 -99.9 -99.9 -99.9 0.866924524307251 0.56317663192749 0.539940595626831 0.544856071472168 0.508567869663239 0.50916576385498
0.000971217930782586 0.00836212188005447 0.0313520953059196 0.0156173324212432 0.000924615655094385 0.00408846465870738 0.0232761651277542 0.032876119017601 0.0114768231287599 0.00286201457493007 0.000533810933120549 0.120019443333149 0 -99.9 -99.9 0 0.287929594516754 0.370066940784454 0.432853221893311 0.390326261520386 -99.9 0 -99.9 0 0 -99.9 -99.9 -99.9 -99.9 -99.9 -99.9 -99.9 -99.9 -99.9 -99.9 -99.9 -99.9 -99.9 -99.9 -99.9 -99.9 -99.9 -99.9 -99.9 -99.9 -99.9 -99.9 -99.9 -99.9 -99.9 -99.9 -99.9 -99.9 -99.9 -99.9 -99.9 0 0.314387798309326 0.335785865783691 0.264568746089935 0.258797615766525 0.46663299202919 0.107807092368603
0.0284290965646505 0.0222765821963549 0.000993985682725906 0.00381481018848717 0.00332777504809201 0.00698150042444468 0.00965413730591536 0.0127856926992536 0.140048965811729 0.156900107860565 0.00356977549381554 0.727303922176361 -99.9 -99.9 0 0.463698416948318 0.317659914493561 0.34391251206398 0.436720818281174 0.548134088516235 0.200431004166603 0 -99.9 -99.9 0 0 -99.9 -99.9 -99.9 -99.9 -99.9 -99.9 -99.9 -99.9 -99.9 -99.9 -99.9 -99.9 -99.9 -99.9 -99.9 -99.9 -99.9 -99.9 -99.9 -99.9 -99.9 -99.9 -99.9 -99.9 -99.9 -99.9 -99.9 -99.9 -99.9 -99.9 0.235806122422218 0.24919006228447 0.302570909261703 0.268503725528717 0.444629728794098 0.595558702945709 0.375633388757706
-99.9 0.0165257193148136 0.0025578944478184 0.00837364327162504 0.0319499149918556 0.00335476826876402 0.0056541645899415 0.0143025377765298 0.0322060659527779 0.0477577932178974 0.304882943630219 0 0 0.528756320476532 0.30590832233429 0.311171293258667 0.545384466648102 0.241375342011452 0.12881338596344 0.241781488060951 0 0.0631402283906937 0 0 0 0 -99.9 -99.9 -99.9 -99.9 -99.9 -99.9 -99.9 -99.9 -99.9 -99.9 -99.9 -99.9 -99.9 -99.9 -99.9 -99.9 -99.9 -99.9 -99.9 -99.9 -99.9 -99.9 -99.9 -99.9 -99.9 -99.9 -99.9 -99.9 -99.9 0 0.474429935216904 0.496862292289734 0.344015806913376 0.394299298524857 0.243015706539154 0.270816296339035 0.351903587579727
-99.9 0.00362578989006579 0.001986418152228 0.0484207719564438 0.15659587085247 0.0950461328029633 0.0180822685360909 0.0729004964232445 0.0323976166546345 0.0566460750997066 0.260386735200882 0.769556879997253 0.176671147346497 0.254397988319397 0.352562874555588 0.294485747814178 0.260818064212799 0.430730789899826 0.11289007216692 0.0462081357836723 0 0 0.381520807743073 -99.9 -99.9 -99.9 -99.9 -99.9 -99.9 -99.9 -99.9 -99.9 -99.9 -99.9 -99.9 -99.9 -99.9 -99.9 -99.9 -99.9 -99.9 -99.9 -99.9 -99.9 -99.9 -99.9 -99.9 -99.9 -99.9 -99.9 -99.9 -99.9 -99.9 -99.9 0.1005869358778 0.216132059693336 0.23851603269577 0.313861399888992 0.128741219639778 0.00556251825764775 0.141768768429756 0.00366655108518898 0.00658753095194697
0 0.00114457425661385 0.00150594033766538 0.0219595227390528 0.0828204900026321 0.0626151040196419 0.108986079692841 0.11627484112978 0.0591955296695232 0.132657811045647 0.279537349939346 0.202395051717758 0.107534065842628 0.14745058119297 0.390614628791809 0.342302113771439 0.723003923892975 -99.9 -99.9 -99.9 0 0.441800743341446 -99.9 -99.9 -99.9 -99.9 -99.9 -99.9 -99.9 -99.9 -99.9 -99.9 -99.9 -99.9 -99.9 -99.9 -99.9 -99.9 -99.9 -99.9 -99.9 -99.9 -99.9 -99.9 -99.9 -99.9 -99.9 -99.9 -99.9 -99.9 -99.9 -99.9 -99.9 0 0.132426649332047 0.0842601284384727 0.145597994327545 0.409074991941452 0.00596241978928447 0.00521447276696563 0.217785000801086 0.00342427683062851 0.00344484345987439
0.000656376825645566 0.00128977443091571 0.00284668570384383 0.0182458143681288 0.0349928215146065 0.0345419161021709 0.145015850663185 0.186005890369415 0.0699209421873093 0.0477257743477821 0.0107712186872959 0.028653584420681 0.149845346808434 0.529367804527283 0.5725177526474 0.59688937664032 0.755992114543915 -99.9 0 0.252306789159775 0.272582024335861 0 0 -99.9 -99.9 -99.9 -99.9 -99.9 -99.9 -99.9 -99.9 -99.9 -99.9 -99.9 -99.9 -99.9 -99.9 -99.9 -99.9 -99.9 -99.9 -99.9 -99.9 -99.9 -99.9 -99.9 -99.9 -99.9 -99.9 -99.9 -99.9 -99.9 0.0782097801566124 0.0696826949715614 0.0430816300213337 0.0155254071578383 0.127763822674751 0.237221792340279 0.24672769010067 0.191512495279312 0.246182054281235 0.217063024640083 0.224220290780067
0.0329049453139305 0.000852411438245326 0.00110414018854499 0.00605432083830237 0.0167841967195272 0.0109846778213978 0.0265039429068565 0.0818289071321487 0.11902891844511 0.0624778866767883 0.00627067731693387 0.00113504554610699 0.0124961500987411 0.509532809257507 0.452481240034103 0.871981739997864 0.389215141534805 0.384956240653992 0.395486027002335 0.646238088607788 0.492059022188187 -99.9 -99.9 -99.9 -99.9 -99.9 -99.9 -99.9 -99.9 -99.9 -99.9 -99.9 -99.9 -99.9 -99.9 -99.9 -99.9 -99.9 -99.9 -99.9 -99.9 -99.9 -99.9 -99.9 -99.9 -99.9 -99.9 -99.9 -99.9 -99.9 -99.9 -99.9 0 0.0937384217977524 0.0475258976221085 0.0306075755506754 0.0119835697114468 0.00461178971454501 0.00298967934213579 0.00599717115983367 0.221147552132607 0.164922416210175 0.193720206618309
0.0344090759754181 0.000727416423615068 0.00150206824764609 0.00085560540901497 0.00611703610047698 0.0106718773022294 0.0072035719640553 0.0211834497749805 0.0502512753009796 0.00089728768216446 0.00171422853600234 0.0100970147177577 0.00859538652002811 0.00462306430563331 0.0035128528252244 0.00977632030844688 0.0745061039924622 0.30218917131424 0.398250073194504 0.423903048038483 0.141393780708313 0.14377935230732 0.212211221456528 0 0.29682332277298 0.0822642222046852 0 -99.9 -99.9 -99.9 -99.9 -99.9 -99.9 -99.9 -99.9 -99.9 -99.9 -99.9 -99.9 -99.9 -99.9 -99.9 -99.9 -99.9 -99.9 -99.9 -99.9 -99.9 -99.9 -99.9 -99.9 0 -99.9 0.240070804953575 0.163594141602516 0.0427340231835842 0.0227997153997421 0.00559984147548676 0.00411127554252744 0.0076069631613791 0.100584723055363 0.00309270271100104 0.179258719086647
0.00613958761096001 0.000962447084020823 0.000604773871600628 0.00183125957846642 0.00237884069792926 0.00227399240247905 0.00288733607158065 0.00342731759883463 0.00239749974571168 0.00125496182590723 0.000515855324920267 0.00440958887338638 0.00513110356405377 0.00327756651677191 0.0032857593614608 0.00257439422421157 0.228069365024567 0.147563338279724 0.396499902009964 0.327537149190903 0.42225456237793 0.319406807422638 -99.9 -99.9 0.384106427431107 -99.9 -99.9 -99.9 -99.9 -99.9 -99.9 -99.9 -99.9 -99.9 -99.9 -99.9 -99.9 -99.9 -99.9 -99.9 -99.9 -99.9 -99.9 -99.9 -99.9 -99.9 -99.9 -99.9 0.644295573234558 -99.9 -99.9 -99.9 -99.9 0.0858665853738785 0.10169693082571 0.113600447773933 0.0725640207529068 0.122631303966045 0.0115571860224009 0.223428189754486 0.442863076925278 0.26775398850441 0.306175291538239
0.00850881263613701 0.000553925870917737 0.000718331546522677 0.00178508146200329 0.00149381521623582 0.000964406644925475 0.000746345263905823 0.00054315070156008 0.00056608027080074 0.000158717288286425 2.72595698334044e-05 5.16873697051778e-05 0.00106225581839681 0.00252933893352747 0.00216104183346033 0.150420442223549 0.445982754230499 0.422343701124191 0.612836182117462 0.508480072021484 0.372440993785858 0.280276000499725 -99.9 -99.9 -99.9 -99.9 -99.9 -99.9 -99.9 -99.9 -99.9 -99.9 -99.9 -99.9 -99.9 -99.9 -99.9 -99.9 -99.9 -99.9 -99.9 -99.9 -99.9 -99.9 -99.9 -99.9 -99.9 -99.9 -99.9 -99.9 -99.9 -99.9 -99.9 -99.9 -99.9 -99.9 0 0.29470419883728 0.282458573579788 0.215800747275352 0.197064012289047 0.275317162275314 0.211215123534203
0.0566234029829502 0.000639802834484726 0.00105928245466202 0.00282615283504128 0.00165482610464096 0.00116642122156918 0.00128637172747403 0.00137665553484112 0.000853373785503209 0.000253023987170309 5.39356142326142e-06 0 0.00109639158472419 0.153820499777794 0.176884368062019 0.249017357826233 0.780045807361603 0.521130204200745 0.51162725687027 0.818107545375824 0.468136668205261 -99.9 -99.9 -99.9 -99.9 -99.9 0.508187532424927 0 -99.9 -99.9 -99.9 0 -99.9 -99.9 -99.9 -99.9 -99.9 -99.9 -99.9 -99.9 -99.9 -99.9 -99.9 -99.9 -99.9 -99.9 -99.9 -99.9 -99.9 -99.9 -99.9 -99.9 -99.9 -99.9 -99.9 -99.9 -99.9 0 0.109205022454262 0.142280414700508 0.39223912358284 0.218882814049721 0.185384154319763
