fish_book/data/sediment/Wilson_et_al_2017_data_files_asc/GravelPercent.asc
NCOLS 200
NROWS 150
XLLCORNER -16
YLLCORNER 44
CELLSIZE 0.125
NODATA_VALUE -99.9
[rows 27 to 53 of 150, columns 61 to 121 of 200]
-99.9 -99.9 -99.9 -99.9 -99.9 -99.9 -99.9 -99.9 -99.9 -99.9 -99.9 -99.9 12.5240268707275 9.9682502746582 6.86606121063232 5.85421085357666 3.46578001976013 4.15161991119385 5.94590854644775 11.6620311737061 15.5511999130249 9.69869422912598 14.1175212860107 12.6664953231812 8.12543392181396 5.44842767715454 3.92688798904419 25.9848518371582 25.1411800384521 31.0697402954102 47.9178810119629 37.5714454650879 29.6391372680664 10.6932640075684 5.81006002426147 0.524587392807007 7.82202386856079 6.93022394180298 11.5761413574219 12.9117698669434 20.8102264404297 44.2899131774902 19.8404769897461 -99.9 33.1389808654785 42.2945899963379 54.5975151062012 41.6093444824219 55.5212326049805 36.1535949707031 32.5999298095703 21.5688209533691 44.0394630432129 38.7518539428711 21.8007431030273 7.67919540405273 1.71270382404327 1.50812685489655 1.34991753101349 0.356076091527939 0.932218194007874
-99.9 -99.9 -99.9 -99.9 -99.9 -99.9 -99.9 -99.9 15.114767074585 15.226222038269 11.1422233581543 13.6719055175781 11.4143981933594 5.57230472564697 6.48135757446289 5.78199148178101 4.77973222732544 5.36577558517456 4.1894679069519 10.4318828582764 26.0163631439209 14.2454242706299 34.7284698486328 4.35385942459106 13.6622295379639 37.0700263977051 35.5628051757812 28.1461143493652 11.8302335739136 14.4165563583374 50.2739868164062 44.2281799316406 43.7377548217773 6.99487781524658 8.54888916015625 2.18569040298462 6.84859991073608 30.6379928588867 41.8963775634766 44.4894943237305 52.9345664978027 14.6118669509888 -99.9 24.3983573913574 -99.9 -99.9 41.6477546691895 16.901969909668 24.0497817993164 18.7825355529785 31.9674243927002 27.4551944732666 35.6553268432617 19.8363819122314 6.928138256073 2.75032114982605 1.5951737165451 1.50368571281433 0.702526450157166 0.366463303565979 0.361871391534805
-99.9 -99.9 -99.9 -99.9 -99.9 -99.9 -99.9 17.9076728820801 12.7096757888794 2.77080416679382 20.4078006744385 11.6421985626221 4.76958990097046 1.9284895658493 8.71765041351318 22.9469432830811 5.8368706703186 11.2304697036743 20.8101749420166 17.3496704101562 12.6184892654419 2.52930188179016 17.2222881317139 5.13507032394409 15.420690536499 45.4259033203125 41.4301795959473 17.4164752960205 11.8965320587158 9.49846267700195 22.9643115997314 37.7338981628418 43.9628639221191 12.5829296112061 25.4859600067139 10.0348358154297 3.89804029464722 10.5804805755615 19.2562942504883 42.3204727172852 -99.9 -99.9 -99.9 17.7649116516113 -99.9 22.343189239502 12.7881193161011 7.39931917190552 5.10582160949707 6.80260181427002 4.88988780975342 7.10245513916016 8.25404644012451 3.76002979278564 3.1833484172821 1.5223445892334 0.690717756748199 0.999445140361786 1.00341856479645 0.380500644445419 0.128027528524399
-99.9 -99.9 -99.9 -99.9 -99.9 -99.9 21.8819408416748 48.4421081542969 62.0871505737305 35.5170364379883 13.7043895721436 8.44043731689453 1.61534094810486 1.11667418479919 5.22495603561401 10.2460517883301 2.1687970161438 2.10216903686523 8.46532535552979 35.9089279174805 1.88098657131195 2.98835515975952 45.3095970153809 10.8197727203369 23.7856502532959 21.7556247711182 26.724702835083 18.3489532470703 32.6600799560547 6.42134809494019 20.6222705841064 17.5250225067139 13.4136343002319 30.1029434204102 45.3250465393066 19.9732036590576 0.237088918685913 0.48409315943718 14.8192014694214 41.9903221130371 -99.9 -99.9 -99.9 -99.9 -99.9 55.0441627502441 17.1654090881348 2.30630135536194 1.17481136322021 0.870075225830078 1.02615749835968 2.08056449890137 1.73076951503754 2.2519736289978 0.656829714775085 1.28370583057404 2.33799171447754 1.08863401412964 1.27271831035614 0.681687414646149 0.283866822719574
-99.9 -99.9 -99.9 -99.9 -99.9 14.4098138809204 33.471809387207 55.9762077331543 49.8476982116699 21.5344352722168 26.9839935302734 22.062744140625 3.56905627250671 2.21683883666992 3.54351186752319 5.61798238754272 4.54327201843262 3.24742817878723 8.19788265228271 14.7673006057739 4.55762434005737 26.0386772155762 40.4740867614746 20.4147510528564 16.9861869812012 8.18462944030762 9.18578815460205 14.585018157959 13.6726942062378 14.7477855682373 18.8869915008545 8.94718933105469 6.87403774261475 18.9810237884521 24.2057666778564 3.32647013664246 11.1861371994019 5.41357326507568 21.9079399108887 14.2445344924927 -99.9 -99.9 49.5731353759766 -99.9 46.8470726013184 30.3814296722412 2.96171116828918 1.66981470584869 0.817912340164185 0.718327641487122 2.26842427253723 1.05886721611023 0.482862502336502 0.329525828361511 0.230783119797707 2.69256162643433 17.2382888793945 2.5455539226532 4.25011205673218 0.352742403745651 0.310775995254517
-99.9 17.639928817749 14.9928646087646 9.7421817779541 20.5457649230957 25.2344837188721 25.0424880981445 30.8372058868408 17.9955139160156 16.3791370391846 41.1738319396973 17.6230697631836 11.216947555542 11.3866090774536 8.79441070556641 12.0314311981201 19.5044937133789 17.2181091308594 4.02630376815796 0.529562711715698 5.15209436416626 10.1903800964355 6.76253700256348 19.6734943389893 38.9601440429688 41.370532989502 44.6316413879395 32.8387680053711 30.4122714996338 26.8602428436279 26.4728088378906 17.9059810638428 2.73626112937927 6.79226112365723 4.71997165679932 4.77263975143433 9.82841014862061 17.956018447876 25.7734489440918 14.2645893096924 38.6146240234375 43.1941871643066 38.0481452941895 52.864688873291 26.7434997558594 9.96746826171875 10.7791500091553 5.72001838684082 9.90904426574707 15.2477769851685 6.87754726409912 0.872681677341461 0.214444369077682 0.0899019464850426 0.237003087997437 0.253195554018021 0.285804986953735 0.276450961828232 0.334394991397858 0.148815974593163 0.210135012865067
8.81367111206055 9.25171279907227 5.72194910049438 6.23582363128662 14.1735963821411 15.0083894729614 21.1826229095459 14.36106300354 15.9651956558228 37.6528549194336 54.4738540649414 12.2443799972534 21.5103168487549 28.8983745574951 25.9672431945801 25.28271484375 28.5496082305908 7.37800979614258 0.702340960502625 0.293574810028076 0.0294324215501547 0.0988828539848328 2.27231001853943 44.9960823059082 32.387149810791 39.3864707946777 -99.9 -99.9 -99.9 -99.9 -99.9 -99.9 44.228572845459 -99.9 -99.9 -99.9 -99.9 -99.9 -99.9 -99.9 -99.9 -99.9 37.3864974975586 27.4790859222412 16.4076824188232 9.80525302886963 6.39686250686646 1.64304518699646 8.08599948883057 5.89834642410278 0.636308252811432 0.125506177544594 0.303385734558105 0.170298546552658 0.110949382185936 0.326303333044052 0.36572802066803 0.21114319562912 0.194670617580414 0.2494016289711 0.140510573983192
7.50210762023926 16.5051364898682 17.0711479187012 2.19832873344421 4.64338064193726 7.33774137496948 37.9776496887207 42.3261337280273 21.2617492675781 26.5850009918213 40.1631469726562 25.2818717956543 30.4079856872559 37.2561340332031 37.0288505554199 -99.9 -99.9 -99.9 1.87539076805115 0.737008571624756 0.113170467317104 0.221766322851181 0.503312230110168 15.0008506774902 29.7648181915283 11.135968208313 -99.9 -99.9 -99.9 -99.9 -99.9 -99.9 -99.9 -99.9 -99.9 -99.9 -99.9 -99.9 -99.9 -99.9 -99.9 -99.9 55.9985656738281 17.7644176483154 10.929313659668 4.70678281784058 3.92436480522156 5.90680313110352 8.34410285949707 0.107714243233204 0.00134333898313344 0.332315623760223 0.177341982722282 0.0571159049868584 0.282516062259674 0.0863002836704254 0.0623326562345028 0.0822120681405067 0.0667475685477257 0.444688349962234 0.227905452251434
9.42798042297363 12.5238962173462 22.7518863677979 1.25240468978882 2.65623617172241 4.28838157653809 23.2601490020752 16.3445949554443 5.39810419082642 5.80024671554565 9.77099323272705 10.2599849700928 10.5408735275269 -99.9 -99.9 -99.9 -99.9 -99.9 1.00184762477875 0.691226243972778 4.4043025970459 2.33469128608704 2.82181739807129 10.1489353179932 13.1204681396484 -99.9 -99.9 -99.9 -99.9 -99.9 -99.9 -99.9 -99.9 -99.9 -99.9 -99.9 -99.9 -99.9 -99.9 -99.9 -99.9 -99.9 11.472731590271 1.54727816581726 1.55042362213135 3.88753962516785 8.01033401489258 23.4854679107666 31.0466423034668 4.23463344573975 1.14141368865967 0.22027376294136 0.0839473903179169 0.111675091087818 0.270301848649979 0.160500451922417 0.14713054895401 1.78653836250305 0.541983962059021 0.15247531235218 0.170298799872398
13.6573181152344 24.8323402404785 9.94473743438721 14.4372129440308 1.36506199836731 2.91216897964478 9.26581001281738 4.29724836349487 0.490368813276291 2.66570496559143 -99.9 -99.9 -99.9 -99.9 -99.9 -99.9 10.9509925842285 2.73301792144775 0.667577624320984 0.163650289177895 5.1560173034668 4.40750169754028 10.6780700683594 17.4309902191162 -99.9 -99.9 -99.9 -99.9 -99.9 -99.9 -99.9 -99.9 -99.9 -99.9 -99.9 -99.9 -99.9 -99.9 -99.9 48.4095993041992 29.7603168487549 3.18132066726685 2.36104893684387 1.76679074764252 11.6583833694458 12.9426460266113 43.6012229919434 11.7678928375244 7.49334955215454 15.9089460372925 6.15499258041382 0.24407272040844 0.0235667321830988 0.00471462402492762 0.221420526504517 0.0389068908989429 0.0581777915358543 0.220051735639572 0.0883997678756714 0.0497358627617359 0.115240946412086
12.5074691772461 8.33073997497559 24.8855304718018 43.1025886535645 21.6539344787598 5.37797021865845 31.5179805755615 14.5335302352905 5.50270128250122 4.11654281616211 -99.9 -99.9 -99.9 -99.9 -99.9 -99.9 12.6775789260864 2.90752863883972 19.7710552215576 21.467981338501 2.33980846405029 2.00502109527588 10.5491342544556 -99.9 -99.9 -99.9 -99.9 -99.9 -99.9 -99.9 -99.9 -99.9 -99.9 -99.9 -99.9 -99.9 -99.9 -99.9 25.2187900543213 24.2002487182617 13.8299322128296 0.403708964586258 5.72128963470459 10.1095933914185 9.00434112548828 17.6262245178223 17.4524021148682 5.68226623535156 2.08770775794983 10.234787940979 10.1557989120483 1.27241897583008 0.774444401264191 11.7907876968384 2.64184069633484 0.552260458469391 2.57364201545715 2.59268617630005 0.0209902804344893 0.030853720381856 0.165400773286819
31.8433876037598 18.7068576812744 12.5491781234741 30.1255416870117 46.9480133056641 3.10740280151367 25.3405990600586 38.8739547729492 11.6494054794312 3.23525047302246 -99.9 -99.9 -99.9 -99.9 -99.9 39.0837326049805 46.403938293457 6.65939235687256 26.3853492736816 24.7440090179443 15.3452186584473 6.73375606536865 6.53095579147339 6.8721489906311 -99.9 -99.9 -99.9 -99.9 -99.9 -99.9 -99.9 -99.9 -99.9 -99.9 -99.9 -99.9 7.76246404647827 19.2126617431641 5.16542625427246 13.6803789138794 2.59860777854919 1.89708077907562 0.089951179921627 1.23067879676819 0.400906831026077 0.106425583362579 0.267234921455383 27.5343399047852 11.0795555114746 6.30627346038818 3.54653072357178 1.39472389221191 0.711445271968842 1.93178904056549 2.65218043327332 0.80504047870636 0.419695854187012 0.0680942088365555 0.0802490338683128 0.0352636091411114 0.0994880422949791
12.3974580764771 7.32680988311768 3.86662673950195 9.56813526153564 19.5916538238525 0.48284187912941 4.07266855239868 16.9791526794434 17.5561618804932 3.83984446525574 -99.9 -99.9 -99.9 19.5116996765137 34.7159614562988 29.8416996002197 47.2675514221191 13.3548946380615 2.34404826164246 3.02953195571899 -99.9 -99.9 -99.9 -99.9 -99.9 -99.9 -99.9 -99.9 -99.9 -99.9 -99.9 -99.9 -99.9 -99.9 -99.9 -99.9 -99.9 37.9794235229492 22.3862266540527 6.26973581314087 3.2297511100769 7.90157508850098 17.7239265441895 27.4937839508057 13.24001121521 5.34478425979614 1.20634508132935 4.46932792663574 1.15479016304016 3.89380741119385 7.90665197372437 4.82056474685669 5.56169939041138 20.012731552124 18.374813079834 6.73807525634766 1.62177228927612 0.576945662498474 0.372654944658279 0.218622893095016 0.121257193386555
2.73169159889221 5.06351327896118 6.19282293319702 0.966393291950226 0.7080939412117 0.521869301795959 7.38837051391602 3.61103200912476 -99.9 -99.9 5.2567400932312 4.4335560798645 10.0915784835815 22.0012359619141 26.5523567199707 17.4887599945068 -99.9 36.5070037841797 4.48304748535156 10.5757160186768 17.1296424865723 -99.9 -99.9 -99.9 -99.9 -99.9 -99.9 -99.9 -99.9 -99.9 -99.9 -99.9 -99.9 -99.9 -99.9 -99.9 4.35601854324341 5.61892652511597 2.2417619228363 -99.9 -99.9 -99.9 -99.9 -99.9 -99.9 -99.9 -99.9 -99.9 -99.9 -99.9 -99.9 28.9555568695068 38.2729759216309 34.3646469116211 15.6096906661987 7.14891052246094 4.96460485458374 9.13525199890137 1.71898102760315 0.110711775720119 0.0310405977070332
6.90303993225098 22.5190010070801 29.012809753418 7.11012029647827 0.34408837556839 3.76908111572266 17.3539733886719 -99.9 -99.9 -99.9 8.80926418304443 22.6701030731201 11.2541761398315 11.0648937225342 -99.9 3.14484047889709 -99.9 -99.9 20.9067649841309 13.4249486923218 -99.9 -99.9 -99.9 -99.9 -99.9 -99.9 -99.9 -99.9 -99.9 -99.9 -99.9 -99.9 -99.9 -99.9 -99.9 -99.9 -99.9 -99.9 -99.9 -99.9 -99.9 -99.9 -99.9 -99.9 -99.9 -99.9 -99.9 -99.9 -99.9 -99.9 -99.9 -99.9 -99.9 15.8051795959473 11.5140953063965 10.528112411499 2.64521431922913 2.19594144821167 0.521041989326477 0.151610642671585 0.277984619140625
28.1563320159912 44.1212692260742 46.3552322387695 7.95500802993774 0.550639808177948 15.029200553894 25.9874095916748 17.5520858764648 -99.9 2.54806661605835 5.08690547943115 8.07524681091309 38.0021286010742 -99.9 -99.9 -99.9 -99.9 -99.9 -99.9 16.6312828063965 -99.9 -99.9 -99.9 -99.9 -99.9 -99.9 -99.9 -99.9 -99.9 -99.9 -99.9 -99.9 -99.9 -99.9 -99.9 -99.9 -99.9 -99.9 -99.9 -99.9 -99.9 -99.9 -99.9 -99.9 -99.9 -99.9 -99.9 -99.9 -99.9 -99.9 -99.9 -99.9 -99.9 9.33052825927734 9.0986967086792 2.31512522697449 1.7638828754425 2.04587531089783 3.34839725494385 7.13806486129761 6.3590292930603
20.0593032836914 21.4460105895996 16.2175102233887 0.629099071025848 4.7613205909729 29.4436683654785 33.2601737976074 24.6833515167236 -99.9 5.27539110183716 9.46056747436523 7.40756368637085 10.7641181945801 14.8696908950806 36.1464195251465 -99.9 -99.9 -99.9 -99.9 -99.9 -99.9 -99.9 -99.9 -99.9 -99.9 -99.9 -99.9 -99.9 -99.9 -99.9 -99.9 -99.9 -99.9 -99.9 -99.9 -99.9 -99.9 -99.9 -99.9 -99.9 -99.9 -99.9 -99.9 -99.9 -99.9 -99.9 -99.9 -99.9 -99.9 -99.9 -99.9 1.94978022575378 3.71467804908752 8.24992656707764 5.28117895126343 4.96688890457153 2.19285440444946 2.72557997703552 15.5587100982666 19.1281509399414 10.595175743103
0.801943361759186 2.57696413993835 2.48453187942505 0.0695865899324417 6.5032320022583 38.428108215332 37.5460472106934 26.4089336395264 -99.9 3.84396910667419 21.6542301177979 5.22628545761108 5.81092023849487 8.6327953338623 5.54547786712646 3.39246535301208 -99.9 -99.9 -99.9 -99.9 -99.9 -99.9 -99.9 -99.9 -99.9 -99.9 -99.9 -99.9 -99.9 -99.9 -99.9 -99.9 -99.9 -99.9 -99.9 -99.9 -99.9 -99.9 -99.9 -99.9 -99.9 -99.9 -99.9 -99.9 -99.9 -99.9 -99.9 -99.9 -99.9 -99.9 -99.9 1.67088341712952 9.84513568878174 12.74582862854 16.2907733917236 13.3956146240234 8.49637508392334 13.6626920700073 15.6956491470337 9.97012233734131 4.64283895492554
1.06034135818481 7.85544872283936 6.57538414001465 0.139572367072105 5.68358612060547 25.5917377471924 29.3152084350586 -99.9 -99.9 2.13861656188965 0.637861669063568 5.41152715682983 7.43656635284424 23.3567295074463 -99.9 10.5978784561157 -99.9 3.52590131759644 0.0780593082308769 -99.9 -99.9 -99.9 -99.9 -99.9 -99.9 -99.9 -99.9 -99.9 -99.9 -99.9 -99.9 -99.9 -99.9 -99.9 -99.9 -99.9 -99.9 -99.9 -99.9 -99.9 -99.9 -99.9 -99.9 -99.9 -99.9 -99.9 -99.9 -99.9 -99.9 -99.9 2.4099235534668 3.56767797470093 2.80300450325012 5.26652812957764 5.74156856536865 5.41187763214111 18.4614486694336 24.1805324554443 18.3105297088623 16.5344562530518 11.0176029205322
1.77752840518951 1.33742141723633 0.809780478477478 0.612742781639099 6.5128345489502 6.06114625930786 -99.9 -99.9 1.31239461898804 1.87121748924255 0.340659439563751 4.36124229431152 23.229736328125 20.199125289917 6.64945507049561 14.3985919952393 -99.9 -99.9 1.94216418266296 3.78564786911011 -99.9 -99.9 -99.9 -99.9 -99.9 -99.9 -99.9 -99.9 -99.9 -99.9 -99.9 -99.9 -99.9 -99.9 -99.9 -99.9 -99.9 -99.9 -99.9 -99.9 -99.9 -99.9 -99.9 -99.9 -99.9 -99.9 -99.9 -99.9 -99.9 -99.9 14.8400754928589 6.0437159538269 3.22157311439514 5.25160217285156 3.55661392211914 4.21103096008301 5.16013669967651 15.6028728485107 8.08072185516357 5.1155161857605 4.88624095916748
2.6544873714447 4.72274160385132 1.1442608833313 6.30157232284546 21.3507709503174 13.2468109130859 4.50358104705811 12.2278461456299 2.29314088821411 2.86088180541992 0.273334383964539 0.300650388002396 10.9541521072388 9.5943660736084 25.2530422210693 8.72744750976562 20.4269390106201 9.88025760650635 7.18928241729736 3.01134514808655 -99.9 -99.9 -99.9 -99.9 -99.9 -99.9 -99.9 -99.9 -99.9 -99.9 -99.9 -99.9 -99.9 -99.9 -99.9 -99.9 -99.9 -99.9 -99.9 -99.9 -99.9 -99.9 -99.9 -99.9 -99.9 -99.9 -99.9 -99.9 -99.9 8.86550331115723 19.4034671783447 19.946216583252 7.85551643371582 14.1505308151245 7.33528423309326 16.6201114654541 11.2532863616943 6.83926296234131 1.00520300865173 1.32118237018585 1.79933655261993
4.4778265953064 5.98613023757935 1.08610641956329 16.3870620727539 29.6230278015137 23.0443134307861 4.55036497116089 0.119534760713577 0.369479328393936 0.178142547607422 4.52207899093628 1.60047924518585 20.6606712341309 15.3310804367065 15.2540473937988 19.0102367401123 21.9538974761963 -99.9 -99.9 -99.9 -99.9 -99.9 -99.9 -99.9 -99.9 -99.9 -99.9 -99.9 -99.9 -99.9 -99.9 -99.9 -99.9 -99.9 -99.9 -99.9 -99.9 -99.9 -99.9 -99.9 -99.9 -99.9 -99.9 -99.9 -99.9 -99.9 -99.9 -99.9 0.303982675075531 2.09554314613342 12.5427751541138 12.6326532363892 26.0541496276855 15.1915998458862 15.2801866531372 17.1943206787109 4.62657976150513 2.96068906784058 0.613817811012268 1.423464179039 1.62639713287354
0.550694227218628 0.338013768196106 0.892590165138245 6.77419185638428 10.9027156829834 3.36095809936523 0.48697566986084 0.20030665397644 8.07507991790771 27.0455589294434 18.696231842041 33.2224540710449 33.6291847229004 -99.9 30.3634090423584 31.3461685180664 -99.9 -99.9 -99.9 -99.9 -99.9 -99.9 -99.9 -99.9 -99.9 -99.9 -99.9 -99.9 -99.9 -99.9 -99.9 -99.9 -99.9 -99.9 -99.9 -99.9 -99.9 -99.9 -99.9 -99.9 -99.9 -99.9 -99.9 -99.9 -99.9 -99.9 -99.9 0.876502215862274 17.3910160064697 13.7970771789551 15.5256042480469 15.9874696731567 18.3850288391113 18.6701507568359 16.6063499450684 16.2484378814697 3.46735763549805 5.47370004653931 15.7481679916382 0.627659857273102 0.119814932346344
0.751095294952393 0.98132711648941 0.780010163784027 0.655695855617523 0.263925522565842 0.426800131797791 0.56049382686615 18.6232872009277 21.0638294219971 10.8452215194702 24.4007892608643 63.6615219116211 21.9316921234131 15.1635637283325 24.9796752929688 13.0149259567261 5.3805718421936 -99.9 -99.9 -99.9 -99.9 -99.9 -99.9 -99.9 -99.9 -99.9 -99.9 -99.9 -99.9 -99.9 -99.9 -99.9 -99.9 -99.9 -99.9 -99.9 -99.9 -99.9 -99.9 -99.9 -99.9 -99.9 -99.9 -99.9 -99.9 4.48770618438721 0.182893380522728 5.18456935882568 15.073881149292 4.45996332168579 7.54113674163818 4.32239627838135 6.9658899307251 15.8860082626343 5.96027660369873 5.32399129867554 1.97508156299591 3.56793618202209 15.5811128616333 0.21649856865406 0.0899393260478973
29.838716506958 2.88374781608582 4.99184656143188 7.52306890487671 22.5058002471924 7.13117074966431 0.288283735513687 25.0611934661865 54.7518768310547 12.8018236160278 32.0450477600098 24.7019824981689 1.59254848957062 4.3622260093689 32.0677757263184 -99.9 -99.9 -99.9 -99.9 -99.9 -99.9 -99.9 -99.9 -99.9 -99.9 -99.9 -99.9 -99.9 -99.9 -99.9 -99.9 -99.9 -99.9 -99.9 -99.9 -99.9 -99.9 -99.9 -99.9 -99.9 -99.9 -99.9 -99.9 -99.9 -99.9 -99.9 13.1982936859131 2.15317344665527 4.80379438400269 0.378727287054062 1.27816069126129 12.317928314209 24.4809646606445 23.0957202911377 5.04680347442627 1.74869310855865 1.48996758460999 0.841040551662445 0.723330140113831 0.19138166308403 0.19606913626194
36.0856781005859 27.7091026306152 39.8976249694824 18.4515743255615 41.0396995544434 10.1976871490479 0.277182102203369 2.32205724716187 14.8411645889282 2.96531391143799 0.358545750379562 0.0672983601689339 0.101299680769444 0.242674365639687 4.89691925048828 26.6382389068604 13.7485008239746 1.78617644309998 6.90056419372559 5.98926782608032 8.98356151580811 -99.9 -99.9 -99.9 -99.9 -99.9 -99.9 -99.9 -99.9 -99.9 -99.9 -99.9 -99.9 -99.9 -99.9 -99.9 -99.9 -99.9 -99.9 -99.9 -99.9 -99.9 -99.9 -99.9 -99.9 17.7606678009033 -99.9 8.76788520812988 1.00822627544403 1.39924252033234 4.75053930282593 8.98976135253906 9.83500671386719 2.92196559906006 0.713015079498291 1.67088758945465 8.81044006347656 0.85218471288681 0.456549435853958 0.794796466827393 2.1967179775238
12.9032516479492 26.4330997467041 13.4171886444092 6.11630296707153 5.48713636398315 13.0290575027466 0.213511615991592 0.813120186328888 2.38099789619446 1.72753047943115 0.553905725479126 0.127394288778305 0.15441906452179 0.158526837825775 0.437154740095139 15.4728202819824 16.6850280761719 -99.9 3.85275888442993 -99.9 -99.9 -99.9 -99.9 -99.9 -99.9 -99.9 -99.9 -99.9 -99.9 -99.9 -99.9 -99.9 -99.9 -99.9 -99.9 -99.9 -99.9 -99.9 -99.9 -99.9 -99.9 -99.9 4.02488327026367 4.13264274597168 -99.9 -99.9 36.2449836730957 14.9114379882812 0.620458960533142 0.239594474434853 0.825009107589722 3.87430882453918 15.02707862854 2.54470491409302 0.231282085180283 1.07858633995056 6.25226974487305 2.14862871170044 2.16848874092102 7.22210311889648 14.509407043457
