fish_book/data/sediment/Wilson_et_al_2017_data_files_asc/GravelD50.asc
NCOLS 200
NROWS 150
XLLCORNER -16
YLLCORNER 44
CELLSIZE 0.125
NODATA_VALUE -99.9
[rows 0 to 25 of 150, columns 59 to 117 of 200]
-99.9 -99.9 -99.9 -99.9 -99.9 6.20043325424194 7.19988870620728 6.3945951461792 7.01265811920166 5.78903818130493 5.55817079544067 4.80446100234985 4.86066341400146 5.0296893119812 5.16622734069824 5.13064956665039 5.13719606399536 4.79419231414795 4.8140664100647 6.57732486724854 6.14340829849243 5.68246459960938 6.02484035491943 6.8194260597229 -99.9 -99.9 -99.9 -99.9 -99.9 -99.9 -99.9 -99.9 -99.9 -99.9 -99.9 -99.9 -99.9 -99.9 -99.9 -99.9 -99.9 -99.9 -99.9 -99.9 -99.9 -99.9 -99.9 -99.9 -99.9 -99.9 -99.9 -99.9 -99.9 -99.9 -99.9 -99.9 -99.9 -99.9 -99.9
5.84981107711792 6.37487363815308 6.16972684860229 6.06614017486572 6.22250175476074 5.44949245452881 5.26019382476807 5.54150009155273 5.3056058883667 6.31074285507202 6.31274890899658 6.92085790634155 6.75924348831177 6.1778392791748 6.24824857711792 6.11404275894165 6.42642545700073 6.36033391952515 6.14738273620605 5.54548835754395 4.75645875930786 5.2110424041748 5.4060378074646 7.73829174041748 5.85352325439453 6.7013783454895 6.55816316604614 5.60117387771606 -99.9 -99.9 -99.9 -99.9 -99.9 -99.9 -99.9 -99.9 -99.9 -99.9 -99.9 -99.9 -99.9 -99.9 -99.9 -99.9 -99.9 -99.9 -99.9 -99.9 -99.9 -99.9 -99.9 -99.9 -99.9 -99.9 -99.9 -99.9 -99.9 -99.9 -99.9
6.36740303039551 6.42665433883667 5.82532691955566 4.71600914001465 5.22064828872681 6.17827320098877 6.85470056533813 8.89382076263428 12.7940139770508 12.045615196228 12.4411306381226 14.3792877197266 11.77268409729 9.49154758453369 8.47527885437012 9.89777088165283 9.90344905853271 9.70576667785645 11.9144163131714 10.9332103729248 6.22413015365601 5.55689573287964 4.82429265975952 4.22837209701538 4.39398956298828 4.95635604858398 5.17923831939697 4.9146294593811 6.16028356552124 5.89826631546021 5.70572662353516 6.43654298782349 -99.9 -99.9 -99.9 -99.9 -99.9 -99.9 -99.9 -99.9 -99.9 -99.9 -99.9 -99.9 -99.9 -99.9 -99.9 -99.9 -99.9 -99.9 -99.9 -99.9 -99.9 -99.9 -99.9 -99.9 -99.9 -99.9 -99.9
5.25546407699585 5.10816049575806 5.54321050643921 5.6585054397583 6.59309339523315 8.79006481170654 8.54878711700439 9.80741786956787 13.0086250305176 12.573784828186 10.8779535293579 -99.9 -99.9 -99.9 -99.9 -99.9 -99.9 -99.9 -99.9 11.3043298721313 6.80224895477295 6.49771499633789 5.18650579452515 5.59762668609619 5.4798469543457 6.35701847076416 4.8317666053772 4.86029100418091 5.51909780502319 4.87273931503296 6.08946180343628 6.53678321838379 4.45365142822266 4.40006256103516 5.8443603515625 4.97811365127563 4.8546667098999 -99.9 -99.9 -99.9 -99.9 -99.9 -99.9 -99.9 -99.9 -99.9 -99.9 -99.9 -99.9 -99.9 -99.9 -99.9 -99.9 -99.9 -99.9 -99.9 -99.9 -99.9 -99.9
4.73906373977661 5.58091592788696 6.73019218444824 7.76679468154907 8.74150276184082 8.16018676757812 9.31215381622314 10.3240995407104 10.4122724533081 8.95821475982666 8.02800846099854 -99.9 -99.9 -99.9 -99.9 -99.9 -99.9 -99.9 8.88877010345459 7.60835981369019 6.97575092315674 5.78936862945557 5.72516393661499 4.72274398803711 5.91098785400391 4.1477689743042 4.49593687057495 4.79730987548828 5.19877624511719 5.75283813476562 5.59254598617554 4.42717599868774 5.33385229110718 4.72337675094604 4.61216259002686 4.60349225997925 4.28005170822144 4.17943429946899 6.26273679733276 6.35898160934448 -99.9 -99.9 -99.9 -99.9 -99.9 -99.9 -99.9 -99.9 -99.9 -99.9 -99.9 -99.9 -99.9 -99.9 -99.9 -99.9 -99.9 -99.9 -99.9
5.18091583251953 4.87644863128662 5.82861614227295 6.18689489364624 6.89033460617065 7.28529787063599 10.4329414367676 8.64791202545166 8.18437385559082 7.34302806854248 -99.9 -99.9 -99.9 -99.9 -99.9 -99.9 8.24740982055664 9.39577388763428 6.78032493591309 6.71490526199341 5.63841867446899 5.85693407058716 4.87744951248169 5.17250394821167 5.82990598678589 5.05693912506104 4.76654386520386 5.64144706726074 4.31501293182373 4.35483598709106 5.4161491394043 4.94790601730347 5.14365482330322 4.11623620986938 4.75647354125977 4.06608057022095 5.29892921447754 -99.9 -99.9 -99.9 -99.9 -99.9 -99.9 -99.9 -99.9 -99.9 -99.9 -99.9 -99.9 -99.9 -99.9 -99.9 -99.9 -99.9 -99.9 -99.9 -99.9 -99.9 -99.9
5.34426403045654 4.26335000991821 4.77068710327148 5.53985166549683 5.71381235122681 6.15434789657593 6.07218170166016 6.07621335983276 6.23633050918579 6.08003044128418 6.67585468292236 6.92715883255005 7.07411670684814 -99.9 -99.9 10.7366886138916 10.6088552474976 8.38711071014404 6.80440855026245 5.87565135955811 5.60124731063843 4.59120082855225 5.24184560775757 5.11783838272095 5.76300573348999 4.56966590881348 5.42849683761597 4.80566215515137 5.55960083007812 4.89247035980225 5.0578875541687 5.10867404937744 5.31175231933594 5.4025616645813 -99.9 -99.9 -99.9 -99.9 -99.9 -99.9 -99.9 -99.9 -99.9 -99.9 -99.9 -99.9 -99.9 -99.9 -99.9 -99.9 -99.9 -99.9 -99.9 -99.9 -99.9 -99.9 -99.9 -99.9 -99.9
6.27759027481079 6.15029573440552 4.30595922470093 5.55525159835815 5.93983888626099 5.27460908889771 4.92009449005127 4.74251127243042 5.3512487411499 5.52126169204712 6.61421060562134 6.43634796142578 8.56904983520508 8.52145576477051 -99.9 -99.9 12.5773983001709 9.54256629943848 7.00994062423706 6.32193565368652 4.93794679641724 6.51229047775269 5.10873031616211 5.38829803466797 4.18420839309692 4.78394460678101 4.76693344116211 4.78085899353027 4.97466516494751 4.9072380065918 5.70067024230957 5.34320688247681 4.13374471664429 -99.9 -99.9 -99.9 -99.9 -99.9 -99.9 -99.9 -99.9 -99.9 -99.9 -99.9 -99.9 -99.9 -99.9 -99.9 -99.9 -99.9 -99.9 -99.9 -99.9 -99.9 -99.9 -99.9 -99.9 -99.9 -99.9
-99.9 -99.9 5.58037376403809 4.735191822052 4.11495399475098 8.11276149749756 5.63762187957764 6.4190354347229 4.76950788497925 5.57453870773315 5.79943370819092 6.07775211334229 8.56826782226562 -99.9 10.0015640258789 11.6833305358887 10.3973245620728 7.63810729980469 5.90479564666748 7.70013952255249 5.16211605072021 6.0396032333374 6.67564630508423 6.13049840927124 5.51454734802246 5.538330078125 4.88311338424683 5.42076349258423 4.21875333786011 4.95346546173096 5.6703577041626 5.82872152328491 7.10736513137817 -99.9 -99.9 -99.9 -99.9 -99.9 -99.9 -99.9 -99.9 -99.9 -99.9 -99.9 -99.9 -99.9 -99.9 -99.9 -99.9 -99.9 -99.9 -99.9 -99.9 -99.9 -99.9 -99.9 -99.9 -99.9 -99.9
-99.9 -99.9 -99.9 5.02621603012085 6.41442775726318 5.51333856582642 5.09115171432495 4.16561412811279 5.51546812057495 4.12803554534912 4.97707605361938 5.84126806259155 8.21297073364258 -99.9 -99.9 11.2657270431519 8.61420059204102 6.88207674026489 8.26193046569824 6.06424474716187 5.41606760025024 4.29341650009155 4.52323818206787 5.48752737045288 5.7492036819458 5.21213960647583 4.21681356430054 5.13248252868652 5.94288444519043 5.02169609069824 5.54272890090942 7.00431728363037 -99.9 -99.9 -99.9 -99.9 -99.9 -99.9 -99.9 -99.9 -99.9 -99.9 -99.9 -99.9 -99.9 -99.9 -99.9 -99.9 -99.9 -99.9 -99.9 -99.9 -99.9 -99.9 -99.9 -99.9 -99.9 -99.9 4.77837991714478
-99.9 -99.9 -99.9 -99.9 -99.9 -99.9 7.02304697036743 4.60568904876709 5.22148895263672 4.69780302047729 5.102623462677 5.11263370513916 6.25629663467407 7.64056396484375 -99.9 -99.9 8.50439167022705 8.12683486938477 6.4144811630249 4.41577482223511 4.7065167427063 5.21978044509888 4.80781030654907 4.50044918060303 5.55541944503784 5.21516704559326 5.83358192443848 5.61042785644531 4.17175483703613 5.05703544616699 6.48972320556641 -99.9 -99.9 -99.9 -99.9 -99.9 -99.9 -99.9 -99.9 -99.9 -99.9 -99.9 -99.9 -99.9 -99.9 -99.9 -99.9 -99.9 -99.9 -99.9 -99.9 -99.9 -99.9 -99.9 -99.9 -99.9 -99.9 4.97203207015991 4.74531126022339
6.07348823547363 7.90105056762695 6.30250024795532 -99.9 -99.9 -99.9 -99.9 -99.9 -99.9 6.0218939781189 4.91592073440552 5.35190296173096 6.27600383758545 8.35791301727295 9.69016265869141 11.4583206176758 10.2423210144043 9.00141143798828 5.87796306610107 4.84864282608032 4.92589092254639 4.42753791809082 4.35601949691772 4.43304538726807 4.42085933685303 5.20226764678955 5.09155130386353 5.67555618286133 6.36273717880249 6.31929397583008 -99.9 -99.9 -99.9 -99.9 -99.9 -99.9 -99.9 -99.9 -99.9 -99.9 -99.9 -99.9 -99.9 -99.9 -99.9 -99.9 -99.9 -99.9 -99.9 -99.9 -99.9 -99.9 -99.9 -99.9 -99.9 4.84530544281006 4.80599784851074 4.75701141357422 4.67798566818237
4.40247678756714 4.23435497283936 4.84326505661011 5.69071340560913 5.14119625091553 -99.9 -99.9 -99.9 -99.9 -99.9 6.46997117996216 7.03723573684692 5.25435209274292 6.5814995765686 10.3336324691772 9.44316577911377 9.151291847229 8.20928287506104 6.19711303710938 5.58842754364014 5.0669093132019 4.56111240386963 4.77038383483887 4.51815891265869 5.23486089706421 5.49946212768555 5.6360034942627 7.09013652801514 -99.9 -99.9 -99.9 -99.9 -99.9 -99.9 -99.9 -99.9 -99.9 -99.9 -99.9 -99.9 -99.9 -99.9 -99.9 -99.9 -99.9 -99.9 -99.9 -99.9 -99.9 -99.9 -99.9 -99.9 -99.9 5.58732032775879 6.30323648452759 4.80758380889893 4.80054473876953 4.72820520401001 4.69942855834961
5.43295860290527 4.95838165283203 4.84533834457397 4.18543386459351 4.22663021087646 4.88875532150269 4.86905145645142 -99.9 -99.9 -99.9 -99.9 6.61607599258423 5.51429033279419 5.56735563278198 5.66994905471802 6.63719892501831 7.13151407241821 6.42161750793457 5.58252906799316 4.61796617507935 4.91044187545776 5.03809642791748 4.84213495254517 5.57403087615967 5.44072341918945 5.50540971755981 5.87073516845703 -99.9 -99.9 -99.9 -99.9 -99.9 -99.9 -99.9 -99.9 -99.9 -99.9 -99.9 -99.9 -99.9 -99.9 -99.9 -99.9 -99.9 -99.9 -99.9 -99.9 -99.9 -99.9 -99.9 5.55078649520874 6.39471054077148 6.09622287750244 5.86907243728638 4.83362197875977 4.82339286804199 4.80383348464966 4.98205852508545 5.4900598526001
6.8076343536377 4.82744693756104 4.401123046875 5.37221813201904 4.8698296546936 5.30250120162964 -99.9 -99.9 -99.9 -99.9 -99.9 -99.9 6.55987071990967 5.60357284545898 4.75750637054443 5.17081117630005 5.90589284896851 5.32916927337646 5.49097204208374 5.44076013565063 5.63627338409424 5.92759323120117 6.11448907852173 5.78861665725708 5.95827865600586 5.58256816864014 -99.9 -99.9 -99.9 -99.9 -99.9 -99.9 -99.9 -99.9 -99.9 -99.9 -99.9 -99.9 -99.9 -99.9 -99.9 -99.9 -99.9 -99.9 -99.9 -99.9 -99.9 8.14267921447754 7.07213258743286 6.03805541992188 6.06520795822144 6.40729093551636 5.81440782546997 6.13306856155396 6.02686977386475 5.14953994750977 5.80893611907959 8.8320140838623 8.4962215423584
5.28518390655518 5.41419410705566 4.98034429550171 5.2165060043335 -99.9 -99.9 -99.9 -99.9 -99.9 -99.9 -99.9 -99.9 7.84343767166138 5.45190906524658 5.2589693069458 5.1042103767395 5.38499021530151 5.01003742218018 5.04912233352661 5.49267339706421 6.23819780349731 6.37860870361328 6.32267379760742 -99.9 -99.9 -99.9 -99.9 -99.9 -99.9 -99.9 -99.9 -99.9 -99.9 -99.9 -99.9 -99.9 -99.9 -99.9 -99.9 -99.9 -99.9 -99.9 -99.9 -99.9 6.97558832168579 8.89016914367676 6.46196985244751 5.69769430160522 5.18299150466919 5.53888559341431 5.82005882263184 7.78040504455566 8.88831520080566 12.6207180023193 10.8484811782837 7.10957336425781 10.4130277633667 10.6403207778931 6.77605438232422
6.12876033782959 -99.9 -99.9 -99.9 -99.9 -99.9 -99.9 -99.9 -99.9 -99.9 -99.9 -99.9 -99.9 6.4272084236145 5.15356826782227 4.93507623672485 5.51986837387085 5.52064657211304 5.63044595718384 6.08168172836304 6.59693622589111 -99.9 -99.9 -99.9 -99.9 -99.9 -99.9 -99.9 -99.9 -99.9 -99.9 -99.9 -99.9 -99.9 -99.9 -99.9 -99.9 -99.9 -99.9 -99.9 -99.9 -99.9 6.88635587692261 6.69311237335205 6.40729808807373 6.81219005584717 7.47545671463013 7.71654081344604 4.96540498733521 7.50795650482178 4.91741895675659 5.09210014343262 8.72659397125244 8.33542823791504 6.32923412322998 5.51693820953369 8.81952953338623 7.31696796417236 6.27600049972534
-99.9 -99.9 -99.9 -99.9 -99.9 -99.9 -99.9 -99.9 -99.9 -99.9 -99.9 -99.9 -99.9 -99.9 6.59855270385742 6.04875183105469 5.49268102645874 5.11338233947754 5.52790498733521 6.30524969100952 6.76399898529053 6.72562408447266 -99.9 -99.9 -99.9 -99.9 -99.9 -99.9 -99.9 -99.9 -99.9 -99.9 -99.9 -99.9 -99.9 -99.9 -99.9 -99.9 -99.9 -99.9 6.36300277709961 6.39899063110352 5.66468572616577 6.42711639404297 6.05253839492798 5.17758655548096 9.79626941680908 8.9076976776123 6.0002064704895 7.15046644210815 5.39117479324341 5.12188005447388 5.14399719238281 4.88781547546387 11.9553594589233 6.30750179290771 5.38773441314697 -99.9 -99.9
-99.9 -99.9 -99.9 -99.9 -99.9 -99.9 -99.9 -99.9 -99.9 -99.9 -99.9 -99.9 -99.9 -99.9 -99.9 -99.9 -99.9 7.64085483551025 5.92988777160645 6.58200120925903 6.73116731643677 7.05521059036255 -99.9 -99.9 -99.9 -99.9 -99.9 -99.9 -99.9 -99.9 -99.9 -99.9 -99.9 -99.9 -99.9 -99.9 6.70266628265381 6.67284917831421 6.28134727478027 5.8036584854126 5.99838209152222 5.24973058700562 4.87653923034668 7.29373788833618 5.16187334060669 4.5528736114502 4.58650541305542 4.65983247756958 6.47723579406738 7.35729598999023 4.71337461471558 5.03700304031372 5.70254611968994 4.72011137008667 6.74715423583984 7.91247177124023 6.60965633392334 -99.9 -99.9
-99.9 -99.9 -99.9 -99.9 -99.9 -99.9 -99.9 -99.9 -99.9 -99.9 -99.9 -99.9 -99.9 -99.9 -99.9 -99.9 -99.9 -99.9 -99.9 -99.9 -99.9 -99.9 -99.9 -99.9 -99.9 -99.9 -99.9 -99.9 -99.9 -99.9 -99.9 -99.9 -99.9 -99.9 6.61994743347168 6.32125520706177 6.38154029846191 8.22674751281738 6.72835302352905 10.6369953155518 7.62162971496582 8.22124671936035 5.31945323944092 5.43731546401978 4.92198181152344 4.60855722427368 4.74155235290527 4.69551229476929 5.08478021621704 4.80149507522583 4.58245706558228 4.84241819381714 9.31516647338867 10.5519351959229 12.0654153823853 -99.9 6.12323188781738 -99.9 -99.9
-99.9 -99.9 -99.9 -99.9 -99.9 -99.9 -99.9 -99.9 -99.9 -99.9 -99.9 -99.9 -99.9 -99.9 -99.9 -99.9 -99.9 -99.9 -99.9 -99.9 -99.9 -99.9 -99.9 -99.9 -99.9 -99.9 -99.9 -99.9 -99.9 -99.9 -99.9 -99.9 6.77804374694824 7.02689504623413 5.95548820495605 5.36032772064209 4.93149662017822 6.06564283370972 4.97502088546753 5.430006980896 5.78964471817017 7.39861869812012 5.87687635421753 5.89543342590332 4.97272062301636 4.95141267776489 6.50971174240112 8.30025386810303 6.96281433105469 5.3906102180481 5.08852243423462 6.20650434494019 10.8954439163208 10.9777870178223 9.16135787963867 6.43344783782959 6.78000259399414 -99.9 -99.9
-99.9 -99.9 -99.9 -99.9 -99.9 -99.9 -99.9 -99.9 -99.9 -99.9 5.2544732093811 6.38762187957764 -99.9 -99.9 -99.9 -99.9 -99.9 -99.9 -99.9 -99.9 -99.9 -99.9 -99.9 -99.9 -99.9 -99.9 -99.9 -99.9 -99.9 8.34954643249512 6.58790683746338 6.2198166847229 5.07525205612183 5.4555926322937 5.24016857147217 5.70452451705933 4.67472314834595 5.04429626464844 5.61856365203857 7.77952194213867 7.59972286224365 6.96065473556519 5.11233425140381 5.06143665313721 7.1106538772583 8.28985214233398 10.5654106140137 8.68345832824707 7.85473823547363 7.53954315185547 5.99857330322266 6.50546073913574 7.77511882781982 7.7081151008606 6.07229804992676 5.08543682098389 5.03109645843506 7.08276987075806 -99.9
-99.9 -99.9 -99.9 -99.9 -99.9 -99.9 -99.9 -99.9 -99.9 -99.9 -99.9 -99.9 -99.9 -99.9 -99.9 -99.9 6.38262844085693 8.13194179534912 -99.9 -99.9 -99.9 -99.9 -99.9 -99.9 -99.9 -99.9 -99.9 6.83787393569946 5.44304084777832 5.48833084106445 7.91891431808472 8.02668476104736 6.3152060508728 5.57435083389282 5.15219306945801 5.72278833389282 6.38936519622803 5.48942232131958 5.59802722930908 8.33658790588379 7.76143884658813 6.12205696105957 5.7382755279541 10.8199481964111 9.73613929748535 10.203296661377 8.837571144104 6.99258518218994 7.57452774047852 6.62586402893066 6.42737102508545 6.2352933883667 6.76665925979614 6.73320722579956 5.64556360244751 5.51046180725098 6.7866039276123 9.94075298309326 -99.9
-99.9 -99.9 -99.9 -99.9 -99.9 -99.9 -99.9 -99.9 -99.9 -99.9 -99.9 -99.9 -99.9 -99.9 -99.9 -99.9 -99.9 5.79174566268921 6.4072847366333 8.14789772033691 7.38019800186157 6.62860488891602 -99.9 -99.9 5.82093620300293 6.02008008956909 5.91462087631226 5.52917671203613 5.07004117965698 5.14365863800049 5.67833709716797 9.17112350463867 8.72220897674561 6.33414220809937 7.26622772216797 9.32066535949707 6.61658763885498 5.60597515106201 6.12580871582031 6.50285911560059 8.3698787689209 5.97800588607788 7.63101959228516 11.0416135787964 10.4838819503784 10.4284067153931 9.14964485168457 7.64705610275269 8.36473274230957 6.61369323730469 8.98958587646484 6.55630826950073 7.14461708068848 6.49517679214478 6.08901214599609 6.32123517990112 9.07498264312744 10.5788497924805 10.790431022644
-99.9 -99.9 -99.9 -99.9 -99.9 -99.9 -99.9 -99.9 -99.9 -99.9 -99.9 -99.9 -99.9 -99.9 -99.9 -99.9 6.55052328109741 5.37573671340942 5.20269107818604 7.12746667861938 6.11512660980225 6.001633644104 8.95190334320068 7.23640871047974 7.84596824645996 9.24558639526367 5.86234378814697 5.5938835144043 6.32052183151245 6.37853670120239 8.2147274017334 9.73833274841309 10.1465578079224 10.3303718566895 10.8996362686157 10.640474319458 5.71462440490723 8.85799407958984 6.80304718017578 11.3767194747925 7.15537071228027 4.9311146736145 7.24399375915527 8.24165439605713 8.05266571044922 10.9783878326416 9.99635982513428 10.0549812316895 7.58872890472412 8.57028865814209 10.8973474502563 10.2775106430054 5.56535625457764 7.06986808776855 6.48952531814575 7.90778398513794 10.9497528076172 10.7885808944702 9.5641508102417
-99.9 -99.9 -99.9 -99.9 -99.9 -99.9 -99.9 -99.9 -99.9 -99.9 -99.9 -99.9 -99.9 -99.9 -99.9 -99.9 6.42463064193726 5.19296932220459 4.72305297851562 6.27311134338379 10.0512819290161 8.53344058990479 6.36710739135742 10.8390121459961 10.7911043167114 8.97422313690186 7.27156925201416 5.2092752456665 4.68473243713379 6.15432691574097 8.54108619689941 10.0582180023193 11.0168886184692 10.7850770950317 10.487904548645 7.08179998397827 4.63751173019409 6.69106531143188 3.97956681251526 4.64003229141235 5.50919961929321 6.40307807922363 10.6217708587646 8.55782699584961 11.0539646148682 11.0657205581665 10.9734687805176 10.974684715271 7.79800653457642 9.75560474395752 10.9631748199463 11.0325212478638 8.29197120666504 9.73075294494629 8.28880214691162 9.53375053405762 10.7438478469849 10.8101053237915 6.72594118118286
