fish_book/data/sediment/Wilson_et_al_2017_data_files_asc/GravelD50.asc
NCOLS 200
NROWS 150
XLLCORNER -16
YLLCORNER 44
CELLSIZE 0.125
NODATA_VALUE -99.9
[rows 26 to 51 of 150, columns 59 to 117 of 200]
-99.9 -99.9 -99.9 -99.9 -99.9 -99.9 -99.9 -99.9 -99.9 -99.9 -99.9 -99.9 -99.9 -99.9 -99.9 -99.9 5.2313756942749 5.06301593780518 4.72659635543823 4.84358882904053 6.67265796661377 7.52619743347168 6.86204528808594 6.63271045684814 10.8295764923096 10.4703559875488 7.24942922592163 4.7447943687439 4.63168478012085 6.03903245925903 9.40542125701904 8.22974586486816 8.7202205657959 10.6049842834473 9.2498950958252 4.77079629898071 4.62007713317871 3.85285544395447 4.48527336120605 5.4620189666748 9.44681167602539 5.43785429000854 8.47335815429688 9.40700817108154 8.28264236450195 9.36816501617432 9.72919654846191 10.343168258667 10.5293388366699 9.6707592010498 8.66515350341797 10.7224178314209 10.8955068588257 7.45080995559692 7.24367713928223 11.1143627166748 9.670334815979 7.40521430969238 5.09781885147095
-99.9 -99.9 -99.9 -99.9 -99.9 -99.9 -99.9 -99.9 -99.9 -99.9 -99.9 -99.9 -99.9 -99.9 5.61202478408813 5.3494668006897 5.06969690322876 5.02863836288452 4.83028411865234 4.9270076751709 5.17772102355957 5.98758029937744 6.5572772026062 5.70231676101685 6.41641521453857 6.13594102859497 5.4564962387085 5.1006326675415 4.89578151702881 8.47346305847168 8.37273406982422 8.34848880767822 10.7751388549805 10.6354780197144 9.49948215484619 5.84186553955078 5.12103271484375 4.57694864273071 5.01712131500244 4.84827375411987 5.52085876464844 5.59702968597412 7.48756790161133 11.1223878860474 6.76410531997681 -99.9 8.62690734863281 10.9563245773315 10.7432889938354 11.1274108886719 10.7212047576904 10.6606884002686 9.98583030700684 7.82343244552612 11.0495204925537 10.7282857894897 7.82367420196533 5.39926195144653 4.70523691177368
-99.9 -99.9 -99.9 -99.9 -99.9 -99.9 -99.9 -99.9 -99.9 -99.9 6.864013671875 6.7096848487854 5.61688089370728 5.66726541519165 5.46035480499268 4.9889497756958 5.10847473144531 5.08951854705811 5.01984262466431 5.12569284439087 4.98665809631348 5.79622650146484 8.73254489898682 6.42873573303223 10.2574577331543 5.01056051254272 6.17852735519409 10.3292074203491 10.3103332519531 9.1695499420166 5.88551330566406 6.1291036605835 10.8480825424194 11.0036449432373 11.0106201171875 5.24598693847656 5.32454395294189 4.70950222015381 4.89969158172607 7.0108323097229 9.59046745300293 10.9517812728882 10.7973203659058 6.10795402526855 -99.9 7.6057505607605 -99.9 -99.9 10.667106628418 6.8869252204895 8.36557960510254 7.28840589523315 9.10565853118896 8.82257652282715 9.85917949676514 7.31825017929077 5.30528116226196 4.81279897689819 4.69786357879639
-99.9 -99.9 -99.9 -99.9 -99.9 -99.9 -99.9 -99.9 -99.9 6.07318782806396 5.65698146820068 4.2502646446228 6.64602184295654 5.52808856964111 4.94495391845703 4.70491552352905 5.45565223693848 7.65891027450562 5.18487882614136 5.92028903961182 7.61943006515503 6.98876714706421 6.15567255020142 4.80970001220703 6.93963432312012 5.0450701713562 6.45396947860718 10.9813861846924 11.0137920379639 7.01591110229492 5.99585580825806 5.58037805557251 8.03820896148682 10.6617860794067 11.137656211853 6.1540641784668 8.63791465759277 5.65738487243652 4.83249282836914 5.42060899734497 6.58459520339966 11.0880889892578 -99.9 -99.9 -99.9 6.2074089050293 -99.9 8.00875377655029 6.05254888534546 5.38631343841553 5.10491180419922 5.29869031906128 5.07610082626343 5.35861492156982 5.48028755187988 4.92458581924438 4.83484983444214 4.63843727111816 4.58717584609985
-99.9 -99.9 -99.9 -99.9 -99.9 -99.9 -99.9 -99.9 6.41028642654419 10.8405017852783 11.5440835952759 9.83038902282715 5.68242645263672 5.26499795913696 4.7043662071228 4.62981653213501 5.08353519439697 5.68783473968506 4.76356363296509 4.75688600540161 5.38492250442505 10.2283802032471 4.73404312133789 4.84950590133667 10.8624649047852 5.80256128311157 8.12369537353516 7.83417844772339 8.95983505249023 7.21636629104614 10.0970659255981 5.24836254119873 7.6197452545166 7.026939868927 6.30679607391357 9.69828319549561 11.0997829437256 7.44532155990601 4.55677795410156 4.6575231552124 6.27534341812134 11.0069141387939 -99.9 -99.9 -99.9 -99.9 -99.9 10.8004598617554 6.79779624938965 4.75146627426147 4.67161464691162 4.63721895217896 4.65119600296021 4.73642826080322 4.67304039001465 4.6984395980835 4.5834584236145 4.5904688835144 4.4815731048584
-99.9 -99.9 -99.9 -99.9 -99.9 -99.9 -99.9 5.75149631500244 9.7954273223877 10.8572397232056 10.9438199996948 7.62289762496948 7.78454875946045 6.68309354782104 4.86234951019287 4.71639156341553 4.87191152572632 5.13292694091797 4.99012756347656 4.76763248443604 5.1686577796936 5.96080303192139 4.89922428131104 8.51263523101807 10.5680475234985 7.44161605834961 6.86670780181885 5.48294687271118 5.61883735656738 6.48457622528076 6.30155801773071 6.5014796257019 7.25211000442505 5.6147403717041 5.28667068481445 7.31703472137451 8.33614730834961 4.84469366073608 5.60815477371216 5.0766716003418 7.83016443252563 6.34679508209229 -99.9 -99.9 12.5459642410278 -99.9 9.79214572906494 9.08306407928467 4.79072523117065 4.66169404983521 4.59397077560425 4.59735202789307 4.71622323989868 4.61843252182007 4.0356273651123 3.78572964668274 4.18331432342529 4.21696901321411 6.85052967071533
-99.9 -99.9 -99.9 7.2832202911377 7.1138916015625 5.26973867416382 6.51373720169067 8.53192234039307 8.38152694702148 9.57586288452148 7.13308572769165 6.81822109222412 10.9267673492432 7.02075099945068 5.93503713607788 5.74292039871216 5.39651107788086 5.98427438735962 7.33060026168823 5.97777271270752 4.89984750747681 4.63312816619873 4.92943525314331 5.38592147827148 5.18251848220825 7.27920389175415 10.612829208374 11.0554113388062 10.8021745681763 10.1282835006714 9.57894515991211 8.92330169677734 8.87236785888672 7.10233688354492 4.81761503219604 5.26116895675659 5.03315830230713 4.96788215637207 5.60612058639526 7.06052875518799 8.65357398986816 5.84053945541382 9.22105407714844 11.0861015319824 10.7123203277588 10.8009910583496 8.79854202270508 5.62071323394775 5.54283618927002 5.01515293121338 5.45993137359619 6.28978538513184 5.07230281829834 4.61953401565552 4.1492919921875 3.84561514854431 4.18625450134277 4.68626737594604 4.69093751907349
6.62515163421631 5.74853038787842 5.24240970611572 5.29250764846802 5.06118774414062 5.21124458312988 6.3623685836792 6.51581382751465 7.69327545166016 6.39003658294678 6.7401270866394 10.7724208831787 10.7730283737183 6.08200216293335 7.83810806274414 9.13145732879639 8.60946941375732 8.31735038757324 9.00407695770264 5.1911039352417 4.62453126907349 4.58702898025513 4.56534957885742 4.62763452529907 4.75143432617188 9.69164276123047 9.9341402053833 9.92479705810547 -99.9 -99.9 -99.9 -99.9 -99.9 -99.9 10.965856552124 -99.9 -99.9 -99.9 -99.9 -99.9 -99.9 -99.9 -99.9 -99.9 10.6490039825439 9.12675952911377 6.83226299285889 5.54854917526245 5.01708841323853 4.68472242355347 5.27753257751465 4.99377679824829 4.6439733505249 3.75648999214172 4.42277717590332 4.55328559875488 3.97794079780579 4.13521575927734 4.52341270446777
5.52713584899902 5.19008588790894 5.3338623046875 6.81508874893188 6.87531995773315 4.76885843276978 5.0417652130127 5.3806209564209 10.6900796890259 10.9643049240112 7.74438858032227 8.82871150970459 10.8956308364868 8.67860698699951 9.44247722625732 7.98409461975098 7.71576642990112 -99.9 -99.9 -99.9 4.66713619232178 4.35108137130737 4.36910820007324 4.29685306549072 4.02915477752686 5.78988599777222 7.32232761383057 5.47097587585449 -99.9 -99.9 -99.9 -99.9 -99.9 -99.9 -99.9 -99.9 -99.9 -99.9 -99.9 -99.9 -99.9 -99.9 -99.9 -99.9 10.8300428390503 7.04104471206665 5.61423301696777 4.98049736022949 4.85964822769165 5.00398635864258 5.18021249771118 4.38142251968384 4.42455768585205 3.84154844284058 4.29447269439697 4.56730270385742 4.12977457046509 4.53745555877686 3.75556325912476
4.80510187149048 6.05892038345337 5.61369895935059 6.13079404830933 7.97132158279419 4.68086624145508 4.82765340805054 5.00874900817871 8.1652889251709 6.80472564697266 5.13633584976196 5.15912675857544 5.6899847984314 5.44112348556519 5.43987226486206 -99.9 -99.9 -99.9 -99.9 -99.9 3.96510624885559 4.3417387008667 4.51883697509766 4.09559059143066 4.36777639389038 5.32431745529175 6.32160329818726 -99.9 -99.9 -99.9 -99.9 -99.9 -99.9 -99.9 -99.9 -99.9 -99.9 -99.9 -99.9 -99.9 -99.9 -99.9 -99.9 -99.9 5.73017644882202 4.67596435546875 4.65909862518311 4.82982206344604 5.36514139175415 7.84683799743652 8.77813148498535 4.92211294174194 3.94313907623291 4.01184272766113 4.37177276611328 4.14710569381714 4.40427684783936 3.77408242225647 4.57838582992554
4.63408231735229 6.25577306747437 6.22856855392456 8.46949005126953 5.70817852020264 6.46039533615112 4.69301652908325 4.85573673248291 5.65112781524658 5.00950908660889 4.59215688705444 4.79225444793701 -99.9 -99.9 -99.9 -99.9 -99.9 -99.9 5.82862854003906 4.81566619873047 5.9917459487915 6.61704015731812 4.6805624961853 4.83208656311035 6.0787525177002 6.42888212203979 -99.9 -99.9 -99.9 -99.9 -99.9 -99.9 -99.9 -99.9 -99.9 -99.9 -99.9 -99.9 -99.9 -99.9 -99.9 10.8095922470093 8.75625991821289 4.77790117263794 4.71922922134399 4.71722221374512 5.96560096740723 5.89558935165405 9.4808406829834 5.74481153488159 5.18710327148438 5.86948347091675 5.07939720153809 4.41243600845337 3.84965658187866 3.78140497207642 3.80037093162537 3.77885913848877 4.44873857498169
4.66734027862549 4.71090221405029 5.56415033340454 5.18577289581299 8.38963222503662 11.0022258758545 7.86186933517456 5.14049863815308 9.9286642074585 6.46687269210815 5.09064626693726 4.96704721450806 -99.9 -99.9 -99.9 -99.9 -99.9 -99.9 6.25011253356934 6.1059250831604 8.53286361694336 9.0932035446167 4.31843709945679 4.47240209579468 5.85755634307861 -99.9 -99.9 -99.9 -99.9 -99.9 -99.9 -99.9 -99.9 -99.9 -99.9 -99.9 -99.9 -99.9 -99.9 -99.9 7.93891763687134 7.32560682296753 5.71021032333374 4.64293050765991 5.00474452972412 5.59680080413818 5.24599075317383 6.16737079620361 6.14877271652222 4.95816421508789 4.6951961517334 5.36023950576782 5.37523031234741 4.68990087509155 4.43529367446899 5.56544303894043 4.77523803710938 4.58990669250488 4.80534553527832
6.10341691970825 4.82529783248901 9.37828063964844 6.72263240814209 5.91432285308838 9.37334823608398 11.0103349685669 4.86316680908203 8.54459190368652 10.805835723877 5.60351085662842 4.8556604385376 -99.9 -99.9 -99.9 -99.9 -99.9 9.91360092163086 13.7616539001465 4.75194835662842 9.21597671508789 9.05045986175537 6.31847906112671 4.83908224105835 5.03884935379028 5.42810106277466 -99.9 -99.9 -99.9 -99.9 -99.9 -99.9 -99.9 -99.9 -99.9 -99.9 -99.9 -99.9 5.17916297912598 6.20158338546753 4.96784543991089 5.71653032302856 4.60182571411133 4.55378103256226 4.64105224609375 4.71136951446533 4.52357149124146 3.8117949962616 3.89757823944092 6.76837348937988 5.44798564910889 4.80992555618286 4.50697565078735 4.71613025665283 4.27544689178467 4.67394590377808 4.72541379928589 4.60651445388794 4.56384372711182
-99.9 6.25101804733276 5.64540243148804 5.44869041442871 4.90308713912964 5.50632429122925 7.0222315788269 4.58098125457764 4.91589260101318 6.32356405258179 7.72419214248657 4.55864763259888 -99.9 -99.9 -99.9 8.0553617477417 9.41258811950684 7.56960391998291 9.72132301330566 6.65009164810181 4.11111211776733 5.48529100418091 -99.9 -99.9 -99.9 -99.9 -99.9 -99.9 -99.9 -99.9 -99.9 -99.9 -99.9 -99.9 -99.9 -99.9 -99.9 -99.9 -99.9 10.7709312438965 7.83525657653809 4.72795915603638 4.23100280761719 4.99963665008545 7.89000558853149 8.24888324737549 5.82372188568115 4.79169702529907 4.49974918365479 4.97721576690674 4.32746028900146 4.51139307022095 5.14968109130859 5.06825351715088 4.62887334823608 6.21571350097656 6.59913539886475 5.08966398239136 4.64591598510742
4.50925636291504 4.86266422271729 4.15529203414917 5.09400606155396 5.0853009223938 4.62505960464478 4.59839916229248 4.5943660736084 5.19954633712769 4.30777978897095 -99.9 -99.9 5.02582740783691 4.9573769569397 5.88230657577515 7.04933881759644 7.01285076141357 6.8068790435791 -99.9 11.9598684310913 6.21357345581055 9.01603698730469 7.50311040878296 -99.9 -99.9 -99.9 -99.9 -99.9 -99.9 -99.9 -99.9 -99.9 -99.9 -99.9 -99.9 -99.9 -99.9 -99.9 4.56433963775635 4.82371807098389 4.28277158737183 -99.9 -99.9 -99.9 -99.9 -99.9 -99.9 -99.9 -99.9 -99.9 -99.9 -99.9 -99.9 9.05734348297119 9.05574607849121 9.4413366317749 6.40852212905884 5.1254734992981 4.90430450439453
4.68156862258911 4.48368787765503 5.03433847427368 6.40767288208008 8.38863468170166 5.28007030487061 4.57678747177124 4.94233512878418 6.13045310974121 -99.9 -99.9 -99.9 5.66737461090088 8.05111789703369 5.73378992080688 5.95909118652344 -99.9 5.99973058700562 -99.9 -99.9 12.9343404769897 15.3570241928101 -99.9 -99.9 -99.9 -99.9 -99.9 -99.9 -99.9 -99.9 -99.9 -99.9 -99.9 -99.9 -99.9 -99.9 -99.9 -99.9 -99.9 -99.9 -99.9 -99.9 -99.9 -99.9 -99.9 -99.9 -99.9 -99.9 -99.9 -99.9 -99.9 -99.9 -99.9 -99.9 -99.9 6.51002264022827 5.64813899993896 5.4294958114624 4.72098970413208
4.66098785400391 4.67261409759521 7.97952318191528 10.223051071167 10.3955192565918 5.42143678665161 4.60776138305664 6.58991384506226 6.70743656158447 6.6953501701355 -99.9 4.46360635757446 5.04292106628418 5.09967660903931 7.99245643615723 -99.9 -99.9 -99.9 -99.9 -99.9 -99.9 10.0925207138062 -99.9 -99.9 -99.9 -99.9 -99.9 -99.9 -99.9 -99.9 -99.9 -99.9 -99.9 -99.9 -99.9 -99.9 -99.9 -99.9 -99.9 -99.9 -99.9 -99.9 -99.9 -99.9 -99.9 -99.9 -99.9 -99.9 -99.9 -99.9 -99.9 -99.9 -99.9 -99.9 -99.9 5.39840841293335 5.3718900680542 4.695631980896 4.68456125259399
5.11968660354614 4.86960172653198 7.09129667282104 6.73723793029785 6.01021289825439 4.58048963546753 5.05587768554688 9.48085308074951 7.37222099304199 8.40356159210205 -99.9 5.12954378128052 5.84311151504517 5.40946245193481 5.75889205932617 6.76043367385864 12.0910310745239 -99.9 -99.9 -99.9 -99.9 -99.9 -99.9 -99.9 -99.9 -99.9 -99.9 -99.9 -99.9 -99.9 -99.9 -99.9 -99.9 -99.9 -99.9 -99.9 -99.9 -99.9 -99.9 -99.9 -99.9 -99.9 -99.9 -99.9 -99.9 -99.9 -99.9 -99.9 -99.9 -99.9 -99.9 -99.9 -99.9 4.69078493118286 4.85069370269775 5.32819843292236 4.98759460449219 4.9168758392334 4.76668691635132
10.4787311553955 6.30258464813232 4.60158443450928 4.79149961471558 4.7286958694458 4.53977012634277 5.27085447311401 10.0881080627441 8.46897315979004 7.8989839553833 -99.9 4.73493766784668 9.02775287628174 4.70557069778442 4.52884912490845 5.16692352294922 4.57702970504761 4.42492341995239 -99.9 -99.9 -99.9 -99.9 -99.9 -99.9 -99.9 -99.9 -99.9 -99.9 -99.9 -99.9 -99.9 -99.9 -99.9 -99.9 -99.9 -99.9 -99.9 -99.9 -99.9 -99.9 -99.9 -99.9 -99.9 -99.9 -99.9 -99.9 -99.9 -99.9 -99.9 -99.9 -99.9 -99.9 -99.9 4.10600280761719 5.35031127929688 5.67253017425537 6.09495306015015 5.74109888076782 5.197265625
7.81167459487915 4.60462665557861 4.69779491424561 5.21701860427856 5.03127527236938 4.54926824569702 5.17160034179688 8.76027584075928 9.62183284759521 -99.9 -99.9 4.63944482803345 4.08772611618042 6.45495128631592 5.51191377639771 8.30984783172607 -99.9 5.70690488815308 -99.9 5.73776960372925 4.71129894256592 -99.9 -99.9 -99.9 -99.9 -99.9 -99.9 -99.9 -99.9 -99.9 -99.9 -99.9 -99.9 -99.9 -99.9 -99.9 -99.9 -99.9 -99.9 -99.9 -99.9 -99.9 -99.9 -99.9 -99.9 -99.9 -99.9 -99.9 -99.9 -99.9 -99.9 -99.9 4.25998210906982 4.32011842727661 4.82387113571167 4.98500728607178 4.97484970092773 4.93297100067139 7.02704763412476
4.94252157211304 5.50380992889404 4.66052103042603 4.62696599960327 4.01949691772461 4.09021615982056 5.20171499252319 5.22663545608521 -99.9 -99.9 5.53983020782471 6.68666076660156 5.19866752624512 4.59165143966675 9.61457538604736 8.22254276275635 6.47011804580688 6.96391820907593 -99.9 -99.9 5.49564170837402 5.16711330413818 -99.9 -99.9 -99.9 -99.9 -99.9 -99.9 -99.9 -99.9 -99.9 -99.9 -99.9 -99.9 -99.9 -99.9 -99.9 -99.9 -99.9 -99.9 -99.9 -99.9 -99.9 -99.9 -99.9 -99.9 -99.9 -99.9 -99.9 -99.9 -99.9 -99.9 5.78325366973877 5.04114770889282 4.85168600082397 5.0096435546875 4.78914594650269 4.86599349975586 4.91451835632324
7.12355947494507 5.30878210067749 4.75985670089722 4.87677574157715 4.70160388946533 5.02436399459839 7.77517032623291 6.2673168182373 4.90403938293457 6.39702892303467 4.31699848175049 4.86248302459717 6.63872385025024 6.32735729217529 7.26550388336182 6.69789886474609 10.101393699646 5.55539846420288 7.2766637802124 5.57970809936523 6.53576993942261 5.75614070892334 -99.9 -99.9 -99.9 -99.9 -99.9 -99.9 -99.9 -99.9 -99.9 -99.9 -99.9 -99.9 -99.9 -99.9 -99.9 -99.9 -99.9 -99.9 -99.9 -99.9 -99.9 -99.9 -99.9 -99.9 -99.9 -99.9 -99.9 -99.9 -99.9 5.19441223144531 6.41928386688232 6.46089220046997 5.18148803710938 5.87650585174561 5.25674343109131 6.71401834487915 5.49943542480469
11.0208864212036 4.6687068939209 4.86901807785034 4.73387575149536 4.69690465927124 6.66326236724854 7.60427761077881 6.56944799423218 4.44732761383057 4.68513345718384 4.68530511856079 3.95827603340149 4.68444442749023 4.04434156417847 7.20602798461914 5.95338296890259 6.76288509368896 7.22373723983765 6.50895643234253 -99.9 -99.9 -99.9 -99.9 -99.9 -99.9 -99.9 -99.9 -99.9 -99.9 -99.9 -99.9 -99.9 -99.9 -99.9 -99.9 -99.9 -99.9 -99.9 -99.9 -99.9 -99.9 -99.9 -99.9 -99.9 -99.9 -99.9 -99.9 -99.9 -99.9 -99.9 3.80154895782471 4.71801948547363 5.58605480194092 5.91113948822021 7.60384654998779 6.30979299545288 6.29389715194702 6.75337743759155 4.94196701049805
6.26386117935181 4.51812171936035 4.06997680664062 3.82134556770325 4.33236408233643 5.05179357528687 5.423020362854 4.42676305770874 4.09274291992188 4.45096158981323 5.57102108001709 10.096004486084 7.21687650680542 9.28034019470215 10.117283821106 -99.9 7.07113027572632 7.52784538269043 -99.9 -99.9 -99.9 -99.9 -99.9 -99.9 -99.9 -99.9 -99.9 -99.9 -99.9 -99.9 -99.9 -99.9 -99.9 -99.9 -99.9 -99.9 -99.9 -99.9 -99.9 -99.9 -99.9 -99.9 -99.9 -99.9 -99.9 -99.9 -99.9 -99.9 -99.9 4.6458945274353 6.86258935928345 5.92815685272217 6.08563613891602 6.46979999542236 6.80152797698975 6.90245771408081 6.66438627243042 6.60609722137451 4.87294483184814
5.66145801544189 5.52690410614014 4.09780311584473 4.52591276168823 3.97739815711975 3.85057258605957 4.62485122680664 4.54742813110352 4.64391183853149 6.45462942123413 8.65646362304688 5.75245332717896 9.98097038269043 16.6849136352539 7.49529886245728 6.96159887313843 10.1252059936523 6.83645582199097 6.4412636756897 -99.9 -99.9 -99.9 -99.9 -99.9 -99.9 -99.9 -99.9 -99.9 -99.9 -99.9 -99.9 -99.9 -99.9 -99.9 -99.9 -99.9 -99.9 -99.9 -99.9 -99.9 -99.9 -99.9 -99.9 -99.9 -99.9 -99.9 -99.9 4.48596954345703 4.47862720489502 4.66960620880127 5.82437801361084 4.85574817657471 5.17961978912354 4.91643142700195 5.13498401641846 6.62850904464722 5.11380481719971 5.05417585372925 4.72433137893677
8.11022090911865 8.6865406036377 7.08268356323242 4.2259349822998 4.75290679931641 5.04505395889282 7.33061408996582 5.21817255020142 4.55421018600464 7.99780416488647 15.4942741394043 5.65041351318359 7.13973999023438 6.55467224121094 3.97774863243103 4.46555423736572 9.70470714569092 -99.9 -99.9 -99.9 -99.9 -99.9 -99.9 -99.9 -99.9 -99.9 -99.9 -99.9 -99.9 -99.9 -99.9 -99.9 -99.9 -99.9 -99.9 -99.9 -99.9 -99.9 -99.9 -99.9 -99.9 -99.9 -99.9 -99.9 -99.9 -99.9 -99.9 -99.9 5.67755794525146 4.09010601043701 4.88810443878174 4.65020895004272 4.62156915664673 5.92478036880493 8.19391822814941 7.62379598617554 4.95129203796387 4.67322444915771 4.67871809005737
