fish_book/data/sediment/Wilson_et_al_2017_data_files_asc/GravelPercent.asc
NCOLS 200
NROWS 150
XLLCORNER -16
YLLCORNER 44
CELLSIZE 0.125
NODATA_VALUE -99.9
[rows 27 to 53 of 150, columns 122 to 182 of 200]
4.06655263900757 0.971113741397858 0.14797306060791 0.374403923749924 0.383602201938629 1.47425496578217 2.71316528320312 0.236459285020828 0.132714360952377 0.482216000556946 2.46422815322876 1.87386083602905 0.182825922966003 4.09265184402466 1.42795777320862 2.19081234931946 2.43911528587341 4.70158386230469 0.19511079788208 0.228303954005241 0.224533781409264 0.125026419758797 0.0352185554802418 0.0462576039135456 0.0601087287068367 0.0730529054999352 0.0859970822930336 0.0511281974613667 0 0 0 0 0 0 0 0 0 0 0 0 0 0 0 0 0 11.4450054168701 4.52831220626831 -99.9 -99.9 -99.9 -99.9 -99.9 22.6135520935059 -99.9 -99.9 -99.9 -99.9 -99.9 -99.9 -99.9 -99.9
8.8393030166626 1.17927944660187 0.17195251584053 0.0547851771116257 0.18901115655899 0.262432515621185 1.05816376209259 2.47555541992188 0.232716247439384 0.735990345478058 0.216067954897881 1.02078783512115 1.26574444770813 1.42733955383301 1.12556183338165 3.64770865440369 2.24219036102295 0.175748944282532 0.153564482927322 0.408501833677292 0.336515247821808 0.203002274036407 0.125401824712753 0.980982601642609 1.17579996585846 1.07523739337921 0.730623245239258 0.202106401324272 0 0 0 0 0 0 0.0721330568194389 0.113522075116634 0.0524834282696247 0 0 0 0 0 0 0 0.00985661521553993 0.00927793048322201 6.07514810562134 -99.9 -99.9 -99.9 21.1322841644287 22.7591953277588 -99.9 -99.9 -99.9 -99.9 -99.9 -99.9 -99.9 -99.9 -99.9
0.930905401706696 0.435548275709152 0.0621805004775524 0.0143173262476921 0.855737268924713 1.05209696292877 1.40748798847198 7.07052755355835 0.509600162506104 0.26723775267601 0.221310541033745 2.07734417915344 0.581559836864471 0.366206079721451 0.952742278575897 0.490187406539917 0.164537116885185 0.0531021319329739 0.0944676324725151 0.471088230609894 0.255647599697113 0.194145604968071 1.06988155841827 1.84202420711517 1.77012419700623 1.26657426357269 0.738386690616608 0.199897438287735 0 0 0 0 0 0 0.199422150850296 0.377418696880341 0.254466474056244 0.109071888029575 0.0198024809360504 0 0 0 0 0.0164036229252815 0.119957759976387 0.165048062801361 0.0394241809844971 4.29716968536377 10.452522277832 -99.9 24.4376811981201 -99.9 -99.9 -99.9 -99.9 -99.9 -99.9 -99.9 -99.9 -99.9 -99.9
0.097324438393116 0.127820998430252 0.146083652973175 0.313161909580231 0.238454297184944 0.21263861656189 1.0400185585022 0.310896724462509 0.144290134310722 0.0536742806434631 0.115426868200302 1.40948963165283 0.177482441067696 0.0916927978396416 0.233188778162003 0.188231185078621 0.240782856941223 0.168416738510132 0.167811557650566 0.24140253663063 0.192689806222916 0.666351914405823 0.788982152938843 0.589075326919556 0.769697189331055 0.805872738361359 0.360288232564926 0.0392727181315422 0 0 0 0.00651139486581087 0.122911006212234 0.133211329579353 0.301428139209747 0.540177524089813 0.418766736984253 0.260289937257767 0.0978609994053841 0.000420631549786776 0 0 0 0.0373651310801506 0.159196019172668 0.226411789655685 0.118493445217609 0.966967880725861 9.00039482116699 -99.9 -99.9 -99.9 -99.9 -99.9 -99.9 -99.9 -99.9 -99.9 -99.9 -99.9 -99.9
0.18275648355484 0.219578966498375 1.09190464019775 0.154646411538124 0.384409427642822 0.299316853284836 0.706190049648285 0.87728488445282 0.69712108373642 0.579515218734741 0.598270297050476 1.34693372249603 0.556378126144409 0.421382457017899 0.205626204609871 0.135554999113083 0.187330663204193 0.155704781413078 0.624033212661743 0.0611094199120998 0.0178247075527906 0.00198058877140284 0 0 0 0.0669941008090973 0.0202938001602888 0 0 0 0 0.000133347100927494 0.170062020421028 0.429906815290451 0.528017818927765 0.462107390165329 0.39008155465126 0.232151195406914 0.0692438408732414 0 0 0 0 0.0111456355080009 0.114718273282051 0.16858883202076 0.0795462653040886 0.00203388300724328 15.1391229629517 18.8055820465088 -99.9 -99.9 -99.9 -99.9 -99.9 -99.9 -99.9 -99.9 -99.9 -99.9 -99.9
0.29830875992775 0.119449965655804 0.852732837200165 0.501809120178223 0.350447148084641 0.355974435806274 0.130204364657402 0.0950330570340157 0.479239970445633 0.754253566265106 1.22411847114563 2.15701794624329 1.44086611270905 0.695981323719025 0.758167922496796 0.363074690103531 0.0796316117048264 0.079207643866539 0.665851056575775 0.115271359682083 0 0 0 0 0 0 0 0 0 0 0 0 0.131802782416344 0.399643838405609 0.426094859838486 0.342324286699295 0.314377874135971 0.203353151679039 0.0454881899058819 0 0 0 0 0.000544994894880801 0.0658285245299339 0.102634958922863 0.0387384183704853 0 0.0410384424030781 8.07686710357666 -99.9 -99.9 -99.9 -99.9 -99.9 -99.9 -99.9 -99.9 -99.9 -99.9 -99.9
0.120758585631847 0.191223576664925 0.191575184464455 0.971695482730865 0.660194098949432 0.201213374733925 0.0258925631642342 0.032726526260376 0.131313890218735 0.280399352312088 0.381147116422653 0.302862137556076 0.39968928694725 0.209933221340179 0.345228970050812 0.160476565361023 0.0803036689758301 0.040644034743309 0.0607174038887024 0.00302914646454155 0 0 0 0 0 0 0 0 0 0 0 0 0.0974990054965019 0.289181590080261 0.280197560787201 0.222573235630989 0.199462741613388 0.158091276884079 0.0262369532138109 0 0 0 0 0 0.0164081044495106 0.0314144603908062 0.0106316236779094 0 0 0.0817501470446587 10.7577791213989 -99.9 -99.9 -99.9 -99.9 -99.9 -99.9 -99.9 -99.9 -99.9 -99.9
0.0798754841089249 0.121752217411995 0.153092443943024 0.425869345664978 0.443691611289978 0.196509793400764 0.0311623886227608 0.0599976666271687 0.696487903594971 0.251771986484528 0.242159336805344 0.289816737174988 0.187314867973328 0.217477053403854 0.262026101350784 0.347604960203171 0.150192856788635 0.0533985011279583 0.0385975725948811 0.0132545847445726 0 0 0 0 0 0.000676649040542543 0.0072006112895906 0 0 0 0 0 0.0661899447441101 0.130445197224617 0.114950023591518 0.102915197610855 0.0807080790400505 0.0628499314188957 0.0104835228994489 0 0 0 0 0 0 0 0 0 0 0 0.0176996551454067 0.793897092342377 2.86621785163879 -99.9 -99.9 -99.9 -99.9 -99.9 -99.9 -99.9 -99.9
0.0651554688811302 0.077032059431076 0.15616101026535 0.168871641159058 0.263500988483429 0.0661883950233459 0.092715822160244 0.219227656722069 0.116506889462471 0.05444211140275 0.101346649229527 0.139345452189445 0.0451448448002338 0.0625024288892746 0.0511654391884804 0.248201042413712 0.114493578672409 0.0933735445141792 0.743240714073181 0.107949525117874 0 0 0 0 0.00141533010173589 0.0361480787396431 0.0868918672204018 0.0168658290058374 0 0 0 0 0.0129593582823873 0.00625160522758961 0.00614215107634664 0.407445698976517 0.481196224689484 0.300954967737198 0.0672849714756012 0.00980318151414394 0 0 0 0 0 0 0 0 0 0 0 0 0.74600738286972 2.81362581253052 6.6365818977356 7.96637916564941 -99.9 -99.9 -99.9 -99.9 -99.9
0.174666181206703 0.117363467812538 0.317122548818588 0.283705443143845 0.158216714859009 0.136666014790535 0.0779853463172913 0.162447288632393 0.167420417070389 0.0639334172010422 0.20834082365036 0.329273611307144 0.021136811003089 0.014272159896791 0.0237969979643822 0.00251474836841226 0.0162983126938343 0.364010393619537 2.87973594665527 0.342047482728958 0.00302388868294656 0.000135781505377963 0 0 0.0063764788210392 0.0518157370388508 0.126860529184341 0.0401874780654907 0 0 0 0 0 0 0.229687064886093 0.66729348897934 0.680727541446686 0.404788792133331 0.166898339986801 0.0820479318499565 0.0114126289263368 0 0 0 0 0 0 0 0 0 0 0 0.0286294408142567 1.13542366027832 1.30667769908905 5.52469873428345 3.16122436523438 8.33874797821045 10.686502456665 -99.9 -99.9
0.750323534011841 0.104051686823368 0.0481306463479996 0.0610252544283867 0.13868473470211 0.0816875621676445 0.110986717045307 0.0713664367794991 0.0292520225048065 0.0618330575525761 0.0362293310463428 0.0163663197308779 0.0498834028840065 0.225804194808006 0.611699223518372 0.00754778645932674 0.0879596695303917 0.113628290593624 0.107159622013569 0.188799142837524 1.35132777690887 0.376476317644119 0 0 0 0 0.00132532767020166 0.00155077362433076 0 0 0 0 0 0 0.200259372591972 0.336496323347092 0.414143949747086 0.422397881746292 0.265494465827942 0.176354184746742 0.0863397940993309 0.0130220763385296 0 0 0 0 0 0 0 0 0 0 0 0.0561765469610691 0.084560289978981 0.059618066996336 0.0570743568241596 0.803474605083466 6.27762413024902 2.05797076225281 -99.9
3.99133586883545 1.18578290939331 0.117955379188061 0.299429506063461 0.103688485920429 0.114408455789089 0.14747217297554 0.132032498717308 0.0301145371049643 0.0280700791627169 0.0270926207304001 0.00653270864859223 0.0135144451633096 0.0196551736444235 0.0426790714263916 0.0524622835218906 0.111272230744362 0.0795490071177483 0.0373644903302193 0.106826603412628 0.453011035919189 0.133044376969337 0.0517255179584026 0.0105984304100275 0 0 0 0 0 0 0 0 0 0 0.0181060153990984 0.0856870710849762 0.171573206782341 0.253383368253708 0.277779698371887 0.194779396057129 0.104763187468052 0.0210962444543839 0 0 0 0 0 0 0 0 0 0.055120624601841 0.621476829051971 0.85744321346283 0 0 0 0 0 1.17031943798065 0.583465993404388
0.428917735815048 0.231355682015419 0.0403136163949966 0.149947211146355 0.0699509531259537 0.386231303215027 0.094697117805481 0.20729486644268 0.113013543188572 0.205365762114525 0.162909105420113 0.0331086702644825 0.0892809182405472 0.0340548381209373 0.106711253523827 0.1275724619627 0.218023478984833 0.123728521168232 1.23198390007019 6.78399753570557 0.0811805799603462 0.0608270764350891 0.050044659525156 0.00880550500005484 0 0 0 0 0 0 0 0 0 0 0 0.00448097847402096 0.0468554645776749 0.111051671206951 0.172174125909805 0.135864168405533 0.0464730449020863 0.000730065105017275 0.000287660164758563 0.00170957739464939 0 0 0 0 0 0 0 1.14826023578644 3.8363983631134 3.13752365112305 0 0 0 0 0 0 0
0.0554005913436413 0.0733669325709343 0.102260291576385 0.148192092776299 0.0483368746936321 0.0762849822640419 0.179455772042274 1.91024351119995 1.86619901657104 0.197422951459885 0.458134055137634 4.71185827255249 1.13224530220032 2.62710475921631 5.18287706375122 5.49218702316284 0.597623884677887 1.25967574119568 5.60394906997681 2.54233598709106 4.24792003631592 0.297691941261292 0.0194032359868288 0.000849273172207177 0 0 0 0 0 0 0 0 0 0 0 0 0 0.0058279475197196 0.0374159924685955 0.0643141642212868 0.00687417341396213 0.00387846701778471 0.0429593361914158 0.0442935973405838 0.0036447977181524 0 0 0 0 0 0.080905094742775 2.34880423545837 4.85975980758667 3.81151366233826 0 0 0 0 0 0 0
0.0247361566871405 0.0353031866252422 0.158931255340576 0.178359240293503 0.229278698563576 0.110419273376465 0.236523255705833 0.884483098983765 0.743768572807312 0.263363867998123 0.172443509101868 1.1296501159668 10.1058320999146 6.81019592285156 4.61821222305298 0.588750302791595 0.522758960723877 0.615996778011322 0.220700547099113 0.0663140937685966 1.14095199108124 0.694761574268341 0.178957730531693 0.0134544083848596 0.00501199485734105 0 0 0 0 0 0 0 0 0 0 0 0 0 0 0.00120743690058589 0 0.0364014655351639 0.124895535409451 0.108181476593018 0.0459285043179989 0.00376428826712072 0 0 0 0.0311799384653568 0.350301891565323 0.634192943572998 0.564804434776306 0.521358907222748 0.351675063371658 0.216927021741867 0.116664215922356 0.0480991750955582 0.00569545105099678 0 0
7.41871500015259 2.48272848129272 1.34103357791901 2.17233872413635 6.45494842529297 8.51730060577393 1.79814767837524 1.75647974014282 0.372287154197693 0.472090512514114 0.338199824094772 0.179456278681755 7.29556608200073 8.10663890838623 8.77187919616699 1.7034547328949 0.140795901417732 0.334394931793213 0.151461765170097 5.01262807846069 0.655970871448517 0.157602533698082 0.250536113977432 0.0731254816055298 0.0445015653967857 0.00168153585400432 0 0 0 0 0 0 0 0 0 0 0 0 0 0 0.00644896412268281 0.098732553422451 0.200911492109299 0.171141922473907 0.105659544467926 0.0253450348973274 0 0.00891781132668257 0.201797321438789 0.52830046415329 1.27812659740448 2.07621812820435 2.09471082687378 1.9775425195694 1.36749446392059 0.613307952880859 0.394802451133728 0.182936280965805 0.20192252099514 2.16285586357117 2.31098484992981
8.89662551879883 9.11774063110352 8.20595550537109 5.5224289894104 15.2096214294434 14.1173267364502 1.61377465724945 3.05508804321289 2.73054337501526 0.753242969512939 0.214450731873512 0.0950229614973068 1.91440069675446 2.44227647781372 0.682623088359833 0.370943009853363 0.202714428305626 0.258492529392242 0.16045469045639 0.320430397987366 0.352696269750595 0.112034246325493 0.0932862982153893 0.171078816056252 0.103477336466312 0.00434350781142712 0 0 0 0 0 0 0 0 0 0 0 0 0 0.00105005549266934 0.058180570602417 0.196381479501724 0.274428933858871 0.181869238615036 0.0612277053296566 0.00118417665362358 0 0.112581253051758 0.806158542633057 1.34834372997284 2.29030704498291 3.26033735275269 3.82210278511047 3.73399138450623 2.90305471420288 1.15452814102173 0.313805192708969 0.0912582725286484 0.0331489965319633 3.06159543991089 6.3022198677063
12.9134159088135 5.65693616867065 4.23895597457886 2.12174868583679 1.78122544288635 1.60952341556549 3.73182559013367 1.42320334911346 0.508809506893158 1.33559930324554 0.397724151611328 0.0450437068939209 0.0814346894621849 0.392399698495865 0.0751665681600571 0.189576491713524 0.391387075185776 0.0686590299010277 0.0836872085928917 0.665299355983734 0.455193519592285 0.181732967495918 0.105611629784107 0.387144684791565 0.884247124195099 0.331805497407913 0.0352226756513119 0 0 0 0 0 0 0 0 0 0 0 0 0.0393358021974564 0.154875010251999 0.283001214265823 0.277959406375885 0.131020590662956 0.00969972740858793 0 0.0552001148462296 0.982130885124207 1.45370435714722 2.23737144470215 3.30248737335205 4.27251768112183 5.21083831787109 5.49044036865234 4.51252269744873 2.6888644695282 0.923275351524353 0.0437057949602604 0 2.38881635665894 7.13905334472656
11.9538288116455 2.88292646408081 2.13114523887634 2.01786994934082 0.643142938613892 0.476966172456741 1.03205966949463 10.9137859344482 0.136169642210007 3.05809283256531 0.0629197284579277 0.0804154798388481 0.227094620466232 1.74494135379791 0.408951669931412 0.368552595376968 0.608747839927673 0.077886164188385 0.222830578684807 0.463724106550217 0.123590104281902 0.681089878082275 0.275750368833542 0.260268777608871 1.98836362361908 1.03157222270966 0.325299620628357 0.00287970714271069 0 0 0 0 0 0 0 0 0 0 0.0218709111213684 0.110310383141041 0.191594168543816 0.251331716775894 0.224361896514893 0.105639822781086 0.0393322110176086 0.00178247061558068 0.513762354850769 2.12506985664368 2.28954362869263 1.37706935405731 2.84543418884277 4.56059122085571 6.01327562332153 7.06351184844971 6.16960191726685 4.60168981552124 3.26670956611633 1.98668050765991 0.233050912618637 1.7452244758606 6.32845592498779
3.46929860115051 1.99617207050323 2.36226987838745 5.41411113739014 1.092644572258 0.0940338894724846 1.60357618331909 0.52037638425827 0.100845068693161 0.0504781678318977 0.0485562384128571 0.191720828413963 0.155800357460976 0.225283414125443 0.178640514612198 0.674028038978577 6.93543148040771 0.110771507024765 0.208641767501831 0.12564679980278 0.182536020874977 0.19311186671257 0.370352119207382 0.128271117806435 0.135277956724167 0.269898325204849 0.0981841832399368 0.00022870117390994 0 0 0 0 0 0 0 0 0 0 0.00376638490706682 0.0278421994298697 0.0740866810083389 0.126837536692619 0.116964094340801 0.0570602230727673 0.0122680785134435 0.0104086333885789 0.780367136001587 2.21276307106018 3.14742851257324 1.09773981571198 0.934390008449554 2.54923844337463 4.43449401855469 6.29641819000244 6.60024738311768 5.74258708953857 4.85187387466431 3.94154453277588 3.88134098052979 4.59484481811523 18.7418479919434
2.97994923591614 1.75968217849731 1.06989586353302 1.20945656299591 0.18316738307476 0.537835001945496 0.242157906293869 0.201098710298538 1.32160902023315 0.0392612032592297 0.459539532661438 1.84196615219116 0.155875951051712 0.1543138474226 0.36110132932663 0.195866838097572 0.269200205802917 0.105380140244961 0.359724193811417 0.743702352046967 0.0585769899189472 0.466659247875214 0.356185674667358 1.51292860507965 0.477650880813599 0.0944216251373291 0.0452273823320866 0.000699669995810837 0 0 0 0 0 0 0 0 0 0 0 0 0.00121749448589981 0.085444837808609 3.71277070045471 12.4190692901611 0 0 0.0911875292658806 0.959552526473999 3.95482063293457 3.07588863372803 0.27118769288063 0.570013642311096 2.28577184677124 4.09326267242432 4.47458744049072 3.93447065353394 3.04674601554871 2.48750758171082 5.09661531448364 10.5539636611938 25.8620166778564
0.483639478683472 0.170460388064384 0.120502538979053 0.0984240397810936 0.0987976938486099 0.364365130662918 0.13880380988121 0.583160161972046 4.63550758361816 0.0967790633440018 0.132158309221268 6.71330881118774 2.84823179244995 0.0585389919579029 0.0361198075115681 0.0822954773902893 0.206456154584885 1.26280581951141 1.62736117839813 0.678991377353668 0.150231972336769 0.256841123104095 0.211982563138008 0.151603803038597 0.27395486831665 0.0652714446187019 0.125506952404976 0.00341831869445741 0 0 0 0 0 0 0 0 0 0 0.0215535387396812 1.73840749263763 1.40531349182129 0.189467743039131 0.195554330945015 1.5219144821167 0.0285275895148516 0 0 0.0367724485695362 1.04174029827118 0.867826223373413 0 0.0024516663979739 0.441772103309631 1.83324468135834 2.08835530281067 1.96094751358032 1.3296092748642 1.39539039134979 4.30786466598511 7.20676517486572 7.52737236022949
0.0482652448117733 0.0620624125003815 0.0475238263607025 0.0899019166827202 1.55914783477783 1.10910940170288 0.576007783412933 1.57351350784302 11.2905588150024 0.414165198802948 0.248025104403496 2.76230835914612 0.489776611328125 0.0404672361910343 0.145129799842834 0.132317543029785 4.3384313583374 5.3569016456604 3.59176778793335 0.27304545044899 0.277957648038864 0.0630348771810532 0.952786207199097 0.107458278536797 0.503648221492767 0.0910508707165718 0.0501370504498482 0.212422639131546 0.0570435151457787 0 0 0 0 0 0 0 0 0 0.0371920056641102 0.830637812614441 0.694742918014526 0.0069057485088706 0 0 0 0 0.0135790761560202 0.0772493258118629 0.145488649606705 0.0553560815751553 0.0205549784004688 0.130846962332726 0.306349724531174 0.194746017456055 0.206245854496956 0.199223861098289 0.151818513870239 0.383305013179779 2.22910523414612 2.52938914299011 0.927896022796631
0.144000321626663 0.232997626066208 0.0715237483382225 0.196508198976517 1.74129486083984 2.05421733856201 1.16544771194458 0.584621667861938 0.0239626858383417 0.0331075750291348 0.374079436063766 0.83467960357666 2.21322345733643 0.738532721996307 0.132774472236633 0.0169148575514555 0.0898611396551132 0.12747922539711 0.624185085296631 0.442947179079056 0.103869378566742 0.2020123898983 0.44173064827919 0.305040031671524 0.301484555006027 0.169727846980095 0.910599291324615 1.83477306365967 0.202926188707352 0.0499340742826462 0.00771778449416161 0.0293796584010124 0 0 0 0 0 0 0 0 0 0 0 0 0 9.16956196306273e-05 0.0516617000102997 0.0810823142528534 0.0697572380304337 0.013383655808866 0.00774419261142612 3.4985454082489 9.78779315948486 1.56728196144104 0.967920064926147 9.02916145324707 5.38252401351929 0 0 0.395487427711487 0.595224380493164
0.0797864571213722 0.40117996931076 0.0496486946940422 0.0546204075217247 0.148749530315399 0.614439785480499 0.678585290908813 0.29000324010849 0.0245902091264725 0.0324032455682755 0.445140600204468 0.327728629112244 0.880384862422943 0.32091161608696 0.0437803566455841 0.0240594428032637 0.0599616467952728 0.0644363388419151 0.429298609495163 0.757585525512695 0.743707716464996 1.02934551239014 0.196749001741409 0.229341521859169 0.23660871386528 0.109288081526756 0.140406057238579 0.429567277431488 0.196676090359688 0.348164767026901 1.18385279178619 0.82519793510437 0 0 0 0 0 0 0 0 0 0 0 0 0 0 0.00238822400569916 0.0274526327848434 0.0187796540558338 0.0183451101183891 0.0269889198243618 0.122035086154938 5.85023355484009 12.095929145813 8.70411491394043 3.5886116027832 1.46110200881958 0 0 0.734681606292725 3.02568626403809
0.240248128771782 0.0637849718332291 0.0389209054410458 0.0397701486945152 0.0289382226765156 0.0128028029575944 0.0296074599027634 0.0524256490170956 0.0486853644251823 0.0171914212405682 1.57800698280334 1.08842039108276 5.70847654342651 0.617029309272766 0.217182710766792 0.118760734796524 0.283277958631516 0.0729876682162285 0.0482814833521843 18.3380508422852 6.00156354904175 2.52418804168701 0.109131187200546 0.152540653944016 0.0888862758874893 1.77305626869202 3.9148862361908 0.280291736125946 0.0830347910523415 0.0625166296958923 0.845203697681427 0.148944273591042 0.0886885449290276 0 0 0 0.0360757745802402 0.0367594957351685 0 0 0 0 0 0 0 0 0 0.000309074588585645 0.0269600059837103 0.0357598997652531 0.0232174694538116 0.025915514677763 1.19890439510345 0.841371715068817 0 0 0 0 0 0.539314210414886 2.76541543006897
3.1552939414978 0.150381028652191 0.262066245079041 0.0855861306190491 0.233311131596565 1.62546586990356 9.95023250579834 2.27807760238647 0.0142720201984048 0.000768070516642183 0.0284128002822399 0.130588501691818 0.221712872385979 0.0402387268841267 0.135216370224953 0.0465760342776775 0.485591799020767 0.484126597642899 0.152383610606194 0.382096886634827 3.27259039878845 0.0494248233735561 0.0387679375708103 0.124012254178524 0.359289526939392 0.408975452184677 1.13893985748291 0.109885841608047 0.183301493525505 0.186031937599182 1.03137624263763 1.60373842716217 0.19256366789341 0 0 0 0.077684260904789 0.660694718360901 0.150674223899841 0 0 0 0 0 0 0 0 0 0.235361352562904 0.00275338743813336 0.00659047439694405 0.00431540934368968 0.000270242773694918 0 0 0 0 0 0 0.0118025531992316 0.507351934909821
