fish_book/data/sediment/Wilson_et_al_2017_data_files_asc/GravelD50.asc
NCOLS 200
NROWS 150
XLLCORNER -16
YLLCORNER 44
CELLSIZE 0.125
NODATA_VALUE -99.9
[rows 104 to 129 of 150, columns 59 to 117 of 200]
3.90274739265442 4.28524398803711 4.03758382797241 4.02774572372437 3.30309963226318 3.55128264427185 3.59164309501648 3.39583253860474 3.32608699798584 3.38414764404297 3.56912899017334 3.88227224349976 4.19541549682617 4.23549699783325 3.99684643745422 3.7581958770752 3.89884686470032 4.42204809188843 4.93637228012085 5.44149303436279 5.94661378860474 6.28748226165771 6.46277618408203 6.63806962966919 6.74783563613892 6.79250192642212 6.83716773986816 6.88183403015137 6.92649984359741 6.97747755050659 7.47820520401001 7.49748992919922 7.14347648620605 7.54840850830078 7.37593269348145 7.40178918838501 7.16678810119629 8.75533103942871 9.1220121383667 8.35339069366455 8.49361419677734 8.76689910888672 7.40998888015747 8.08872985839844 6.86760377883911 6.24680519104004 6.20076370239258 8.19443035125732 7.5958423614502 10.912052154541 15.7144336700439 9.82986068725586 11.6445140838623 -99.9 -99.9 -99.9 6.57638311386108 -99.9 -99.9
4.1738486289978 4.22344827651978 4.45248126983643 4.43927907943726 4.14947605133057 3.41276788711548 4.51929378509521 4.46751928329468 4.58327579498291 4.51985216140747 4.61335372924805 4.87881469726562 3.8186194896698 3.85905313491821 5.0019793510437 4.98484802246094 5.0158109664917 4.75855398178101 5.05317783355713 5.44260406494141 7.1268744468689 7.46734476089478 6.06437921524048 6.88527059555054 6.50841808319092 6.76977825164795 8.53285312652588 13.0970516204834 7.84458303451538 6.83596706390381 7.86373472213745 8.21180152893066 9.57946491241455 7.31041193008423 8.21468734741211 7.55559825897217 7.02806520462036 8.18209171295166 7.8534631729126 8.42881393432617 8.98823356628418 6.8641791343689 6.12348031997681 5.44346189498901 5.61302185058594 7.03631830215454 10.919545173645 13.9221487045288 11.3848905563354 12.6782398223877 10.8251886367798 17.5043506622314 12.1785926818848 10.7734336853027 -99.9 -99.9 -99.9 -99.9 -99.9
4.43013286590576 4.39805459976196 4.67967414855957 4.87333059310913 5.28211832046509 4.58265733718872 4.84411859512329 5.09727430343628 4.83292388916016 4.54082822799683 5.0424952507019 5.25443840026855 4.8819055557251 4.97761535644531 5.00578594207764 5.04446172714233 4.97544765472412 4.86377286911011 4.68512010574341 4.89947462081909 5.0813512802124 5.91891574859619 7.02830028533936 6.95728921890259 6.78282880783081 6.64563846588135 7.17054033279419 7.46983575820923 7.89743614196777 8.57831859588623 9.17068672180176 10.7977638244629 9.03113746643066 8.6711368560791 7.65250253677368 7.47495698928833 8.49363040924072 7.70274257659912 8.87727832794189 6.89069795608521 6.56180286407471 6.15959596633911 6.11810302734375 6.02680253982544 6.4399471282959 7.37401962280273 12.6368169784546 6.52440023422241 -99.9 10.9921054840088 12.2903051376343 14.4952182769775 9.27347087860107 6.90249490737915 -99.9 -99.9 -99.9 -99.9 -99.9
4.9071044921875 4.78785371780396 5.04333782196045 6.06397533416748 4.75658941268921 4.95027351379395 5.21882772445679 5.34436702728271 4.43655157089233 4.59089183807373 5.79765796661377 6.48366260528564 5.63629293441772 5.3831615447998 4.8729681968689 4.87600660324097 5.00288438796997 4.88766527175903 4.72381210327148 4.95978736877441 5.27309083938599 5.40616035461426 5.66309261322021 6.39411067962646 6.3267879486084 6.6975793838501 6.70386552810669 13.6025495529175 8.68992519378662 7.41871929168701 8.90273761749268 8.4066219329834 7.50345993041992 7.88865756988525 10.2014722824097 8.11478137969971 10.1527004241943 8.72028064727783 9.04611778259277 9.34839153289795 9.83797073364258 5.87868356704712 6.1513204574585 10.497371673584 10.4393529891968 14.4648609161377 14.4087409973145 17.2719039916992 9.94046211242676 13.2480564117432 14.0988540649414 14.0304489135742 16.0336971282959 8.08531475067139 9.96793556213379 -99.9 -99.9 -99.9 -99.9
5.03108596801758 4.7519211769104 4.93299388885498 4.85773754119873 4.77311611175537 5.51228952407837 5.18260908126831 5.42654085159302 5.09404945373535 5.80722141265869 5.38161039352417 6.57785654067993 6.14673852920532 5.46407651901245 5.09338903427124 4.9774055480957 5.43293809890747 5.0163106918335 4.97970819473267 5.60448169708252 6.22461175918579 6.26471185684204 6.32428693771362 6.90918636322021 7.15493869781494 7.09848022460938 6.87860250473022 8.71679306030273 11.024600982666 7.12145519256592 9.37014675140381 7.90280151367188 8.3941822052002 10.4611177444458 9.47101211547852 8.66047763824463 8.70592308044434 8.82873153686523 10.1464176177979 10.2614288330078 10.7965135574341 8.23248481750488 10.5734844207764 8.53602886199951 11.8213710784912 16.8586177825928 13.4712934494019 18.6712913513184 15.2292985916138 9.96556091308594 9.39987659454346 -99.9 -99.9 13.745888710022 9.63210487365723 7.08501768112183 -99.9 -99.9 -99.9
4.85430335998535 4.88490200042725 5.07335758209229 5.01548910140991 4.85976648330688 4.97644710540771 5.35831069946289 6.12164735794067 5.13589859008789 5.53912210464478 5.33818340301514 5.76605606079102 5.57808589935303 5.66476249694824 5.77066707611084 6.31847953796387 5.69143676757812 5.60581922531128 5.87341213226318 5.96356534957886 5.91503047943115 6.12395095825195 7.51529455184937 7.14697885513306 7.6410984992981 8.17140674591064 8.62235069274902 8.84873104095459 8.0101375579834 9.91838645935059 8.13792133331299 8.51715755462646 9.11598491668701 9.30648326873779 9.42464637756348 9.78662872314453 10.051383972168 10.5175743103027 9.97247886657715 12.5911531448364 14.4139366149902 13.6296920776367 16.4365749359131 17.0906639099121 17.520378112793 16.9195671081543 12.9187345504761 18.5005226135254 12.3061370849609 12.9033355712891 17.4127712249756 17.6479682922363 19.0041255950928 7.42639541625977 10.0015497207642 8.15974235534668 -99.9 -99.9 -99.9
4.73828840255737 4.8573579788208 4.95081806182861 5.19584226608276 5.08243465423584 5.00641870498657 5.04337692260742 5.66872358322144 5.14427947998047 5.66245985031128 5.83020305633545 5.81979751586914 4.87677526473999 5.72064924240112 5.94881010055542 5.26255655288696 5.52953577041626 5.5879168510437 5.68743371963501 6.07697772979736 6.21314096450806 6.92791557312012 7.48773527145386 7.01076745986938 7.78655099868774 7.95340871810913 8.40046882629395 9.16068935394287 8.84993553161621 10.3175849914551 9.40144443511963 8.44988918304443 10.6209945678711 11.1291961669922 11.9462032318115 11.8670215606689 10.6966857910156 11.1929187774658 11.3510665893555 14.3283576965332 16.106803894043 12.1964664459229 10.691990852356 8.92848491668701 10.6762027740479 11.7421779632568 12.604663848877 15.5121021270752 17.2776889801025 10.050874710083 17.2418231964111 7.95806932449341 6.11855363845825 6.17773151397705 12.7258882522583 7.86221933364868 -99.9 -99.9 -99.9
4.78720426559448 4.84782123565674 4.84247636795044 5.0373797416687 5.49701452255249 5.26728391647339 5.46910285949707 5.44207811355591 5.38571214675903 5.46437454223633 5.48449945449829 5.42384099960327 4.98133420944214 5.28906440734863 5.22785234451294 5.73862218856812 5.37091159820557 5.66252374649048 5.70359897613525 5.78521108627319 6.7022819519043 7.10150289535522 7.34167337417603 7.34489822387695 7.62933206558228 8.40006160736084 9.61193943023682 10.2227268218994 8.94051933288574 9.69337749481201 14.0599203109741 8.69072723388672 11.0415840148926 14.0384731292725 11.2572813034058 10.636794090271 11.6263408660889 10.6219148635864 7.56942510604858 6.75274324417114 -99.9 -99.9 -99.9 -99.9 -99.9 12.570029258728 12.0263051986694 14.1070823669434 17.1088466644287 18.067554473877 16.1144580841064 18.1240482330322 18.3711814880371 18.6067371368408 12.056471824646 12.7101011276245 -99.9 -99.9 -99.9
4.89359140396118 5.01398801803589 5.00956726074219 5.33967208862305 5.0721378326416 5.16224479675293 5.90864753723145 5.1076922416687 6.1235818862915 5.23121309280396 5.20561647415161 5.21971130371094 4.79370641708374 5.69069194793701 5.16679191589355 5.32942056655884 5.47730445861816 5.52118158340454 5.49946069717407 6.72500514984131 6.98769760131836 8.18660926818848 7.22165536880493 7.61347150802612 8.57920742034912 7.98501348495483 10.8715000152588 12.5770053863525 13.0256681442261 10.1326999664307 13.5871286392212 10.7430953979492 11.4570436477661 10.3522291183472 7.51126718521118 -99.9 -99.9 -99.9 -99.9 -99.9 -99.9 -99.9 -99.9 -99.9 -99.9 -99.9 6.47006034851074 7.85876369476318 5.79508399963379 7.91558456420898 -99.9 9.00951290130615 9.71977424621582 -99.9 12.3899927139282 10.8676633834839 -99.9 -99.9 -99.9
4.89482831954956 5.10127878189087 5.04474449157715 5.28564691543579 5.08954334259033 5.11409902572632 5.10298299789429 4.96710109710693 5.00344848632812 5.04366970062256 4.7339391708374 5.10622501373291 4.89320087432861 5.16173267364502 5.15529680252075 5.57056713104248 6.16969013214111 6.42099666595459 5.72284030914307 6.18436241149902 6.97463464736938 7.69715166091919 9.40841674804688 8.1902551651001 10.242844581604 12.582103729248 9.94170093536377 12.0794143676758 9.60693836212158 9.70887756347656 10.1484136581421 -99.9 -99.9 -99.9 -99.9 -99.9 -99.9 -99.9 -99.9 -99.9 -99.9 -99.9 -99.9 -99.9 -99.9 -99.9 -99.9 -99.9 -99.9 -99.9 -99.9 -99.9 -99.9 -99.9 -99.9 -99.9 -99.9 -99.9 -99.9
5.10712480545044 5.21747255325317 5.2584400177002 5.16223001480103 5.24865818023682 4.79481840133667 5.05315160751343 4.84139347076416 4.98725175857544 4.72142171859741 5.12654685974121 5.06908416748047 5.14044237136841 5.5742974281311 5.73707818984985 6.79134511947632 6.74890470504761 8.01211929321289 6.95473480224609 6.75315284729004 7.42619562149048 7.69073438644409 6.70131826400757 7.62592267990112 7.39160585403442 10.0456743240356 9.10433197021484 9.99822330474854 10.3362903594971 9.42703247070312 12.2118530273438 -99.9 -99.9 -99.9 -99.9 -99.9 -99.9 -99.9 -99.9 -99.9 -99.9 -99.9 -99.9 -99.9 -99.9 -99.9 -99.9 -99.9 -99.9 -99.9 -99.9 -99.9 -99.9 -99.9 -99.9 -99.9 -99.9 -99.9 -99.9
5.95819187164307 4.90541172027588 5.34695672988892 6.17289400100708 5.08474779129028 5.38265419006348 5.05360269546509 5.01803922653198 5.02256917953491 5.08238935470581 5.21248006820679 5.05271100997925 5.28775310516357 5.58077001571655 5.62365579605103 6.16626453399658 6.72247457504272 7.38985109329224 9.02572154998779 9.06462574005127 13.4718551635742 12.9174127578735 8.8057279586792 6.46667337417603 6.386155128479 6.78994607925415 8.35321140289307 8.66344356536865 8.65950107574463 9.91015815734863 11.5250463485718 9.17162418365479 -99.9 -99.9 -99.9 -99.9 -99.9 -99.9 -99.9 -99.9 -99.9 -99.9 -99.9 -99.9 -99.9 -99.9 -99.9 -99.9 -99.9 -99.9 -99.9 -99.9 -99.9 -99.9 -99.9 -99.9 -99.9 -99.9 -99.9
4.80658769607544 5.90930223464966 5.67003917694092 6.24116659164429 6.00138807296753 5.35425186157227 5.10986614227295 4.97884750366211 5.01041603088379 5.01087951660156 4.891282081604 5.13597059249878 5.04342603683472 5.27819776535034 5.20706081390381 5.63583660125732 5.81470441818237 5.97892236709595 7.11027145385742 6.97988891601562 13.7943210601807 12.2104349136353 9.2815408706665 7.29635429382324 6.90021991729736 6.88281440734863 8.03937911987305 6.89979076385498 8.0194730758667 7.97330141067505 8.89552021026611 8.39547538757324 9.94204711914062 -99.9 -99.9 -99.9 -99.9 -99.9 -99.9 -99.9 -99.9 -99.9 -99.9 -99.9 -99.9 -99.9 -99.9 -99.9 -99.9 -99.9 -99.9 -99.9 -99.9 -99.9 -99.9 -99.9 -99.9 -99.9 -99.9
-99.9 -99.9 -99.9 5.93416738510132 5.76914739608765 6.84668970108032 6.33639669418335 5.24634122848511 5.03522968292236 5.14931058883667 5.11934280395508 5.07039403915405 5.51290893554688 5.46937990188599 5.83904790878296 5.4176664352417 5.69750547409058 5.27865171432495 5.29674291610718 5.74905920028687 7.14436435699463 7.5195951461792 7.0700888633728 6.23184299468994 6.76953506469727 6.95302534103394 7.01944732666016 7.60074806213379 7.53844404220581 10.6224660873413 13.5695314407349 -99.9 -99.9 -99.9 -99.9 -99.9 -99.9 -99.9 -99.9 -99.9 -99.9 -99.9 -99.9 -99.9 -99.9 -99.9 -99.9 -99.9 -99.9 -99.9 -99.9 -99.9 -99.9 -99.9 -99.9 -99.9 -99.9 -99.9 -99.9
-99.9 -99.9 -99.9 -99.9 -99.9 5.85280179977417 5.1976056098938 6.05158281326294 6.41343832015991 5.49014663696289 5.15230321884155 5.69281196594238 5.96368312835693 5.95823526382446 5.55804061889648 5.3985857963562 5.77299499511719 5.06772756576538 5.13084840774536 5.75890254974365 6.51322174072266 6.68618059158325 6.68717288970947 6.54102325439453 6.44418001174927 6.30006694793701 6.52804470062256 6.95379400253296 6.71179914474487 7.15649700164795 13.1846084594727 11.6655292510986 8.52294826507568 8.66432571411133 -99.9 -99.9 -99.9 -99.9 -99.9 -99.9 -99.9 -99.9 -99.9 -99.9 -99.9 -99.9 -99.9 -99.9 -99.9 -99.9 -99.9 -99.9 -99.9 -99.9 -99.9 -99.9 -99.9 -99.9 -99.9
-99.9 -99.9 -99.9 -99.9 -99.9 -99.9 -99.9 -99.9 6.66541767120361 5.21873760223389 4.56373596191406 5.48878717422485 5.65526914596558 6.28015613555908 5.76823234558105 5.95496129989624 5.62189197540283 5.16357707977295 5.58044719696045 6.01209449768066 6.43932867050171 6.11120939254761 6.5149564743042 6.22272539138794 5.90171575546265 5.93378067016602 5.62706470489502 5.67476463317871 5.90004682540894 6.15124130249023 5.7189359664917 6.17544221878052 5.37421894073486 6.95408201217651 -99.9 -99.9 4.86607599258423 5.35754156112671 -99.9 -99.9 -99.9 -99.9 -99.9 -99.9 -99.9 -99.9 -99.9 -99.9 -99.9 -99.9 -99.9 -99.9 -99.9 -99.9 -99.9 -99.9 -99.9 -99.9 -99.9
-99.9 -99.9 -99.9 -99.9 -99.9 -99.9 -99.9 -99.9 -99.9 5.00361108779907 5.05313777923584 4.74887180328369 5.25849103927612 4.99792242050171 4.49104690551758 4.95579957962036 4.806227684021 5.17887258529663 5.50385189056396 5.91523218154907 6.47076892852783 6.14337968826294 6.46642923355103 6.0678014755249 5.8987283706665 5.48415279388428 5.40885257720947 5.24073696136475 4.7983546257019 4.54746246337891 5.15160369873047 4.88963890075684 5.354660987854 5.63667869567871 6.72013187408447 6.9124584197998 6.667884349823 5.84763097763062 9.1184196472168 8.92550659179688 9.95998191833496 -99.9 -99.9 -99.9 -99.9 -99.9 -99.9 -99.9 -99.9 -99.9 -99.9 -99.9 -99.9 -99.9 -99.9 -99.9 -99.9 -99.9 -99.9
-99.9 -99.9 -99.9 -99.9 -99.9 -99.9 -99.9 -99.9 -99.9 -99.9 -99.9 4.93379592895508 -99.9 4.64581441879272 4.74256992340088 6.13918924331665 5.419921875 4.72426462173462 6.60423278808594 7.96364974975586 6.2888560295105 6.26142644882202 6.49121427536011 6.63916826248169 6.37732553482056 5.44762659072876 4.76278448104858 4.86600732803345 4.90661954879761 4.50151586532593 4.56948375701904 5.26714611053467 5.34907722473145 5.38907909393311 5.3468165397644 4.92800235748291 6.35836839675903 6.04348087310791 6.83883428573608 6.40530252456665 7.76728200912476 5.66642570495605 7.39535284042358 7.71139526367188 -99.9 -99.9 -99.9 -99.9 -99.9 -99.9 -99.9 -99.9 -99.9 -99.9 -99.9 -99.9 -99.9 -99.9 -99.9
-99.9 -99.9 -99.9 -99.9 -99.9 -99.9 -99.9 -99.9 -99.9 -99.9 -99.9 -99.9 -99.9 -99.9 -99.9 -99.9 -99.9 5.01325225830078 5.3666558265686 5.28449153900146 4.73738622665405 4.92213249206543 4.86096811294556 4.48076963424683 5.30182027816772 5.34506607055664 5.29806613922119 5.01381206512451 4.87135028839111 4.54647493362427 4.79340219497681 4.93854427337646 5.02775955200195 5.15291404724121 5.38874101638794 6.01140546798706 5.75906705856323 5.71324110031128 6.08675718307495 5.47978067398071 6.08183574676514 5.83597183227539 6.30366945266724 8.3697624206543 6.55007314682007 5.59870672225952 5.45286226272583 4.7597599029541 4.08729982376099 -99.9 -99.9 -99.9 -99.9 -99.9 -99.9 -99.9 -99.9 -99.9 -99.9
-99.9 -99.9 -99.9 -99.9 -99.9 -99.9 -99.9 -99.9 -99.9 -99.9 -99.9 -99.9 -99.9 -99.9 -99.9 -99.9 -99.9 -99.9 -99.9 -99.9 6.02689456939697 4.98156452178955 4.42391920089722 4.796950340271 4.75542974472046 5.08606719970703 4.86231422424316 5.02414035797119 5.19555282592773 4.80672883987427 4.79777765274048 4.89553070068359 4.97411680221558 5.11086654663086 5.42136716842651 5.55962371826172 5.88510131835938 5.96164798736572 5.43891572952271 5.7823691368103 5.24696063995361 5.33337211608887 6.84452152252197 -99.9 -99.9 5.22505283355713 6.07031917572021 5.62994480133057 7.06446075439453 -99.9 -99.9 -99.9 -99.9 -99.9 -99.9 -99.9 -99.9 -99.9 -99.9
-99.9 -99.9 -99.9 -99.9 -99.9 -99.9 -99.9 -99.9 -99.9 -99.9 -99.9 -99.9 -99.9 -99.9 -99.9 -99.9 -99.9 -99.9 -99.9 -99.9 -99.9 -99.9 -99.9 -99.9 6.87905788421631 4.67339706420898 4.31571531295776 4.71197414398193 4.79805898666382 5.33384227752686 5.53966951370239 5.34225702285767 5.18145942687988 4.74694061279297 5.2421350479126 5.73220729827881 5.33511257171631 5.73311471939087 6.18963146209717 5.45635938644409 5.18579339981079 5.77200317382812 5.65650987625122 5.95672178268433 7.71735143661499 5.92465019226074 6.26827955245972 4.90014219284058 6.63526153564453 5.80837297439575 3.93383502960205 -99.9 -99.9 -99.9 -99.9 -99.9 -99.9 -99.9 -99.9
-99.9 -99.9 -99.9 -99.9 -99.9 -99.9 -99.9 -99.9 -99.9 -99.9 -99.9 -99.9 -99.9 -99.9 -99.9 -99.9 -99.9 -99.9 -99.9 -99.9 -99.9 -99.9 -99.9 -99.9 4.96854591369629 5.31814241409302 4.97529029846191 4.68032884597778 4.86775970458984 5.4175009727478 5.38114213943481 4.92495107650757 5.16432666778564 5.092200756073 4.93069171905518 4.72205686569214 5.15220975875854 5.30532073974609 5.326331615448 5.57379817962646 5.35544443130493 5.5809473991394 5.58699560165405 5.74200963973999 5.47943305969238 5.58881998062134 5.84107446670532 6.03270816802979 6.97833728790283 7.79894685745239 4.8096604347229 4.18494033813477 -99.9 -99.9 -99.9 -99.9 -99.9 -99.9 -99.9
-99.9 -99.9 -99.9 -99.9 -99.9 -99.9 -99.9 -99.9 -99.9 -99.9 -99.9 -99.9 -99.9 -99.9 -99.9 -99.9 -99.9 -99.9 -99.9 -99.9 -99.9 -99.9 -99.9 -99.9 -99.9 -99.9 -99.9 6.2802677154541 4.75812864303589 4.6226978302002 4.51275777816772 4.63872528076172 4.43312978744507 5.23619747161865 4.63277673721313 4.87446022033691 4.86961793899536 4.82845830917358 5.01560640335083 5.11023139953613 5.01740789413452 5.13968896865845 5.15377283096313 5.41724443435669 5.20941400527954 5.49547576904297 5.5736403465271 6.04135370254517 5.92397117614746 4.57939004898071 4.46262407302856 -99.9 -99.9 -99.9 -99.9 -99.9 -99.9 -99.9 -99.9
-99.9 -99.9 -99.9 -99.9 -99.9 -99.9 -99.9 -99.9 -99.9 -99.9 -99.9 -99.9 -99.9 -99.9 -99.9 -99.9 -99.9 -99.9 -99.9 -99.9 -99.9 -99.9 -99.9 -99.9 -99.9 -99.9 -99.9 -99.9 5.37015247344971 4.96683025360107 4.49625492095947 4.3761944770813 4.51027774810791 4.49285316467285 4.44593572616577 4.49216985702515 4.87222576141357 4.4370174407959 4.71360063552856 5.03128671646118 5.26078510284424 5.14491653442383 5.07122707366943 5.32471942901611 5.47683954238892 5.65332698822021 5.68487930297852 5.48654985427856 5.76999807357788 5.60774087905884 5.17037963867188 4.35742902755737 -99.9 -99.9 -99.9 -99.9 -99.9 -99.9 -99.9
-99.9 -99.9 -99.9 -99.9 -99.9 -99.9 -99.9 -99.9 -99.9 -99.9 -99.9 -99.9 -99.9 -99.9 -99.9 -99.9 -99.9 -99.9 -99.9 -99.9 -99.9 -99.9 -99.9 -99.9 -99.9 -99.9 -99.9 -99.9 -99.9 -99.9 4.66716957092285 4.70423126220703 4.52930688858032 4.94865131378174 4.71728038787842 4.54805326461792 4.41367340087891 4.41589450836182 4.67199802398682 5.09247350692749 4.96039485931396 5.03029203414917 5.24751424789429 5.34192705154419 5.80416822433472 5.26592922210693 5.9029393196106 5.32895469665527 6.75484752655029 7.26650238037109 -99.9 6.08543109893799 5.05648422241211 -99.9 -99.9 -99.9 -99.9 -99.9 -99.9
-99.9 -99.9 -99.9 -99.9 -99.9 -99.9 -99.9 -99.9 -99.9 -99.9 -99.9 -99.9 -99.9 -99.9 -99.9 -99.9 -99.9 -99.9 -99.9 -99.9 -99.9 -99.9 -99.9 -99.9 -99.9 -99.9 -99.9 -99.9 -99.9 -99.9 5.21938753128052 4.60912275314331 4.30989027023315 6.25214052200317 5.35102033615112 4.93382549285889 4.78069114685059 4.21397924423218 4.42420291900635 4.70053434371948 4.30653476715088 4.96696424484253 4.93269681930542 5.23195838928223 4.93607234954834 5.79283380508423 5.79937601089478 5.68149471282959 5.4705171585083 5.20561838150024 6.6213207244873 4.88214921951294 5.94803476333618 4.9724383354187 -99.9 -99.9 -99.9 -99.9 -99.9
