fish_book/data/sediment/Wilson_et_al_2017_data_files_asc/GravelD50.asc
NCOLS 200
NROWS 150
XLLCORNER -16
YLLCORNER 44
CELLSIZE 0.125
NODATA_VALUE -99.9
[rows 78 to 103 of 150, columns 59 to 117 of 200]
-99.9 -99.9 -99.9 -99.9 -99.9 -99.9 -99.9 -99.9 -99.9 -99.9 -99.9 -99.9 -99.9 -99.9 -99.9 -99.9 -99.9 -99.9 -99.9 -99.9 -99.9 11.9633026123047 10.8191814422607 5.58029937744141 5.91499471664429 6.92831230163574 6.70956230163574 6.4908127784729 5.94622135162354 8.26427459716797 12.9491329193115 16.8123092651367 -99.9 -99.9 -99.9 -99.9 -99.9 -99.9 -99.9 -99.9 -99.9 -99.9 -99.9 -99.9 -99.9 -99.9 -99.9 -99.9 -99.9 -99.9 -99.9 -99.9 -99.9 -99.9 -99.9 -99.9 -99.9 -99.9 -99.9
-99.9 -99.9 -99.9 -99.9 -99.9 -99.9 -99.9 -99.9 -99.9 -99.9 -99.9 -99.9 -99.9 -99.9 -99.9 -99.9 -99.9 -99.9 -99.9 -99.9 8.00349617004395 10.7846851348877 10.7201242446899 8.35879611968994 5.97393131256104 7.63367319107056 7.08908176422119 6.21864938735962 5.34821653366089 7.66626977920532 13.1728086471558 -99.9 -99.9 9.27089023590088 4.33432674407959 5.02814054489136 -99.9 -99.9 -99.9 -99.9 -99.9 -99.9 -99.9 -99.9 -99.9 -99.9 -99.9 -99.9 -99.9 -99.9 -99.9 -99.9 -99.9 -99.9 -99.9 -99.9 -99.9 -99.9 -99.9
-99.9 -99.9 -99.9 -99.9 -99.9 -99.9 -99.9 -99.9 -99.9 -99.9 -99.9 -99.9 -99.9 -99.9 -99.9 -99.9 -99.9 -99.9 -99.9 -99.9 6.46447515487671 10.9667654037476 10.7582311630249 9.29554748535156 7.59469556808472 7.44046115875244 6.49107694625854 5.62064456939697 4.7502121925354 7.06826496124268 12.5748043060303 18.0813426971436 22.8231811523438 13.4006729125977 5.85872650146484 5.61508560180664 -99.9 -99.9 -99.9 -99.9 -99.9 -99.9 -99.9 -99.9 -99.9 -99.9 -99.9 -99.9 -99.9 -99.9 -99.9 -99.9 -99.9 -99.9 -99.9 -99.9 -99.9 -99.9 -99.9
-99.9 -99.9 -99.9 -99.9 -99.9 -99.9 -99.9 -99.9 -99.9 -99.9 -99.9 -99.9 -99.9 -99.9 -99.9 -99.9 -99.9 -99.9 -99.9 -99.9 8.55416107177734 10.7148952484131 10.9854555130005 10.2604532241821 10.7327756881714 7.15826225280762 6.12992668151855 5.10159111022949 4.15220737457275 6.47026062011719 11.2120990753174 15.1892375946045 19.1663761138916 5.17170524597168 5.78835344314575 5.10336828231812 -99.9 -99.9 -99.9 -99.9 -99.9 -99.9 -99.9 -99.9 -99.9 -99.9 -99.9 -99.9 -99.9 -99.9 -99.9 -99.9 -99.9 -99.9 -99.9 -99.9 -99.9 -99.9 -99.9
-99.9 -99.9 -99.9 -99.9 -99.9 -99.9 -99.9 -99.9 -99.9 -99.9 -99.9 -99.9 -99.9 -99.9 -99.9 -99.9 -99.9 -99.9 -99.9 5.37820816040039 6.55275964736938 10.5427923202515 14.0121307373047 8.93140411376953 7.29224443435669 6.87606382369995 5.84772825241089 4.81939268112183 4.30076694488525 4.57171821594238 7.55529260635376 11.5324306488037 15.5095691680908 7.93703365325928 4.88938856124878 4.64532947540283 -99.9 -99.9 -99.9 -99.9 -99.9 -99.9 -99.9 -99.9 -99.9 -99.9 -99.9 -99.9 -99.9 -99.9 -99.9 -99.9 -99.9 -99.9 -99.9 -99.9 -99.9 -99.9 -99.9
-99.9 -99.9 -99.9 -99.9 -99.9 -99.9 -99.9 -99.9 -99.9 -99.9 -99.9 -99.9 -99.9 -99.9 -99.9 -99.9 -99.9 -99.9 7.45101165771484 7.79926633834839 6.02699136734009 7.76805925369263 11.135293006897 18.7349700927734 7.01004600524902 6.59386539459229 6.07523965835571 6.06632423400879 4.97955369949341 4.88916778564453 6.87917804718018 8.86918830871582 11.85276222229 6.29019212722778 5.93534564971924 -99.9 -99.9 -99.9 -99.9 -99.9 -99.9 -99.9 -99.9 -99.9 -99.9 -99.9 -99.9 -99.9 -99.9 -99.9 -99.9 -99.9 -99.9 -99.9 -99.9 -99.9 -99.9 -99.9 -99.9
-99.9 -99.9 -99.9 -99.9 -99.9 -99.9 -99.9 -99.9 -99.9 -99.9 -99.9 -99.9 -99.9 -99.9 -99.9 5.85714912414551 -99.9 -99.9 7.38168668746948 8.31344699859619 7.30220079421997 7.4249415397644 8.78529739379883 6.53187274932861 7.23772048950195 7.84079647064209 7.83188104629517 7.46368074417114 5.2990550994873 5.20661687850952 7.19662714004517 9.18663692474365 -99.9 -99.9 -99.9 -99.9 -99.9 -99.9 -99.9 -99.9 -99.9 -99.9 -99.9 -99.9 -99.9 -99.9 -99.9 -99.9 -99.9 -99.9 -99.9 -99.9 -99.9 -99.9 -99.9 -99.9 -99.9 -99.9 -99.9
-99.9 -99.9 -99.9 -99.9 -99.9 -99.9 -99.9 -99.9 -99.9 6.65405559539795 8.11975193023682 8.11900329589844 11.6195840835571 15.5423583984375 8.87569332122803 10.1530675888062 7.05694532394409 5.72407245635986 7.68821907043457 9.75784111022949 8.37470817565918 8.56880950927734 6.56422519683838 7.77929353713989 8.99436187744141 9.59743785858154 9.58852291107178 7.78318214416504 5.6185564994812 5.52406597137451 -99.9 -99.9 -99.9 -99.9 -99.9 -99.9 -99.9 -99.9 -99.9 -99.9 -99.9 -99.9 -99.9 -99.9 -99.9 -99.9 -99.9 -99.9 -99.9 -99.9 -99.9 -99.9 -99.9 -99.9 -99.9 -99.9 -99.9 -99.9 -99.9
-99.9 -99.9 -99.9 -99.9 -99.9 -99.9 -99.9 -99.9 11.4518251419067 7.03007030487061 13.690746307373 12.5728397369385 12.3829174041748 10.9443798065186 5.54371213912964 5.55115795135498 5.42831659317017 5.01486301422119 5.49206638336182 7.81156921386719 5.39210224151611 6.72228527069092 8.32086658477783 9.5359354019165 10.7510032653809 11.354079246521 10.2673091888428 -99.9 -99.9 -99.9 -99.9 -99.9 -99.9 -99.9 -99.9 -99.9 -99.9 -99.9 -99.9 -99.9 -99.9 -99.9 -99.9 -99.9 -99.9 -99.9 -99.9 -99.9 -99.9 -99.9 -99.9 -99.9 -99.9 -99.9 -99.9 -99.9 -99.9 -99.9 -99.9
-99.9 -99.9 -99.9 -99.9 -99.9 8.55873203277588 12.7146625518799 15.0900936126709 11.2609157562256 8.45507144927979 12.5804786682129 5.6264476776123 5.30256700515747 5.23405408859253 5.9665641784668 5.43131971359253 4.84066009521484 4.76368951797485 5.03688621520996 4.93767166137695 5.60754823684692 6.9397029876709 8.9240140914917 10.9083242416382 12.5076446533203 12.7514362335205 10.5868110656738 8.42218494415283 -99.9 -99.9 -99.9 -99.9 -99.9 -99.9 -99.9 -99.9 -99.9 -99.9 -99.9 -99.9 -99.9 -99.9 -99.9 -99.9 -99.9 -99.9 -99.9 -99.9 -99.9 -99.9 -99.9 -99.9 -99.9 -99.9 -99.9 -99.9 -99.9 -99.9 -99.9
-99.9 -99.9 5.52971410751343 9.67978191375732 7.49218893051147 9.12612247467041 11.0239810943604 13.728611946106 14.8088750839233 7.43037843704224 7.33885765075684 5.18872117996216 6.23786592483521 10.7465553283691 11.3482847213745 10.704288482666 5.09702682495117 3.74723982810974 4.48324060440063 5.15311717987061 5.82299423217773 7.15712118148804 9.14143180847168 11.1257429122925 12.8244304656982 12.9248304367065 10.9063119888306 -99.9 -99.9 -99.9 -99.9 -99.9 7.26246070861816 8.18515491485596 -99.9 -99.9 -99.9 -99.9 -99.9 -99.9 -99.9 -99.9 -99.9 -99.9 -99.9 -99.9 -99.9 -99.9 -99.9 -99.9 -99.9 -99.9 -99.9 -99.9 -99.9 -99.9 -99.9 -99.9 -99.9
7.12344980239868 5.86912107467651 6.52807235717773 6.21593999862671 5.66792488098145 7.38361883163452 9.32431888580322 12.1186199188232 14.5645523071289 10.9225358963013 8.66126346588135 6.9557580947876 6.18968105316162 8.13391017913818 11.9591627120972 8.50432682037354 5.0494909286499 3.70326900482178 4.50341653823853 5.30356454849243 6.03843975067139 7.37453937530518 9.0704288482666 10.486291885376 12.1452512741089 12.4103155136108 10.7874908447266 8.91462135314941 6.89656257629395 6.45585441589355 6.3696436882019 6.28343296051025 6.1972222328186 7.11925506591797 -99.9 -99.9 -99.9 8.18300247192383 -99.9 -99.9 -99.9 -99.9 -99.9 -99.9 -99.9 -99.9 -99.9 -99.9 -99.9 -99.9 -99.9 -99.9 -99.9 -99.9 -99.9 -99.9 -99.9 -99.9 -99.9
6.21696329116821 6.05022573471069 5.65559148788452 5.98471832275391 6.19931411743164 6.55878829956055 8.14368343353271 10.9488697052002 13.2641830444336 10.155632019043 8.22699069976807 6.76435947418213 14.7692260742188 14.3428373336792 11.9116268157959 8.45679092407227 5.00195550918579 3.65929794311523 4.45944595336914 5.25959348678589 5.83699893951416 6.73229026794434 8.14815330505371 9.64448070526123 11.5473890304565 11.8124532699585 10.4396734237671 8.6501522064209 6.77728176116943 5.59236431121826 5.30440521240234 5.21819448471069 5.13198375701904 6.05335474014282 7.99091005325317 9.92846488952637 11.7331027984619 13.3033638000488 17.8090229034424 17.6982803344727 -99.9 -99.9 -99.9 -99.9 9.87408924102783 5.68982839584351 -99.9 -99.9 -99.9 -99.9 -99.9 -99.9 -99.9 -99.9 -99.9 -99.9 -99.9 -99.9 -99.9
5.57530975341797 6.15190076828003 5.77113246917725 5.80558109283447 5.67879056930542 5.72988128662109 8.04433727264404 10.0585422515869 11.4572381973267 9.66998100280762 8.71872806549072 10.8618879318237 11.964786529541 11.5352172851562 9.5531759262085 7.57113456726074 4.95442008972168 3.61532711982727 4.19452857971191 4.5560245513916 4.91752052307129 5.81001424789429 7.22587728500366 9.04661750793457 10.9495258331299 11.2145900726318 9.84181022644043 8.38568305969238 6.51281261444092 5.32926416397095 4.84188222885132 4.35450077056885 4.06674528121948 4.98745441436768 6.79250431060791 8.46381187438965 10.1351194381714 21.3248500823975 22.1706809997559 23.3280372619629 19.6167888641357 21.5145473480225 13.4892320632935 12.3092985153198 6.77945899963379 -99.9 -99.9 -99.9 -99.9 -99.9 -99.9 -99.9 -99.9 -99.9 -99.9 -99.9 -99.9 -99.9 -99.9
5.32399463653564 6.28489685058594 6.13707828521729 5.8726110458374 4.91462993621826 5.69533824920654 7.31844615936279 8.07668209075928 6.13790893554688 6.36104965209961 6.95454978942871 8.057448387146 9.16034603118896 8.7275972366333 6.74555540084839 4.76351404190063 3.49482703208923 3.15621471405029 3.27504968643188 3.63654565811157 3.99804162979126 4.8877387046814 6.54584741592407 8.44875526428223 10.3516626358032 10.6167268753052 9.24394798278809 7.87116813659668 6.2483434677124 5.06616401672363 4.57878255844116 4.09140062332153 3.65558218955994 3.69785761833191 5.19452095031738 -99.9 -99.9 -99.9 -99.9 -99.9 -99.9 -99.9 -99.9 -99.9 -99.9 -99.9 -99.9 -99.9 -99.9 -99.9 -99.9 -99.9 -99.9 -99.9 -99.9 -99.9 -99.9 -99.9 -99.9
5.67386960983276 5.98635768890381 5.18873977661133 5.81518745422363 5.8964786529541 5.24025535583496 5.94756412506104 5.01348829269409 5.37929248809814 5.60219717025757 5.68241214752197 5.76262712478638 6.35590648651123 5.91997671127319 4.6480450630188 4.09124946594238 3.53445410728455 3.19634222984314 3.07746338844299 2.95858430862427 3.07856297492981 4.04507684707642 5.94798421859741 7.85089206695557 9.75380039215088 10.0188646316528 8.64608478546143 7.27330541610718 5.90052604675293 4.80306386947632 4.36740589141846 3.98363208770752 3.599858045578 3.64249348640442 4.11493873596191 -99.9 -99.9 -99.9 -99.9 -99.9 -99.9 -99.9 -99.9 -99.9 -99.9 -99.9 -99.9 -99.9 -99.9 -99.9 -99.9 -99.9 -99.9 -99.9 -99.9 -99.9 -99.9 -99.9 -99.9
5.95920372009277 5.3332371711731 5.81538391113281 5.59891319274902 3.98549318313599 3.71948719024658 3.88906812667847 4.25487232208252 4.62067604064941 4.84334421157837 4.92355966567993 5.00377464294434 5.16925573348999 5.13094234466553 4.68767213821411 4.1308765411377 3.57408118247986 3.23646998405457 3.11759114265442 2.99871206283569 3.03542494773865 3.76418495178223 5.35012149810791 7.25302934646606 9.15593719482422 9.42100143432617 8.04822158813477 6.67544269561768 5.44420862197876 4.69545602798462 4.31168222427368 3.92790818214417 -99.9 -99.9 -99.9 -99.9 -99.9 -99.9 -99.9 -99.9 -99.9 -99.9 -99.9 -99.9 -99.9 -99.9 -99.9 -99.9 -99.9 -99.9 -99.9 -99.9 -99.9 -99.9 -99.9 -99.9 -99.9 -99.9 -99.9
5.14386749267578 6.88785934448242 5.16909027099609 4.51100826263428 4.00770568847656 3.74179553985596 3.71567034721375 3.68954491615295 3.86206007003784 4.08449172973633 4.24973154067993 4.50171804428101 4.75370407104492 4.71490144729614 4.38600444793701 4.05710744857788 3.61370825767517 3.27659773826599 3.31428241729736 3.50840640068054 3.70253038406372 4.43071746826172 5.70117855072021 6.97163915634155 8.55807399749756 8.82313823699951 7.59190464019775 6.50221681594849 5.41252851486206 4.65736961364746 4.25595808029175 3.87218427658081 -99.9 -99.9 -99.9 -99.9 -99.9 -99.9 -99.9 -99.9 -99.9 -99.9 -99.9 -99.9 -99.9 -99.9 -99.9 -99.9 -99.9 -99.9 -99.9 -99.9 -99.9 -99.9 -99.9 -99.9 -99.9 -99.9 -99.9
4.17478084564209 5.3522253036499 5.03652381896973 4.53322124481201 4.0299186706543 3.76410365104675 3.73797845840454 3.71185326576233 3.74990487098694 3.75303244590759 3.83417963981628 4.08616590499878 4.3381519317627 4.29886054992676 3.96996355056763 3.64106678962708 3.60324716567993 3.80670547485352 3.98138809204102 4.17551183700562 4.36963605880737 5.09725046157837 6.36771106719971 7.63817167282104 8.60331344604492 8.64991283416748 7.56022453308105 6.47053670883179 5.38084840774536 4.62516117095947 4.20611572265625 -99.9 -99.9 -99.9 -99.9 -99.9 -99.9 -99.9 -99.9 -99.9 -99.9 -99.9 -99.9 -99.9 -99.9 -99.9 -99.9 -99.9 -99.9 -99.9 -99.9 -99.9 -99.9 -99.9 7.05719327926636 15.8697547912598 9.93101787567139 -99.9 -99.9
3.9691743850708 4.60561275482178 4.48469591140747 4.36377859115601 4.05213165283203 3.78641200065613 3.82499480247498 3.92817544937134 4.03135585784912 4.03482437133789 3.93853402137756 3.84224367141724 3.92260026931763 3.88281941413879 3.84430122375488 4.09622240066528 4.34814357757568 4.55179309844971 4.70702886581421 4.86226463317871 5.03674125671387 5.76378297805786 6.72966623306274 7.388747215271 7.80685186386108 7.98335886001587 7.52854442596436 6.43885612487793 5.34916830062866 -99.9 -99.9 -99.9 -99.9 -99.9 -99.9 -99.9 -99.9 -99.9 -99.9 -99.9 -99.9 7.42565298080444 6.61031007766724 5.79496669769287 4.97962379455566 4.49544906616211 4.72762870788574 8.3095064163208 8.49020099639893 -99.9 6.04295635223389 7.14613485336304 -99.9 18.7577247619629 12.1659393310547 19.0748691558838 15.7694978713989 15.8718223571777 15.9741458892822
4.55905103683472 3.85900020599365 3.73808312416077 3.61716604232788 3.66845464706421 3.91663408279419 4.10644578933716 4.2096266746521 4.31280708312988 4.31661653518677 4.22032594680786 4.12403583526611 4.04827642440796 4.24271488189697 4.58919763565063 4.84111881256104 5.09303998947144 5.29688024520874 5.4521164894104 5.6073522567749 5.43910837173462 5.51510000228882 6.17418098449707 6.75335025787354 6.92985773086548 7.10636472702026 7.28287220001221 6.40717601776123 -99.9 -99.9 -99.9 -99.9 -99.9 -99.9 -99.9 -99.9 -99.9 -99.9 -99.9 -99.9 -99.9 7.12257957458496 7.03995704650879 5.96349191665649 4.88702630996704 4.33994197845459 4.16323757171631 9.16497230529785 12.3709325790405 15.5768928527832 14.673508644104 21.9888134002686 22.767635345459 20.135929107666 22.4307975769043 22.9955539703369 18.6045513153076 13.642276763916 12.7803297042847
3.81427931785583 3.11238765716553 3.16338968276978 3.38547587394714 3.60756206512451 3.85574221611023 4.13022518157959 4.40470790863037 4.59425830841064 4.59840869903564 4.52255249023438 4.46747541427612 4.41239833831787 4.60605955123901 5.04809904098511 5.4901385307312 5.83793640136719 6.04196786880493 5.87410402297974 5.37884664535522 4.88358879089355 4.95961475372314 5.6186957359314 5.87635612487793 6.05286359786987 6.22937059402466 6.4058780670166 -99.9 -99.9 -99.9 -99.9 -99.9 -99.9 3.31030797958374 3.78275346755981 4.25519895553589 -99.9 -99.9 -99.9 -99.9 -99.9 5.33939981460571 5.32596397399902 5.31252765655518 4.75145053863525 4.43558406829834 4.15908241271973 5.21122169494629 12.6727638244629 15.8787240982056 16.6152267456055 33.1339569091797 45.3454055786133 18.4095058441162 21.6519680023193 21.2562084197998 14.3730850219727 16.3511390686035 16.3828525543213
3.38632559776306 2.88041090965271 3.10249710083008 3.32458329200745 3.54666972160339 3.79485034942627 4.06933307647705 4.34381580352783 4.61829853057861 4.75582838058472 4.88667440414429 4.83159685134888 4.77651977539062 4.96940422058105 5.41144371032715 5.85348320007324 6.03473138809204 5.78029108047485 5.31858444213867 4.823326587677 4.32806921005249 4.40412950515747 4.82285451889038 -99.9 -99.9 -99.9 -99.9 -99.9 -99.9 -99.9 4.07728147506714 3.65823650360107 3.47776937484741 3.65360307693481 4.02239990234375 4.5605320930481 5.09866380691528 5.63679599761963 6.17492771148682 5.34465265274048 3.93730282783508 3.95496535301208 3.98596096038818 4.22945928573608 4.47295713424683 4.44408321380615 4.54704141616821 7.58033132553101 6.94212198257446 33.5704612731934 19.3079853057861 19.6318683624268 20.0942935943604 22.2698917388916 17.4071502685547 22.234712600708 18.8413124084473 19.9075031280518 18.9869480133057
3.9071729183197 3.25695180892944 3.04160451889038 3.26369094848633 3.4857771396637 3.73395848274231 4.00844097137451 4.28292369842529 4.32407903671265 4.38128995895386 4.69556188583374 5.00983381271362 5.14064121246338 5.3327488899231 5.51406860351562 5.43067932128906 5.34728956222534 5.09276485443115 4.66343402862549 4.23410320281982 3.77254915237427 3.76935338973999 3.94586062431335 -99.9 -99.9 4.47538232803345 -99.9 -99.9 -99.9 4.46411800384521 4.28079319000244 4.33831596374512 4.46646022796631 4.66589736938477 4.86533451080322 5.06477117538452 5.43503618240356 5.97316789627075 4.96208524703979 4.17015695571899 4.13305139541626 4.3917407989502 4.21589231491089 4.04004335403442 4.06561422348022 4.0090446472168 4.96205282211304 7.51670026779175 19.1835155487061 16.3893604278564 15.4107303619385 13.9123258590698 14.6165657043457 18.753604888916 18.7655811309814 19.1695022583008 21.5712604522705 23.7696132659912 14.3094539642334
4.21383428573608 3.77779912948608 3.12757778167725 3.20279836654663 3.424884557724 3.67306637763977 3.94754934310913 4.14520359039307 3.9493932723999 4.00675106048584 4.32102298736572 4.63529539108276 4.94900751113892 4.98838520050049 4.82662725448608 4.74323749542236 4.6598482131958 4.40523910522461 3.97590804100037 3.54657697677612 3.58609223365784 3.92775630950928 4.10305023193359 4.27834415435791 4.45363807678223 4.62893199920654 4.80422592163086 4.97951936721802 5.09033346176147 5.14133930206299 5.19886207580566 5.27931690216064 5.4787540435791 6.60200595855713 6.3588080406189 6.17889595031738 5.47474193572998 5.22370862960815 5.54350519180298 5.03651714324951 4.56848621368408 4.82851648330688 4.65266752243042 8.50315952301025 10.1244640350342 10.6630172729492 10.7270574569702 13.0500392913818 18.0317306518555 20.3912296295166 19.051908493042 19.0228309631348 19.3474426269531 19.7729816436768 18.0635166168213 18.0419902801514 20.8697719573975 18.5963649749756 19.9219665527344
4.06846618652344 4.55641269683838 4.69742870330811 3.14190578460693 3.36399221420288 3.61217451095581 3.88665723800659 3.77051830291748 3.57470774650574 3.6322124004364 3.94592499732971 4.25906801223755 4.57221126556396 4.61194133758545 4.37329053878784 4.13463973999023 3.97240662574768 3.71771311759949 3.75611138343811 4.26123237609863 4.76635313034058 5.1076192855835 5.28291320800781 5.45820713043213 5.63350105285645 5.8087944984436 5.9190845489502 5.96375036239624 6.00841665267944 6.05940866470337 6.11693143844604 6.77074813842773 6.70204782485962 6.93999242782593 6.81977701187134 7.13066816329956 7.47780990600586 9.26497268676758 8.69645977020264 7.01402473449707 5.3958888053894 5.26529169082642 8.60523414611816 7.55493831634521 10.5677423477173 10.5620050430298 9.47422981262207 8.91307830810547 10.8845891952515 17.3871841430664 19.4121837615967 18.7265605926514 17.8585910797119 13.0276184082031 17.4890384674072 18.6493473052979 19.1882381439209 17.6079692840576 19.842399597168
