fish_book/data/sediment/Wilson_et_al_2017_data_files_asc/GravelPercent.asc
NCOLS 200
NROWS 150
XLLCORNER -16
YLLCORNER 44
CELLSIZE 0.125
NODATA_VALUE -99.9
[rows 0 to 26 of 150, columns 61 to 121 of 200]
-99.9 -99.9 -99.9 12.2576599121094 17.7496547698975 16.9114799499512 15.1327285766602 9.23636722564697 8.80150413513184 3.20954537391663 3.5528290271759 4.51975727081299 5.91813278198242 5.8155837059021 5.68509483337402 2.85641551017761 3.81727361679077 13.1248893737793 11.4810647964478 10.5008611679077 11.7240924835205 14.1622734069824 -99.9 -99.9 -99.9 -99.9 -99.9 -99.9 -99.9 -99.9 -99.9 -99.9 -99.9 -99.9 -99.9 -99.9 -99.9 -99.9 -99.9 -99.9 -99.9 -99.9 -99.9 -99.9 -99.9 -99.9 -99.9 -99.9 -99.9 -99.9 -99.9 -99.9 -99.9 -99.9 -99.9 -99.9 -99.9 -99.9 -99.9 -99.9 -99.9
11.581202507019 12.2592763900757 14.0227203369141 10.9222211837769 9.09679889678955 11.8251514434814 9.0047779083252 21.0214233398438 21.1055431365967 28.7367916107178 27.4890766143799 19.4585037231445 19.3097877502441 18.9268341064453 22.4855728149414 21.6197872161865 19.2203731536865 11.868670463562 5.84471464157104 6.02499723434448 7.06827306747437 17.1456108093262 9.71827507019043 13.3217716217041 12.800612449646 8.8051290512085 -99.9 -99.9 -99.9 -99.9 -99.9 -99.9 -99.9 -99.9 -99.9 -99.9 -99.9 -99.9 -99.9 -99.9 -99.9 -99.9 -99.9 -99.9 -99.9 -99.9 -99.9 -99.9 -99.9 -99.9 -99.9 -99.9 -99.9 -99.9 -99.9 -99.9 -99.9 -99.9 -99.9 -99.9 -99.9
10.7634210586548 6.18565702438354 8.33957862854004 19.7294654846191 27.5168113708496 43.4181480407715 55.4197311401367 53.9890174865723 53.8786430358887 57.5803909301758 49.2482948303223 44.5868682861328 41.4918212890625 48.1353187561035 45.8875732421875 47.0531578063965 53.4228324890137 49.5499572753906 20.3632831573486 12.0292654037476 6.75085258483887 3.04706215858459 2.03758454322815 5.03505802154541 9.14586925506592 4.39497804641724 11.7452440261841 9.73749923706055 8.82876682281494 12.2563428878784 -99.9 -99.9 -99.9 -99.9 -99.9 -99.9 -99.9 -99.9 -99.9 -99.9 -99.9 -99.9 -99.9 -99.9 -99.9 -99.9 -99.9 -99.9 -99.9 -99.9 -99.9 -99.9 -99.9 -99.9 -99.9 -99.9 -99.9 -99.9 -99.9 -99.9 -99.9
11.8140592575073 13.2512397766113 24.4973831176758 35.7544059753418 41.8046569824219 47.7935752868652 51.6532020568848 54.2674827575684 42.1960067749023 -99.9 -99.9 -99.9 -99.9 -99.9 -99.9 -99.9 -99.9 42.9084892272949 27.1868915557861 16.6955757141113 8.66787528991699 8.50232791900635 8.56662273406982 14.2124471664429 6.87522602081299 6.99844264984131 7.73219203948975 6.74440336227417 11.1832504272461 12.6721963882446 3.26856994628906 3.24069905281067 9.67802906036377 4.49018812179565 7.01590061187744 -99.9 -99.9 -99.9 -99.9 -99.9 -99.9 -99.9 -99.9 -99.9 -99.9 -99.9 -99.9 -99.9 -99.9 -99.9 -99.9 -99.9 -99.9 -99.9 -99.9 -99.9 -99.9 -99.9 -99.9 -99.9 -99.9
27.187313079834 35.3541679382324 35.086296081543 36.4949836730957 43.310245513916 49.6180648803711 50.0236167907715 43.6688804626465 39.2913932800293 -99.9 -99.9 -99.9 -99.9 -99.9 -99.9 -99.9 30.2156085968018 33.1704025268555 29.4296722412109 15.0224981307983 11.5091142654419 4.96145057678223 10.1908054351807 2.65362191200256 4.8417181968689 6.37767887115479 7.92636060714722 9.94846630096436 9.03017902374268 1.63065052032471 1.94280207157135 3.51734232902527 1.94595837593079 1.39721322059631 1.5771279335022 2.97841334342957 1.96857023239136 2.12103366851807 -99.9 -99.9 -99.9 -99.9 -99.9 -99.9 -99.9 -99.9 -99.9 -99.9 -99.9 -99.9 -99.9 -99.9 -99.9 -99.9 -99.9 -99.9 -99.9 -99.9 -99.9 -99.9 -99.9
15.2329425811768 19.4023170471191 23.0007266998291 27.8989887237549 39.2773284912109 38.7209663391113 37.9140472412109 32.5335273742676 -99.9 -99.9 -99.9 -99.9 -99.9 -99.9 25.6378383636475 34.1874656677246 27.5332851409912 23.0572547912598 13.3023052215576 12.8076295852661 6.41048955917358 5.6740665435791 9.39442253112793 8.33821678161621 6.26652336120605 12.4794893264771 3.576815366745 2.86387276649475 7.35906553268433 6.94295167922974 5.61512231826782 2.30319976806641 1.75204658508301 2.41893362998962 6.42871046066284 -99.9 -99.9 -99.9 -99.9 -99.9 -99.9 -99.9 -99.9 -99.9 -99.9 -99.9 -99.9 -99.9 -99.9 -99.9 -99.9 -99.9 -99.9 -99.9 -99.9 -99.9 -99.9 -99.9 -99.9 -99.9 -99.9
6.325110912323 11.4518136978149 13.7199726104736 19.4454765319824 17.718563079834 18.3795528411865 20.4057025909424 15.8745384216309 26.3656635284424 21.4300975799561 31.2150192260742 -99.9 -99.9 38.0431442260742 35.2197265625 38.768871307373 27.8186225891113 12.8779954910278 12.4387044906616 4.99319887161255 8.75431060791016 8.25152587890625 13.6858978271484 5.10562562942505 10.7529640197754 6.53315162658691 10.9859476089478 3.41334366798401 5.27162075042725 5.17612791061401 6.667396068573 7.0506796836853 -99.9 -99.9 -99.9 -99.9 -99.9 -99.9 -99.9 -99.9 -99.9 -99.9 -99.9 -99.9 -99.9 -99.9 -99.9 -99.9 -99.9 -99.9 -99.9 -99.9 -99.9 -99.9 -99.9 -99.9 -99.9 -99.9 -99.9 -99.9 -99.9
3.64341449737549 12.015814781189 15.3077335357666 9.49502086639404 7.32292175292969 6.35937213897705 10.0672473907471 11.654881477356 17.4497756958008 19.9265518188477 42.1557083129883 42.2839164733887 -99.9 -99.9 46.7373046875 46.5545425415039 30.6248512268066 20.1628093719482 7.32414293289185 15.1180982589722 6.78109359741211 10.3586311340332 2.91427755355835 5.01809787750244 4.88569355010986 6.07825946807861 4.24499559402466 3.61573243141174 8.97644138336182 9.9608907699585 2.43468523025513 -99.9 -99.9 -99.9 -99.9 -99.9 -99.9 -99.9 -99.9 -99.9 -99.9 -99.9 -99.9 -99.9 -99.9 -99.9 -99.9 -99.9 -99.9 -99.9 -99.9 -99.9 -99.9 -99.9 -99.9 -99.9 -99.9 -99.9 -99.9 8.81960201263428 7.25309324264526
9.19133472442627 2.09479308128357 2.50037217140198 20.1987857818604 11.6356735229492 15.9778089523315 6.44291210174561 11.4076614379883 14.7749691009521 16.9036197662354 42.4933395385742 -99.9 38.0662498474121 41.4105415344238 49.6545524597168 36.3222503662109 15.7713756561279 17.958288192749 8.83089160919189 14.269380569458 13.864387512207 18.7930793762207 11.6479969024658 9.43052768707275 7.09110832214355 10.466760635376 3.73227739334106 3.94007182121277 9.85601711273193 9.44812965393066 14.8878021240234 -99.9 -99.9 -99.9 -99.9 -99.9 -99.9 -99.9 -99.9 -99.9 -99.9 -99.9 -99.9 -99.9 -99.9 -99.9 -99.9 -99.9 -99.9 -99.9 -99.9 -99.9 -99.9 -99.9 -99.9 -99.9 -99.9 11.8384199142456 11.5163049697876 8.93243885040283 10.029595375061
-99.9 2.66385507583618 13.9503507614136 11.5390672683716 7.85662269592285 2.53222513198853 11.2284069061279 1.90859258174896 6.26400995254517 14.3783578872681 39.0061187744141 -99.9 -99.9 36.5121955871582 34.602352142334 22.8093795776367 18.9921455383301 11.7248420715332 10.182147026062 3.30626463890076 5.00127267837524 11.3219833374023 13.3070907592773 9.36414337158203 3.65089416503906 5.43663024902344 10.075101852417 4.7965784072876 10.2190942764282 16.0060005187988 -99.9 -99.9 -99.9 -99.9 -99.9 -99.9 -99.9 -99.9 -99.9 -99.9 -99.9 -99.9 -99.9 -99.9 -99.9 -99.9 -99.9 -99.9 -99.9 -99.9 -99.9 -99.9 -99.9 -99.9 -99.9 -99.9 2.25441789627075 18.0285663604736 16.9508876800537 6.73651123046875 4.8064341545105
-99.9 -99.9 -99.9 -99.9 14.6052703857422 6.17062091827393 8.12112617492676 5.00506496429443 5.07185935974121 8.11449241638184 20.7117156982422 36.5010414123535 -99.9 -99.9 41.9259796142578 22.9128456115723 13.2259902954102 3.48713779449463 5.3908896446228 8.95562934875488 6.62544393539429 2.82542681694031 11.9934720993042 9.39104843139648 15.5033712387085 10.0436697006226 3.47719430923462 3.40713977813721 15.1574420928955 -99.9 -99.9 -99.9 -99.9 -99.9 -99.9 -99.9 -99.9 -99.9 -99.9 -99.9 -99.9 -99.9 -99.9 -99.9 -99.9 -99.9 -99.9 -99.9 -99.9 -99.9 -99.9 -99.9 -99.9 -99.9 -99.9 4.52354335784912 1.98694753646851 1.08280348777771 9.69437599182129 3.57884764671326 2.34706735610962
13.3134670257568 -99.9 -99.9 -99.9 -99.9 -99.9 -99.9 11.4507789611816 5.6827654838562 9.20643520355225 20.5586547851562 40.2052726745605 42.813060760498 52.8483963012695 49.0452880859375 33.0362091064453 15.697527885437 6.81225061416626 7.4483118057251 4.4123797416687 3.8974244594574 4.44788932800293 3.72900295257568 9.27993679046631 5.4158296585083 13.229700088501 13.7764654159546 13.7637042999268 -99.9 -99.9 -99.9 -99.9 -99.9 -99.9 -99.9 -99.9 -99.9 -99.9 -99.9 -99.9 -99.9 -99.9 -99.9 -99.9 -99.9 -99.9 -99.9 -99.9 -99.9 -99.9 -99.9 -99.9 -99.9 3.08352184295654 2.52517628669739 2.09041857719421 1.2943274974823 1.02407610416412 0.672227025032043 0.224952414631844 1.20055317878723
3.07278561592102 9.05987453460693 5.57903623580933 -99.9 -99.9 -99.9 -99.9 -99.9 13.4977836608887 14.6208028793335 9.56180667877197 23.8285541534424 46.4139938354492 45.6018486022949 45.2212677001953 31.9258270263672 19.8823871612549 12.0999813079834 5.14676666259766 3.82114243507385 3.06201076507568 4.99344301223755 9.33235836029053 11.4520435333252 12.395676612854 15.1827077865601 -99.9 -99.9 -99.9 -99.9 -99.9 -99.9 -99.9 -99.9 -99.9 -99.9 -99.9 -99.9 -99.9 -99.9 -99.9 -99.9 -99.9 -99.9 -99.9 -99.9 -99.9 -99.9 -99.9 -99.9 -99.9 12.3048124313354 20.6495113372803 2.59079480171204 2.53797602653503 1.83004057407379 1.49760377407074 1.36125922203064 1.38896381855011 1.1079021692276 1.7994213104248
3.5954213142395 2.54889035224915 3.9201762676239 3.98934459686279 5.23107624053955 -99.9 -99.9 -99.9 -99.9 13.5935192108154 8.48809432983398 11.9674043655396 12.8437395095825 25.6189002990723 31.6921882629395 22.982307434082 12.2727117538452 5.53634214401245 3.75950765609741 6.83621597290039 5.18539524078369 11.1198406219482 10.9613351821899 8.39220142364502 15.1423768997192 -99.9 -99.9 -99.9 -99.9 -99.9 -99.9 -99.9 -99.9 -99.9 -99.9 -99.9 -99.9 -99.9 -99.9 -99.9 -99.9 -99.9 -99.9 -99.9 -99.9 -99.9 -99.9 -99.9 11.7950010299683 20.9124774932861 18.4746570587158 15.8536443710327 2.92558431625366 2.87312459945679 2.68297243118286 4.36977863311768 8.38733673095703 4.79614114761353 3.30522656440735 3.97496724128723 5.66699981689453
1.91026055812836 1.05645132064819 7.06320428848267 6.72093725204468 -99.9 -99.9 -99.9 -99.9 -99.9 -99.9 12.8793001174927 11.7145166397095 5.37712335586548 9.07108306884766 15.2007436752319 9.75898742675781 11.3418979644775 10.8734579086304 12.8337211608887 11.3832225799561 15.8785543441772 4.02605295181274 16.9793148040771 10.0384187698364 -99.9 -99.9 -99.9 -99.9 -99.9 -99.9 -99.9 -99.9 -99.9 -99.9 -99.9 -99.9 -99.9 -99.9 -99.9 -99.9 -99.9 -99.9 -99.9 -99.9 -99.9 25.2805252075195 20.686731338501 17.5324459075928 17.7481098175049 16.8493480682373 11.0997085571289 13.9775505065918 14.1424837112427 6.07539987564087 11.2326765060425 27.5742454528809 25.6266212463379 20.1243476867676 9.38449478149414 30.2070045471191 58.4269256591797
7.51122236251831 6.5854024887085 -99.9 -99.9 -99.9 -99.9 -99.9 -99.9 -99.9 -99.9 18.9121017456055 11.0031251907349 9.64228630065918 8.61390972137451 10.595067024231 6.98755359649658 7.78254413604736 11.4317111968994 16.9212703704834 22.0565853118896 21.6312808990479 -99.9 -99.9 -99.9 -99.9 -99.9 -99.9 -99.9 -99.9 -99.9 -99.9 -99.9 -99.9 -99.9 -99.9 -99.9 -99.9 -99.9 -99.9 -99.9 -99.9 -99.9 14.7860851287842 44.0781211853027 17.0584774017334 13.7413673400879 6.18698024749756 9.04703426361084 11.852650642395 24.3276100158691 31.2351970672607 62.1186676025391 51.8821067810059 22.7131652832031 46.3617935180664 46.0513153076172 17.5054950714111 18.1354846954346 35.851978302002 -99.9 -99.9
-99.9 -99.9 -99.9 -99.9 -99.9 -99.9 -99.9 -99.9 -99.9 -99.9 -99.9 13.8052816390991 8.94879055023193 7.52976083755493 11.6147546768188 11.6936883926392 12.8073740005493 16.1922149658203 16.5933227539062 -99.9 -99.9 -99.9 -99.9 -99.9 -99.9 -99.9 -99.9 -99.9 -99.9 -99.9 -99.9 -99.9 -99.9 -99.9 -99.9 -99.9 -99.9 -99.9 -99.9 -99.9 25.6690139770508 21.2611904144287 21.4365787506104 20.251485824585 27.459436416626 29.2448863983154 4.65555763244629 21.1502380371094 4.66483926773071 7.13598012924194 38.592586517334 29.6750469207764 15.8876008987427 9.4191198348999 27.1892642974854 20.4933280944824 13.9372911453247 5.64457654953003 -99.9 -99.9 19.9594764709473
-99.9 -99.9 -99.9 -99.9 -99.9 -99.9 -99.9 -99.9 -99.9 -99.9 -99.9 -99.9 21.9870796203613 16.5866222381592 11.4642934799194 8.63046264648438 11.6392278671265 12.9109411239624 20.967098236084 13.6587219238281 -99.9 -99.9 -99.9 -99.9 -99.9 -99.9 -99.9 -99.9 -99.9 -99.9 -99.9 -99.9 -99.9 -99.9 -99.9 -99.9 -99.9 -99.9 21.5400619506836 19.3006267547607 13.3858947753906 19.2697715759277 14.688533782959 7.64873552322388 36.4318542480469 29.1675853729248 13.2495727539062 19.7947692871094 10.6787586212158 6.70758247375488 7.04561328887939 4.72874641418457 54.7387008666992 15.1040458679199 7.83496999740601 -99.9 -99.9 -99.9 -99.9 23.7364101409912 19.8479042053223
-99.9 -99.9 -99.9 -99.9 -99.9 -99.9 -99.9 -99.9 -99.9 -99.9 -99.9 -99.9 -99.9 -99.9 -99.9 18.9487438201904 13.5836410522461 16.3187046051025 15.8787021636963 22.2378311157227 -99.9 -99.9 -99.9 -99.9 -99.9 -99.9 -99.9 -99.9 -99.9 -99.9 -99.9 -99.9 -99.9 -99.9 14.0443429946899 25.5854454040527 21.0746479034424 15.1788301467896 13.6141090393066 8.9183235168457 4.72018480300903 22.2915153503418 6.75516223907471 0.277656435966492 0.401970833539963 2.08688855171204 23.1293430328369 25.0575065612793 2.53669047355652 6.5345892906189 11.442476272583 2.66504263877869 22.3120555877686 23.2508888244629 22.3960418701172 -99.9 -99.9 -99.9 -99.9 10.0335988998413 10.4046030044556
-99.9 -99.9 -99.9 -99.9 -99.9 -99.9 -99.9 -99.9 -99.9 -99.9 -99.9 -99.9 -99.9 -99.9 -99.9 -99.9 -99.9 -99.9 -99.9 -99.9 -99.9 -99.9 -99.9 -99.9 -99.9 -99.9 -99.9 -99.9 -99.9 -99.9 -99.9 -99.9 24.2003345489502 21.5010395050049 21.9125289916992 32.6506080627441 18.0467052459717 41.098747253418 21.1044387817383 24.2658424377441 7.73544788360596 8.9325475692749 4.46594619750977 1.02683413028717 2.1460120677948 1.86161935329437 6.24929809570312 3.40162134170532 0.695568740367889 3.30459237098694 30.1886405944824 46.8250122070312 53.494499206543 -99.9 19.0559024810791 -99.9 -99.9 -99.9 16.0251388549805 2.67321300506592 6.08278274536133
-99.9 -99.9 -99.9 -99.9 -99.9 -99.9 -99.9 -99.9 -99.9 -99.9 -99.9 -99.9 -99.9 -99.9 -99.9 -99.9 -99.9 -99.9 -99.9 -99.9 -99.9 -99.9 -99.9 -99.9 -99.9 -99.9 -99.9 -99.9 -99.9 -99.9 26.5334701538086 19.3800525665283 16.9384078979492 10.4256963729858 6.63590097427368 13.6653051376343 4.56103277206421 8.38448143005371 11.2511796951294 20.6523380279541 11.3329916000366 12.9027471542358 5.75255346298218 5.6385612487793 16.8412208557129 27.9571266174316 18.0943908691406 7.74447250366211 5.25866317749023 13.0691442489624 48.8671875 54.8276596069336 27.8955459594727 14.5712242126465 21.8699493408203 -99.9 -99.9 -99.9 19.9270629882812 8.44619655609131 5.10160303115845
-99.9 -99.9 -99.9 -99.9 -99.9 -99.9 -99.9 -99.9 7.21205902099609 13.3184547424316 -99.9 -99.9 -99.9 -99.9 -99.9 -99.9 -99.9 -99.9 -99.9 -99.9 -99.9 -99.9 -99.9 -99.9 -99.9 -99.9 -99.9 21.7046890258789 22.9535617828369 20.131664276123 7.33850812911987 11.1741533279419 8.70268249511719 14.0762996673584 1.39553678035736 5.36794376373291 10.6805572509766 23.5326480865479 23.8164577484131 20.1996517181396 6.82449102401733 6.94156837463379 24.6731986999512 35.234977722168 36.100830078125 25.6029071807861 21.7536201477051 20.8428516387939 12.0738124847412 14.6402339935303 21.2828769683838 21.5412254333496 13.1395196914673 5.5049901008606 5.54845190048218 25.7675876617432 -99.9 14.6549701690674 13.2574129104614 11.7792387008667 2.64838027954102
-99.9 -99.9 -99.9 -99.9 -99.9 -99.9 -99.9 -99.9 -99.9 -99.9 -99.9 -99.9 -99.9 -99.9 15.9091062545776 38.9535331726074 -99.9 -99.9 -99.9 -99.9 -99.9 -99.9 -99.9 -99.9 -99.9 22.7007160186768 9.44957256317139 9.16579723358154 23.6460838317871 23.5120067596436 13.8577251434326 9.17187309265137 6.07227230072021 10.6973438262939 15.2417755126953 9.72580623626709 10.9741506576538 25.9788265228271 24.4235763549805 17.0333862304688 13.8846702575684 44.4953193664551 30.4363117218018 33.213062286377 26.0190486907959 17.2326602935791 20.1599044799805 15.3010959625244 14.4768180847168 13.0563554763794 16.0935096740723 16.0153274536133 9.35015678405762 8.32538795471191 18.039665222168 34.6423835754395 -99.9 31.2669010162354 3.39185786247253 1.42025125026703 1.26794123649597
-99.9 -99.9 -99.9 -99.9 -99.9 -99.9 -99.9 -99.9 -99.9 -99.9 -99.9 -99.9 -99.9 -99.9 -99.9 14.6918802261353 21.678840637207 31.9048099517822 28.7406330108643 23.7196426391602 -99.9 -99.9 15.0793724060059 14.7980194091797 13.0437955856323 9.76090621948242 5.6157374382019 6.09568166732788 10.6382818222046 32.6305809020996 27.6242790222168 14.0778360366821 19.185432434082 29.3111133575439 16.1648349761963 9.61805152893066 13.6204462051392 16.2829132080078 27.7077178955078 12.9974784851074 21.3942050933838 47.7265434265137 35.0273132324219 34.3964347839355 27.4255466461182 20.4704704284668 23.8178653717041 15.1390542984009 26.7818031311035 14.8753137588501 18.2418518066406 14.8453531265259 12.1284275054932 13.5309419631958 27.5354881286621 35.8883743286133 53.2477493286133 13.9496059417725 6.54748678207397 2.18197536468506 0.496816337108612
-99.9 -99.9 -99.9 -99.9 -99.9 -99.9 -99.9 -99.9 -99.9 -99.9 -99.9 -99.9 -99.9 -99.9 14.6126508712769 9.99306392669678 8.56676197052002 22.8469486236572 15.4320507049561 13.8970098495483 32.4967956542969 20.6694812774658 22.6741638183594 29.5006790161133 10.9540901184082 9.27897548675537 14.6949377059937 14.8821611404419 24.1198902130127 43.4819946289062 48.2713088989258 34.4238395690918 48.9730682373047 37.9356307983398 10.1735830307007 29.3886890411377 21.0024108886719 52.6130294799805 32.1784057617188 4.30642461776733 28.2833671569824 23.3261852264404 22.4434394836426 39.7332077026367 31.7842292785645 32.071533203125 20.1969318389893 25.3609390258789 43.3022499084473 34.564582824707 8.76879024505615 17.9287605285645 14.7468776702881 22.0918006896973 44.2176170349121 56.4924049377441 29.7918510437012 15.3625640869141 1.6558803319931 5.45416784286499 1.08340704441071
-99.9 -99.9 -99.9 -99.9 -99.9 -99.9 -99.9 -99.9 -99.9 -99.9 -99.9 -99.9 -99.9 -99.9 14.400089263916 8.4312686920166 2.54546117782593 16.3668670654297 37.5314331054688 25.1589069366455 14.3101053237915 51.7594337463379 53.5174903869629 26.9273929595947 18.7404041290283 6.42772054672241 1.68024611473083 14.201135635376 27.1462326049805 33.8511962890625 45.7358131408691 55.4586410522461 36.7015724182129 18.0697040557861 1.5020843744278 21.9152030944824 0.252169638872147 5.67435503005981 11.5412254333496 18.1665325164795 39.3526954650879 25.3278503417969 42.074291229248 42.1926536560059 39.2128105163574 41.8378791809082 21.892219543457 39.2230567932129 49.0799140930176 41.7896156311035 23.9319686889648 30.7510299682617 23.5847148895264 29.2686805725098 55.449462890625 52.0350914001465 15.9303684234619 14.0026702880859 1.91004621982574 0.671279311180115 0.276080518960953
-99.9 -99.9 -99.9 -99.9 -99.9 -99.9 -99.9 -99.9 -99.9 -99.9 -99.9 -99.9 -99.9 -99.9 8.91922092437744 6.91060781478882 2.40508985519409 3.85317826271057 16.9235515594482 20.9970531463623 17.5964832305908 15.6900615692139 57.1800880432129 35.9460525512695 19.0567493438721 2.28739523887634 1.39497601985931 14.2359848022461 30.9687194824219 23.6259326934814 26.7944183349609 41.2238006591797 30.2894878387451 2.3602237701416 0.928621470928192 0.754995167255402 1.0402889251709 7.44847822189331 32.6092796325684 10.9908046722412 39.8971099853516 28.9989337921143 24.2628002166748 45.9499053955078 35.435718536377 34.0107803344727 35.2870445251465 30.116060256958 25.2143535614014 56.0124435424805 38.8780212402344 19.7340354919434 18.8190231323242 60.7841606140137 30.8598785400391 20.0509624481201 5.64945983886719 4.8851146697998 0.750300467014313 0.219801500439644 0.144340485334396
