fish_book/data/sediment/Wilson_et_al_2017_data_files_asc/GravelPercent.asc
NCOLS 200
NROWS 150
XLLCORNER -16
YLLCORNER 44
CELLSIZE 0.125
NODATA_VALUE -99.9
[rows 81 to 107 of 150, columns 61 to 121 of 200]
-99.9 -99.9 -99.9 -99.9 -99.9 -99.9 -99.9 -99.9 -99.9 -99.9 -99.9 -99.9 -99.9 -99.9 -99.9 -99.9 -99.9 -99.9 24.8285369873047 38.385196685791 48.786491394043 33.4800605773926 41.8366584777832 40.3482894897461 49.2944831848145 16.8650684356689 8.91186141967773 13.3824472427368 20.6862773895264 24.2672386169434 29.8648986816406 7.36944389343262 14.156795501709 7.45534706115723 -99.9 -99.9 -99.9 -99.9 -99.9 -99.9 -99.9 -99.9 -99.9 -99.9 -99.9 -99.9 -99.9 -99.9 -99.9 -99.9 -99.9 -99.9 -99.9 -99.9 -99.9 -99.9 -99.9 -99.9 -99.9 -99.9 -99.9
-99.9 -99.9 -99.9 -99.9 -99.9 -99.9 -99.9 -99.9 -99.9 -99.9 -99.9 -99.9 -99.9 -99.9 -99.9 -99.9 -99.9 9.8508243560791 15.7003517150879 36.7654495239258 64.1747207641602 44.0132522583008 56.5436935424805 58.0234756469727 42.6498413085938 17.3329620361328 14.53440284729 16.9424648284912 17.177116394043 26.9329814910889 31.0622501373291 27.2980995178223 3.51679468154907 2.02145504951477 -99.9 -99.9 -99.9 -99.9 -99.9 -99.9 -99.9 -99.9 -99.9 -99.9 -99.9 -99.9 -99.9 -99.9 -99.9 -99.9 -99.9 -99.9 -99.9 -99.9 -99.9 -99.9 -99.9 -99.9 -99.9 -99.9 -99.9
-99.9 -99.9 -99.9 -99.9 -99.9 -99.9 -99.9 -99.9 -99.9 -99.9 -99.9 -99.9 -99.9 -99.9 -99.9 -99.9 25.9321422576904 22.4417610168457 12.3651351928711 21.3373870849609 52.9789199829102 69.7935562133789 49.5442771911621 45.2901000976562 21.2259006500244 18.0082225799561 28.2546367645264 36.4132881164551 23.7231101989746 34.9835929870605 12.961332321167 20.7718048095703 10.1096124649048 -99.9 -99.9 -99.9 -99.9 -99.9 -99.9 -99.9 -99.9 -99.9 -99.9 -99.9 -99.9 -99.9 -99.9 -99.9 -99.9 -99.9 -99.9 -99.9 -99.9 -99.9 -99.9 -99.9 -99.9 -99.9 -99.9 -99.9 -99.9
-99.9 -99.9 -99.9 -99.9 -99.9 -99.9 -99.9 -99.9 -99.9 -99.9 -99.9 -99.9 -99.9 11.2873592376709 -99.9 -99.9 32.1850051879883 25.7469596862793 23.6408443450928 23.7314796447754 43.5357284545898 71.0438461303711 67.7008056640625 44.394416809082 30.6116676330566 38.2914047241211 43.2360496520996 36.979133605957 27.6132316589355 27.9495658874512 -99.9 -99.9 -99.9 -99.9 -99.9 -99.9 -99.9 -99.9 -99.9 -99.9 -99.9 -99.9 -99.9 -99.9 -99.9 -99.9 -99.9 -99.9 -99.9 -99.9 -99.9 -99.9 -99.9 -99.9 -99.9 -99.9 -99.9 -99.9 -99.9 -99.9 -99.9
-99.9 -99.9 -99.9 -99.9 -99.9 -99.9 -99.9 13.2730741500854 21.0365390777588 20.2053661346436 50.3258094787598 67.7771148681641 34.4749336242676 38.1401786804199 17.726655960083 9.70034122467041 20.636812210083 38.6459465026855 38.222541809082 37.9386329650879 45.6484413146973 51.7626838684082 47.9433250427246 40.943660736084 44.8407897949219 33.8466033935547 43.5049362182617 30.2045116424561 -99.9 -99.9 -99.9 -99.9 -99.9 -99.9 -99.9 -99.9 -99.9 -99.9 -99.9 -99.9 -99.9 -99.9 -99.9 -99.9 -99.9 -99.9 -99.9 -99.9 -99.9 -99.9 -99.9 -99.9 -99.9 -99.9 -99.9 -99.9 -99.9 -99.9 -99.9 -99.9 -99.9
-99.9 -99.9 -99.9 -99.9 -99.9 -99.9 31.6398601531982 17.1451206207275 43.8958320617676 40.845531463623 35.5205345153809 40.5129585266113 12.1987724304199 12.0794839859009 8.82650470733643 4.71201181411743 8.48193454742432 22.2657203674316 48.5724334716797 53.7087669372559 52.4645118713379 55.3981018066406 53.2732734680176 74.9218826293945 32.2286949157715 -99.9 -99.9 -99.9 -99.9 -99.9 -99.9 -99.9 -99.9 -99.9 -99.9 -99.9 -99.9 -99.9 -99.9 -99.9 -99.9 -99.9 -99.9 -99.9 -99.9 -99.9 -99.9 -99.9 -99.9 -99.9 -99.9 -99.9 -99.9 -99.9 -99.9 -99.9 -99.9 -99.9 -99.9 -99.9 -99.9
-99.9 -99.9 -99.9 23.2165641784668 41.3702011108398 52.2168960571289 48.1858787536621 40.1046142578125 55.52001953125 9.48733806610107 6.77631950378418 8.48588943481445 17.0450801849365 11.0990791320801 4.09306144714355 2.74292063713074 5.52661991119385 10.3384685516357 39.7926216125488 37.3549880981445 38.3299255371094 39.7839469909668 40.8421821594238 48.727294921875 38.4405632019043 7.04944515228271 -99.9 -99.9 -99.9 -99.9 -99.9 -99.9 -99.9 -99.9 -99.9 -99.9 -99.9 -99.9 -99.9 -99.9 -99.9 -99.9 -99.9 -99.9 -99.9 -99.9 -99.9 -99.9 -99.9 -99.9 -99.9 -99.9 -99.9 -99.9 -99.9 -99.9 -99.9 -99.9 -99.9 -99.9 -99.9
8.99818515777588 25.8970432281494 12.1374540328979 23.1846618652344 34.204891204834 45.1889533996582 54.6877479553223 30.7385139465332 34.0702018737793 9.14062786102295 20.1966419219971 50.7663230895996 53.456729888916 51.3297958374023 19.0951480865479 0.31390917301178 1.49728715419769 3.565260887146 3.04099750518799 10.6514549255371 19.0607872009277 46.3301467895508 45.2203826904297 54.5484466552734 44.5406303405762 -99.9 -99.9 -99.9 -99.9 -99.9 22.6956558227539 7.59570837020874 -99.9 -99.9 -99.9 -99.9 -99.9 -99.9 -99.9 -99.9 -99.9 -99.9 -99.9 -99.9 -99.9 -99.9 -99.9 -99.9 -99.9 -99.9 -99.9 -99.9 -99.9 -99.9 -99.9 -99.9 -99.9 -99.9 -99.9 -99.9 -99.9
20.2144508361816 15.2070112228394 13.4950542449951 15.6237173080444 26.4497375488281 37.6397514343262 48.7852325439453 49.2845268249512 36.2752952575684 25.0481510162354 19.5064945220947 35.899585723877 54.3471031188965 53.5193557739258 4.69858264923096 0.304078102111816 0.0520379766821861 0.17236365377903 0.176813691854477 0.586056113243103 4.62209558486938 7.28327989578247 18.7798042297363 3.19653677940369 15.8422565460205 10.5640316009521 16.5845775604248 10.5498142242432 17.8340301513672 14.5767288208008 4.3605170249939 17.5876903533936 -99.9 -99.9 -99.9 18.7692279815674 -99.9 -99.9 -99.9 -99.9 -99.9 -99.9 -99.9 -99.9 -99.9 -99.9 -99.9 -99.9 -99.9 -99.9 -99.9 -99.9 -99.9 -99.9 -99.9 -99.9 -99.9 -99.9 -99.9 -99.9 -99.9
13.137885093689 17.2561721801758 19.7670497894287 12.6457147598267 19.7391014099121 29.4837512969971 40.6415367126465 42.0362892150879 28.8609218597412 19.1909255981445 10.2796850204468 4.45585536956787 5.53480625152588 4.95905351638794 2.17718887329102 0.28933784365654 0.115628995001316 0.173679038882256 0.200182050466537 0.0458484478294849 0.0465528480708599 0.127159014344215 0.321859657764435 0.501227259635925 1.15440499782562 0.116236500442028 1.99410629272461 2.3153669834137 8.03826713562012 11.6372976303101 6.60110187530518 19.4819641113281 33.9014854431152 52.911506652832 32.2927055358887 50.4747543334961 68.0073547363281 65.2506408691406 -99.9 -99.9 -99.9 -99.9 28.9066009521484 12.7813816070557 -99.9 -99.9 -99.9 -99.9 -99.9 -99.9 -99.9 -99.9 -99.9 -99.9 -99.9 -99.9 -99.9 -99.9 -99.9 -99.9 -99.9
14.359580039978 15.0097007751465 13.28724193573 11.7554044723511 18.1859188079834 24.7363204956055 32.9167175292969 32.9919357299805 23.4505004882812 15.2778291702271 7.88501501083374 2.68341326713562 1.84443056583405 1.56517004966736 3.35117864608765 1.11215531826019 0.261096090078354 0.0512021519243717 1.06695461273193 0.828268885612488 0.0421009361743927 0.0495609045028687 0.183436721563339 0.552813827991486 2.05553007125854 1.50376784801483 5.72141790390015 19.9818744659424 39.5628700256348 47.3470687866211 28.3856163024902 29.1115646362305 51.4587135314941 72.3550338745117 74.0096969604492 83.5853805541992 85.7608795166016 86.7535934448242 74.6599197387695 82.1569595336914 57.9487609863281 37.2494125366211 11.7282400131226 -99.9 -99.9 -99.9 -99.9 -99.9 -99.9 -99.9 -99.9 -99.9 -99.9 -99.9 -99.9 -99.9 -99.9 -99.9 -99.9 -99.9 -99.9
19.1878833770752 14.0608816146851 7.20589542388916 13.4519901275635 17.2417755126953 23.4696407318115 28.303258895874 28.0568675994873 21.8303661346436 14.2629632949829 6.62063074111938 4.12834215164185 1.94432413578033 4.59677219390869 1.8487491607666 3.09925198554993 1.04209518432617 12.9965295791626 0.0139422370120883 0.11870551109314 0.074521467089653 0.0262527465820312 0.286971300840378 0.293824702501297 0.312109857797623 0.435619175434113 1.0729376077652 6.78558874130249 42.477725982666 64.7771224975586 40.0782356262207 29.1652412414551 41.0990600585938 -99.9 -99.9 -99.9 -99.9 -99.9 -99.9 -99.9 -99.9 -99.9 -99.9 -99.9 -99.9 -99.9 -99.9 -99.9 -99.9 -99.9 -99.9 -99.9 -99.9 -99.9 -99.9 -99.9 -99.9 -99.9 -99.9 -99.9 -99.9
9.21098709106445 14.3242874145508 13.3542776107788 9.55574512481689 14.3872547149658 17.8204078674316 20.9929733276367 21.0343532562256 18.020622253418 12.6756944656372 5.05540084838867 6.98098278045654 5.01931667327881 8.55499267578125 2.36804056167603 4.56876420974731 1.62341010570526 1.91384792327881 0.123273506760597 0.423021584749222 0.34843185544014 0.185567677021027 0.0831454768776894 0.927412211894989 4.11396074295044 5.89921569824219 9.21052837371826 20.007833480835 26.3946704864502 51.0469589233398 61.8243141174316 29.654727935791 7.68316125869751 -99.9 -99.9 -99.9 -99.9 -99.9 -99.9 -99.9 -99.9 -99.9 -99.9 -99.9 -99.9 -99.9 -99.9 -99.9 -99.9 -99.9 -99.9 -99.9 -99.9 -99.9 -99.9 -99.9 -99.9 -99.9 -99.9 -99.9 -99.9
9.90532779693604 9.97252655029297 10.9730234146118 5.33003091812134 7.23841142654419 10.248477935791 13.4210424423218 13.3777656555176 10.4543867111206 7.94721221923828 7.58006381988525 5.5087308883667 19.6368236541748 15.4919500350952 6.84740400314331 4.98887252807617 1.78406310081482 1.1242082118988 0.0419727861881256 0.0713305100798607 1.17574059963226 2.408038854599 9.49491691589355 20.0654220581055 28.7322864532471 37.3307151794434 42.525447845459 27.8721866607666 16.393367767334 8.3466625213623 -99.9 -99.9 -99.9 -99.9 -99.9 -99.9 -99.9 -99.9 -99.9 -99.9 -99.9 -99.9 -99.9 -99.9 -99.9 -99.9 -99.9 -99.9 -99.9 -99.9 -99.9 -99.9 -99.9 -99.9 -99.9 -99.9 -99.9 -99.9 -99.9 -99.9 -99.9
6.09842157363892 6.9845552444458 2.53728461265564 2.87538480758667 2.89840769767761 3.87360119819641 6.00769662857056 8.48823738098145 6.0243067741394 2.97376203536987 5.69066190719604 6.13708448410034 2.55843782424927 7.76879262924194 17.5166473388672 8.02714443206787 1.8708291053772 2.78031182289124 0.985184013843536 10.0252237319946 46.33154296875 27.8381271362305 16.8587074279785 26.638765335083 36.876163482666 46.6878204345703 45.0614814758301 6.5002589225769 48.7800483703613 20.3355712890625 -99.9 -99.9 -99.9 -99.9 -99.9 -99.9 -99.9 -99.9 -99.9 -99.9 -99.9 -99.9 -99.9 -99.9 -99.9 -99.9 -99.9 -99.9 -99.9 -99.9 -99.9 -99.9 -99.9 -99.9 -99.9 -99.9 -99.9 -99.9 -99.9 -99.9 -99.9
0.217710062861443 0.290843188762665 0.450842350721359 0.707655727863312 0.796376168727875 0.650852382183075 1.06153392791748 2.96565985679626 0.85255354642868 1.27509450912476 1.91814720630646 14.7280359268188 6.17592620849609 2.92202806472778 3.7135443687439 3.83334493637085 10.1202087402344 18.0257320404053 10.1617374420166 18.4457340240479 45.1716575622559 30.9550113677979 17.8968276977539 23.6230030059814 20.7433662414551 19.0282154083252 22.5073013305664 28.2467613220215 41.4112129211426 -99.9 -99.9 -99.9 -99.9 -99.9 -99.9 -99.9 -99.9 -99.9 -99.9 -99.9 -99.9 -99.9 -99.9 -99.9 -99.9 -99.9 -99.9 -99.9 -99.9 -99.9 -99.9 -99.9 23.2240886688232 57.6273002624512 34.790397644043 -99.9 -99.9 -99.9 43.9947166442871 32.090446472168 48.4994430541992
0.72228068113327 0.31669083237648 0.14148260653019 0.192230865359306 0.460535317659378 1.98408353328705 0.754138052463531 0.374811440706253 0.765774071216583 0.258030205965042 0.753760099411011 1.06160604953766 0.571169078350067 5.89527797698975 15.7711153030396 17.5388889312744 7.94013547897339 11.8858194351196 9.99256896972656 22.3151378631592 22.7061901092529 49.7194709777832 23.9348449707031 19.0807266235352 15.547082901001 34.6145324707031 55.6171760559082 -99.9 -99.9 -99.9 -99.9 -99.9 -99.9 -99.9 -99.9 -99.9 -99.9 -99.9 -99.9 12.7861366271973 12.5102519989014 4.27400255203247 2.46959590911865 1.80734431743622 5.45520830154419 29.5475978851318 32.567195892334 -99.9 17.6551570892334 29.6910018920898 -99.9 70.0810623168945 58.9882164001465 58.0144996643066 52.5960731506348 41.6305541992188 39.0337524414062 -99.9 48.9986152648926 60.4756355285645 83.7206573486328
1.03264331817627 1.11396265029907 0.376843303442001 1.31320130825043 5.59353590011597 10.5901899337769 19.0915622711182 25.7855014801025 1.44529235363007 0.336732089519501 0.104114860296249 1.32114970684052 1.24597263336182 10.484034538269 33.5521202087402 14.177547454834 22.3633422851562 32.0879936218262 32.9660263061523 18.2523803710938 18.2396812438965 32.5168190002441 28.3640308380127 19.1315002441406 24.6153526306152 51.7994117736816 -99.9 -99.9 -99.9 -99.9 -99.9 -99.9 -99.9 -99.9 -99.9 -99.9 -99.9 -99.9 -99.9 8.55948066711426 2.96023225784302 0.214870631694794 1.48393988609314 10.5733776092529 32.998363494873 58.282844543457 53.5807151794434 38.5202522277832 49.4011001586914 62.7863616943359 72.6363830566406 79.4826965332031 61.4504127502441 49.5737609863281 54.2545700073242 76.7770233154297 82.9378814697266 80.1951141357422 68.9856414794922 77.0465850830078 79.1556015014648
0.836812734603882 0.792851984500885 0.884868621826172 1.77267181873322 8.76089954376221 29.3834972381592 24.4690818786621 10.0846939086914 19.0918636322021 16.0407772064209 5.1171236038208 11.0521173477173 15.8024578094482 11.7484683990479 20.9347515106201 13.983136177063 20.1712017059326 25.0082225799561 16.486457824707 31.9775638580322 35.2175827026367 40.0525512695312 20.6310691833496 24.3948764801025 10.5719499588013 -99.9 -99.9 -99.9 -99.9 -99.9 -99.9 14.5932340621948 10.8681020736694 10.9413948059082 -99.9 -99.9 -99.9 -99.9 -99.9 2.66469764709473 2.35690903663635 5.05107021331787 17.6146335601807 40.1133270263672 54.7259750366211 66.841667175293 65.7177429199219 55.8340835571289 68.0931091308594 70.9994888305664 69.3413925170898 63.3128929138184 70.5047073364258 74.8857803344727 61.6680145263672 61.5107650756836 47.2301902770996 66.0666656494141 72.9527740478516 75.8577728271484 75.9670333862305
1.3727148771286 0.113486044108868 10.8831548690796 35.385196685791 14.0966367721558 12.8107290267944 2.95019125938416 1.50254607200623 2.41022753715515 5.28503179550171 3.89606595039368 14.725172996521 9.20449733734131 12.2160921096802 18.8249378204346 26.5524730682373 21.0860939025879 29.9059028625488 21.5863761901855 34.8158111572266 63.0069236755371 -99.9 -99.9 -99.9 -99.9 -99.9 -99.9 -99.9 17.9471206665039 13.5495233535767 10.2446088790894 10.3637800216675 11.6051692962646 4.40696382522583 17.8447227478027 7.70179557800293 1.00648725032806 9.32674884796143 24.0604782104492 9.85662841796875 7.59018135070801 12.8718595504761 24.9722080230713 37.7896919250488 41.5785140991211 46.6742668151855 51.3022003173828 62.4387016296387 76.1043701171875 77.5459823608398 79.4919967651367 83.6407165527344 74.3006057739258 84.9041900634766 79.2524795532227 81.3992233276367 70.9282455444336 84.4983749389648 85.6726226806641 82.0436859130859 71.566650390625
0.360564440488815 0.484076887369156 6.77670574188232 6.89492893218994 0.929425537586212 0.980693995952606 3.44051146507263 1.46950626373291 1.3480920791626 5.37342548370361 15.2695817947388 5.00659275054932 19.4847755432129 11.5766305923462 18.6098346710205 18.4017276763916 27.4600200653076 30.4480724334717 31.253833770752 42.4992179870605 62.7393608093262 -99.9 -99.9 9.89906120300293 -99.9 -99.9 -99.9 23.8476123809814 6.16256523132324 3.59911060333252 6.71414995193481 5.59117412567139 1.91268348693848 4.13711452484131 2.09446024894714 0.40100634098053 4.97804689407349 10.3736419677734 6.81807327270508 9.67550468444824 18.561918258667 34.978443145752 41.2204208374023 58.3639602661133 57.893310546875 71.375373840332 72.1653289794922 63.8618011474609 55.5789794921875 53.0944633483887 49.0421752929688 69.9956893920898 78.8988189697266 80.1923141479492 84.2954025268555 87.7609481811523 71.1946105957031 80.9955291748047 81.1085586547852 85.778938293457 73.172966003418
0.210490122437477 1.90268921852112 1.66142213344574 0.156369715929031 0.172609135508537 0.600284576416016 0.301374912261963 0.510196208953857 0.315796762704849 0.867897808551788 6.45017671585083 7.87289381027222 6.2504711151123 19.6550731658936 15.9933986663818 18.4405059814453 18.4728584289551 31.4880828857422 22.9986248016357 12.6085443496704 9.99093246459961 19.1891994476318 29.8809967041016 29.6398696899414 29.4150905609131 41.8156585693359 38.2364387512207 29.1304836273193 26.2867527008057 31.0584354400635 19.9654865264893 24.825216293335 21.4149074554443 19.3419399261475 11.4680471420288 7.70430517196655 7.87818479537964 6.66822195053101 7.62561798095703 22.7697238922119 26.7042770385742 28.2860870361328 39.2555274963379 44.7057723999023 48.1454315185547 55.8130302429199 71.2564544677734 80.8765563964844 82.7958145141602 79.3725891113281 72.9446487426758 73.839111328125 67.8980178833008 67.8163681030273 78.8000106811523 69.2655715942383 75.1305236816406 76.65087890625 71.1917953491211 54.6167945861816 70.6848754882812
0.502556562423706 0.461926519870758 1.81321239471436 0.551323533058167 0.365849822759628 1.53466880321503 2.56458759307861 0.524075567722321 0.946126699447632 0.933234632015228 3.92557787895203 4.49546480178833 15.134747505188 24.2097282409668 6.36968231201172 14.9917392730713 26.1052284240723 23.4317398071289 14.8308448791504 15.8293399810791 11.4325971603394 11.3688278198242 20.2868309020996 26.0531635284424 32.2551116943359 52.4201240539551 52.0352935791016 22.0481986999512 28.9292068481445 27.5251407623291 26.7434501647949 29.2839546203613 28.3360805511475 31.7254695892334 33.1384735107422 40.9883804321289 26.4487819671631 18.2481670379639 19.7379264831543 19.5702743530273 25.6546592712402 22.5200958251953 39.7463798522949 48.311092376709 32.9950256347656 33.9105529785156 53.075611114502 69.6844253540039 72.8421783447266 69.7038726806641 66.1573104858398 53.6029319763184 64.9899368286133 69.5093154907227 71.7255477905273 66.232536315918 75.2462615966797 67.6842041015625 72.6238708496094 61.2492561340332 65.5203018188477
1.98269104957581 1.46230602264404 2.8400936126709 0.940878331661224 0.46788564324379 1.25523722171783 4.1054368019104 0.575488269329071 1.97189855575562 1.54836821556091 4.55250120162964 5.6699070930481 14.1622428894043 7.54452085494995 0.993104517459869 4.66222810745239 24.2952899932861 14.2178773880005 23.7147445678711 25.074348449707 26.1169261932373 24.1839962005615 27.9098968505859 42.1932182312012 36.3954429626465 55.8410949707031 34.0139427185059 20.1499767303467 35.215648651123 34.9529418945312 31.8212108612061 35.9188003540039 32.0834846496582 34.6527137756348 32.273624420166 40.8785171508789 31.2948169708252 26.9044361114502 30.1746978759766 27.1647968292236 26.2399654388428 29.4988422393799 22.1326160430908 18.2150859832764 15.9396104812622 36.6085357666016 33.9262428283691 54.2610397338867 63.1764068603516 47.8754997253418 52.8772201538086 -99.9 -99.9 -99.9 22.8417186737061 -99.9 -99.9 54.6519508361816 56.2108955383301 59.8441162109375 41.1767311096191
2.51930689811707 1.61604559421539 2.03211832046509 1.64747881889343 0.966853976249695 2.40560054779053 2.10677313804626 1.71581244468689 3.01210117340088 3.56002306938171 2.06524896621704 1.70315492153168 5.13886785507202 5.08957529067993 5.34904384613037 2.82249641418457 6.33407306671143 10.5874271392822 12.7356901168823 23.7277641296387 18.2490272521973 29.1413593292236 24.1742858886719 26.9917240142822 40.2797317504883 52.9339752197266 42.8618774414062 28.221212387085 35.4546051025391 40.1011047363281 44.1399879455566 33.6540298461914 40.4728813171387 34.4394950866699 30.8175640106201 35.4259910583496 26.146484375 30.6155586242676 38.2397689819336 27.1735305786133 18.6357746124268 10.9860906600952 13.0447406768799 30.8760814666748 50.1989898681641 56.4334144592285 52.4714431762695 53.1569061279297 53.0701599121094 67.0187149047852 55.5614128112793 44.7679214477539 -99.9 -99.9 -99.9 -99.9 -99.9 17.9397926330566 25.9863033294678 38.312801361084 48.5584487915039
1.00142073631287 3.51474571228027 9.52318668365479 1.7337509393692 3.51668190956116 8.45106506347656 4.51513576507568 3.38494944572449 6.53776693344116 8.53068923950195 3.57648801803589 5.05450391769409 5.53919553756714 6.63555574417114 4.82361125946045 4.0807728767395 2.03154945373535 4.32568883895874 6.16967105865479 16.5068626403809 28.7377166748047 28.4790954589844 27.4892482757568 26.0556468963623 31.4467926025391 34.2346839904785 38.282958984375 39.7626724243164 40.0017127990723 46.5047874450684 44.1746826171875 42.5409240722656 36.7707328796387 34.1400146484375 41.3454895019531 36.670238494873 43.9573822021484 29.2135334014893 24.3635158538818 19.5222854614258 18.9870853424072 17.7310771942139 23.2577514648438 25.579776763916 54.8114547729492 17.2535724639893 -99.9 50.3471260070801 51.7089385986328 58.5985221862793 45.366268157959 28.4229431152344 -99.9 -99.9 -99.9 -99.9 -99.9 -99.9 4.88459205627441 13.4923248291016 22.0953350067139
5.66575479507446 18.290901184082 3.40033841133118 4.47127389907837 7.90406894683838 6.73674058914185 4.46553421020508 3.20333313941956 14.1760950088501 20.0898208618164 12.931619644165 10.0259695053101 4.04255771636963 4.04033136367798 5.17867040634155 4.53523969650269 2.61208987236023 5.69953536987305 8.80492210388184 10.1910696029663 13.5328893661499 22.6575527191162 21.4575424194336 26.3650646209717 25.6028842926025 54.7718925476074 42.2984275817871 34.6899604797363 42.6234169006348 41.0363082885742 34.054630279541 37.3065414428711 48.2247085571289 38.6430931091309 48.6226806640625 43.279727935791 44.4264602661133 44.8736953735352 47.4940147399902 14.9959077835083 16.5533256530762 50.2479972839355 46.5309638977051 56.6452026367188 56.6785850524902 64.6546783447266 46.9816474914551 56.7947540283203 54.7419204711914 57.7988243103027 62.3801727294922 29.0291213989258 28.4132518768311 -99.9 -99.9 -99.9 -99.9 -99.9 -99.9 -99.9 -99.9
