fish_book/data/sediment/Wilson_et_al_2017_data_files_asc/MudPercent.asc
NCOLS 200
NROWS 150
XLLCORNER -16
YLLCORNER 44
CELLSIZE 0.125
NODATA_VALUE -99.9
[rows 0 to 25 of 150, columns 58 to 115 of 200]
-99.9 -99.9 -99.9 -99.9 -99.9 -99.9 14.9302082061768 12.825309753418 8.22279167175293 17.2719860076904 22.6937789916992 27.0325965881348 27.2217693328857 26.5027256011963 23.4989833831787 19.1692047119141 18.7294311523438 19.4343070983887 26.8622665405273 18.9714012145996 26.4318332672119 26.9388580322266 32.047981262207 31.2876091003418 27.769905090332 -99.9 -99.9 -99.9 -99.9 -99.9 -99.9 -99.9 -99.9 -99.9 -99.9 -99.9 -99.9 -99.9 -99.9 -99.9 -99.9 -99.9 -99.9 -99.9 -99.9 -99.9 -99.9 -99.9 -99.9 -99.9 -99.9 -99.9 -99.9 -99.9 -99.9 -99.9 -99.9 -99.9
-99.9 16.4629135131836 17.4047336578369 16.7979183197021 13.1827173233032 11.0478363037109 5.10137796401978 5.25769519805908 4.79528617858887 3.18442392349243 2.75956630706787 2.8134491443634 2.91672587394714 3.41163611412048 2.73270702362061 5.14995098114014 3.60399961471558 2.83174204826355 2.77369141578674 2.91824412345886 3.43091034889221 12.6373853683472 24.3598232269287 22.0293083190918 21.8825607299805 24.1405773162842 21.1320934295654 19.9483337402344 26.1306209564209 -99.9 -99.9 -99.9 -99.9 -99.9 -99.9 -99.9 -99.9 -99.9 -99.9 -99.9 -99.9 -99.9 -99.9 -99.9 -99.9 -99.9 -99.9 -99.9 -99.9 -99.9 -99.9 -99.9 -99.9 -99.9 -99.9 -99.9 -99.9 -99.9
15.3740377426147 10.6212272644043 15.657958984375 14.0511837005615 8.92839050292969 4.68636703491211 3.78113269805908 2.76175141334534 2.16012382507324 3.16056156158447 2.85774230957031 3.7399046421051 4.34612464904785 5.58761358261108 4.39977121353149 3.76302719116211 2.35628938674927 1.1239470243454 1.84200358390808 3.08294081687927 4.1134090423584 3.41722083091736 5.77059555053711 10.3842554092407 12.0598945617676 17.1496353149414 17.9567070007324 7.67156982421875 27.0425319671631 15.995491027832 21.5548477172852 19.770788192749 23.2458381652832 -99.9 -99.9 -99.9 -99.9 -99.9 -99.9 -99.9 -99.9 -99.9 -99.9 -99.9 -99.9 -99.9 -99.9 -99.9 -99.9 -99.9 -99.9 -99.9 -99.9 -99.9 -99.9 -99.9 -99.9 -99.9
10.4314813613892 6.97437000274658 4.80862474441528 4.52321195602417 3.43311953544617 4.51665687561035 6.49767827987671 2.36163473129272 2.51503682136536 6.15923261642456 3.68053698539734 7.47598552703857 -99.9 -99.9 -99.9 -99.9 -99.9 -99.9 -99.9 -99.9 7.86798572540283 2.87862658500671 9.2379093170166 5.72737836837769 18.1608715057373 15.5646152496338 12.0034418106079 8.35505199432373 10.1130151748657 21.1697807312012 6.93431043624878 16.8973197937012 20.4557685852051 32.8876914978027 33.6343116760254 18.5931854248047 20.2306079864502 33.8571624755859 -99.9 -99.9 -99.9 -99.9 -99.9 -99.9 -99.9 -99.9 -99.9 -99.9 -99.9 -99.9 -99.9 -99.9 -99.9 -99.9 -99.9 -99.9 -99.9 -99.9
6.98393487930298 5.89350032806396 3.88588404655457 3.69645094871521 4.71810579299927 6.63017654418945 5.1819748878479 4.68912792205811 2.34651041030884 1.72933709621429 2.10812306404114 3.53855633735657 -99.9 -99.9 -99.9 -99.9 -99.9 -99.9 -99.9 8.87330532073975 5.06202411651611 2.9282078742981 2.59720945358276 10.8449068069458 14.7203636169434 17.5480995178223 9.88116836547852 10.4248485565186 11.4810123443604 13.2725095748901 15.4709663391113 15.9012365341187 46.7269554138184 51.5470657348633 29.1687850952148 29.6783771514893 29.6082344055176 34.4045372009277 42.3715171813965 56.8236656188965 57.5173835754395 -99.9 -99.9 -99.9 -99.9 -99.9 -99.9 -99.9 -99.9 -99.9 -99.9 -99.9 -99.9 -99.9 -99.9 -99.9 -99.9 -99.9
6.85528993606567 6.38283824920654 7.29195165634155 3.93394994735718 2.56064963340759 6.472571849823 5.88180780410767 7.96106147766113 1.58213627338409 2.0474534034729 4.54017210006714 -99.9 -99.9 -99.9 -99.9 -99.9 -99.9 9.70331382751465 8.17207717895508 4.08660364151001 1.89150989055634 2.63806223869324 9.53866481781006 12.8706035614014 20.7270183563232 21.5217456817627 8.26291179656982 7.65070152282715 7.0617413520813 11.9446125030518 14.8935308456421 19.1150703430176 12.3426380157471 24.7729206085205 37.5712203979492 25.6368942260742 39.7595825195312 21.178258895874 -99.9 -99.9 -99.9 -99.9 -99.9 -99.9 -99.9 -99.9 -99.9 -99.9 -99.9 -99.9 -99.9 -99.9 -99.9 -99.9 -99.9 -99.9 -99.9 -99.9
10.7798089981079 9.38315296173096 12.6333265304565 11.062403678894 8.1776647567749 4.61471605300903 3.32902979850769 4.77508687973022 3.83474564552307 3.99649620056152 6.85436868667603 3.37320971488953 7.4631233215332 3.853271484375 -99.9 -99.9 9.07270431518555 10.2561807632446 4.84178972244263 3.18483138084412 0.761695325374603 5.68261241912842 12.5039310455322 11.4530754089355 10.9318857192993 6.31571769714355 8.29533004760742 8.11580181121826 10.9935083389282 9.90001583099365 22.3409957885742 19.1566944122314 21.3528385162354 19.7246437072754 21.3557281494141 -99.9 -99.9 -99.9 -99.9 -99.9 -99.9 -99.9 -99.9 -99.9 -99.9 -99.9 -99.9 -99.9 -99.9 -99.9 -99.9 -99.9 -99.9 -99.9 -99.9 -99.9 -99.9 -99.9
-99.9 17.8951854705811 18.7350521087646 11.1990356445312 5.54068803787231 6.09447383880615 5.79095077514648 10.2177534103394 9.04765033721924 5.44946622848511 5.13141918182373 9.15083408355713 5.99543952941895 3.59914636611938 2.98915243148804 -99.9 -99.9 8.23992919921875 2.05252027511597 3.66355872154236 5.13279247283936 7.12855815887451 11.7470750808716 15.2628860473633 8.72721290588379 11.1490535736084 15.4370250701904 15.5445699691772 12.282057762146 21.2486095428467 21.8711013793945 18.4670448303223 9.23761749267578 42.7807693481445 -99.9 -99.9 -99.9 -99.9 -99.9 -99.9 -99.9 -99.9 -99.9 -99.9 -99.9 -99.9 -99.9 -99.9 -99.9 -99.9 -99.9 -99.9 -99.9 -99.9 -99.9 -99.9 -99.9 -99.9
-99.9 -99.9 -99.9 15.1688585281372 22.0193271636963 10.8372755050659 15.2313804626465 9.34713745117188 9.59057331085205 10.3539047241211 8.96609783172607 4.319580078125 5.69350099563599 3.16593408584595 -99.9 7.71166038513184 9.2974214553833 2.72849345207214 3.83794903755188 4.84016990661621 16.8529663085938 9.56687259674072 8.79976272583008 16.7090110778809 2.57132720947266 5.7975640296936 13.82506275177 7.64901685714722 9.05632877349854 38.0847320556641 22.1687927246094 14.487419128418 19.8747138977051 24.0035934448242 -99.9 -99.9 -99.9 -99.9 -99.9 -99.9 -99.9 -99.9 -99.9 -99.9 -99.9 -99.9 -99.9 -99.9 -99.9 -99.9 -99.9 -99.9 -99.9 -99.9 -99.9 -99.9 -99.9 -99.9
-99.9 -99.9 -99.9 -99.9 49.3479652404785 13.1463003158569 4.89340257644653 11.8024625778198 12.687126159668 8.41120052337646 13.9528579711914 14.8060569763184 6.23232460021973 4.37233304977417 -99.9 -99.9 11.0858869552612 6.5645923614502 6.52948999404907 28.8683376312256 14.6027336120605 9.91181564331055 12.5795278549194 10.4520139694214 5.1765513420105 6.96790552139282 7.37654590606689 37.8136901855469 20.5851345062256 19.2407913208008 25.4510402679443 11.7191390991211 14.569920539856 -99.9 -99.9 -99.9 -99.9 -99.9 -99.9 -99.9 -99.9 -99.9 -99.9 -99.9 -99.9 -99.9 -99.9 -99.9 -99.9 -99.9 -99.9 -99.9 -99.9 -99.9 -99.9 -99.9 -99.9 -99.9
19.0054454803467 -99.9 -99.9 -99.9 -99.9 -99.9 -99.9 20.9272842407227 36.6085739135742 41.9715690612793 31.5863609313965 23.0869483947754 11.3171529769897 3.92314910888672 3.69874429702759 -99.9 -99.9 3.52250790596008 11.5017337799072 14.9930028915405 33.6564712524414 13.2435436248779 10.3875665664673 7.87970781326294 16.8683586120605 6.16279554367065 7.70686483383179 2.88908123970032 13.1082162857056 39.7712745666504 48.8062171936035 11.4748821258545 -99.9 -99.9 -99.9 -99.9 -99.9 -99.9 -99.9 -99.9 -99.9 -99.9 -99.9 -99.9 -99.9 -99.9 -99.9 -99.9 -99.9 -99.9 -99.9 -99.9 -99.9 -99.9 -99.9 -99.9 -99.9 -99.9
19.9899864196777 8.32241153717041 14.2062339782715 13.3890199661255 -99.9 -99.9 -99.9 -99.9 -99.9 -99.9 40.421817779541 29.5129089355469 11.8115224838257 4.43117761611938 4.17359685897827 5.48193883895874 2.50457811355591 1.37866771221161 7.85620784759521 4.34731531143188 10.7956457138062 7.95609855651855 9.51190757751465 11.4898777008057 9.51764965057373 13.5769882202148 8.21361446380615 19.3987903594971 5.10130405426025 12.9825925827026 12.5491733551025 -99.9 -99.9 -99.9 -99.9 -99.9 -99.9 -99.9 -99.9 -99.9 -99.9 -99.9 -99.9 -99.9 -99.9 -99.9 -99.9 -99.9 -99.9 -99.9 -99.9 -99.9 -99.9 -99.9 -99.9 -99.9 0.258586436510086 0.105872504413128
8.62079524993896 15.3179445266724 14.5580587387085 21.9475364685059 17.7526473999023 24.6930103302002 -99.9 -99.9 -99.9 -99.9 -99.9 35.1756401062012 21.6872901916504 6.51211547851562 4.79055452346802 4.88534259796143 1.78545796871185 2.79765558242798 6.67381143569946 4.00329637527466 7.03032255172729 19.8978176116943 15.3940162658691 27.7425556182861 9.77834606170654 6.26388692855835 5.24341297149658 7.20524454116821 18.4488868713379 -99.9 -99.9 -99.9 -99.9 -99.9 -99.9 -99.9 -99.9 -99.9 -99.9 -99.9 -99.9 -99.9 -99.9 -99.9 -99.9 -99.9 -99.9 -99.9 -99.9 -99.9 -99.9 -99.9 -99.9 -99.9 4.42282962799072 2.53875136375427 0.152023419737816 0.166077792644501
22.3911418914795 16.9086608886719 19.3055763244629 26.9696960449219 13.0505723953247 39.2096061706543 19.8785400390625 29.3954086303711 -99.9 -99.9 -99.9 -99.9 29.0695991516113 26.7238388061523 6.93118810653687 6.57437944412231 4.15906810760498 3.96441173553467 3.85848712921143 4.98433923721313 8.76262283325195 21.2923069000244 14.0696144104004 15.8172988891602 9.75510692596436 7.45334815979004 16.6096248626709 5.32439708709717 -99.9 -99.9 -99.9 -99.9 -99.9 -99.9 -99.9 -99.9 -99.9 -99.9 -99.9 -99.9 -99.9 -99.9 -99.9 -99.9 -99.9 -99.9 -99.9 -99.9 -99.9 -99.9 -99.9 7.16245126724243 2.17177152633667 4.17157745361328 3.39761567115784 0.222926735877991 0.262670278549194 0.266156286001205
12.7858285903931 15.2858591079712 14.4590654373169 17.4753761291504 52.2873992919922 10.0449914932251 19.1140327453613 -99.9 -99.9 -99.9 -99.9 -99.9 -99.9 19.2635669708252 8.59340476989746 6.33376836776733 7.37202167510986 5.79746675491333 5.22079086303711 5.09460735321045 7.92724370956421 4.99265766143799 13.7112064361572 7.17000961303711 52.5132255554199 3.05155801773071 39.6858596801758 -99.9 -99.9 -99.9 -99.9 -99.9 -99.9 -99.9 -99.9 -99.9 -99.9 -99.9 -99.9 -99.9 -99.9 -99.9 -99.9 -99.9 -99.9 -99.9 -99.9 -99.9 9.59164810180664 8.65928840637207 2.27640986442566 4.6433629989624 0.837734997272491 0.304837763309479 0.539443910121918 0.814765810966492 0.365034162998199 0.365914523601532
11.5627193450928 14.0070858001709 11.6116199493408 10.9122438430786 17.6605548858643 -99.9 -99.9 -99.9 -99.9 -99.9 -99.9 -99.9 -99.9 15.7795209884644 7.65288257598877 6.73541021347046 7.49458360671997 7.22769021987915 5.64684772491455 11.2950468063354 6.76952695846558 7.03564643859863 2.95405292510986 3.86948943138123 -99.9 -99.9 -99.9 -99.9 -99.9 -99.9 -99.9 -99.9 -99.9 -99.9 -99.9 -99.9 -99.9 -99.9 -99.9 -99.9 -99.9 -99.9 -99.9 -99.9 -99.9 18.1338672637939 2.86521601676941 8.54281806945801 3.39423179626465 0.273252815008163 0.280714124441147 0.553685903549194 0.665713548660278 0.695767045021057 0.60791003704071 1.36677515506744 1.12431240081787 0.622978925704956
12.5289831161499 6.94598340988159 -99.9 -99.9 -99.9 -99.9 -99.9 -99.9 -99.9 -99.9 -99.9 -99.9 -99.9 -99.9 13.6226825714111 8.44894504547119 8.11065769195557 4.94097232818604 5.59594202041626 4.17819738388062 6.49365949630737 10.1082534790039 -99.9 -99.9 -99.9 -99.9 -99.9 -99.9 -99.9 -99.9 -99.9 -99.9 -99.9 -99.9 -99.9 -99.9 -99.9 -99.9 -99.9 -99.9 -99.9 -99.9 -99.9 5.40855646133423 6.52164125442505 2.35508799552917 1.01767873764038 1.49545562267303 1.46847307682037 0.52889221906662 0.328024119138718 0.858308851718903 1.31703984737396 1.48845756053925 0.941935300827026 0.716579675674438 0.497280120849609 0.229482740163803
13.5276346206665 -99.9 -99.9 -99.9 -99.9 -99.9 -99.9 -99.9 -99.9 -99.9 -99.9 -99.9 -99.9 -99.9 -99.9 5.7318172454834 5.73518228530884 6.06217050552368 7.17472648620605 7.11716651916504 14.4567527770996 7.01294088363647 18.6926956176758 -99.9 -99.9 -99.9 -99.9 -99.9 -99.9 -99.9 -99.9 -99.9 -99.9 -99.9 -99.9 -99.9 -99.9 -99.9 -99.9 -99.9 -99.9 2.69224429130554 1.55706214904785 1.81018221378326 1.47702288627625 0.927165925502777 1.04396188259125 0.544195711612701 0.443912982940674 0.593848586082458 0.455070465803146 1.95796418190002 3.79008412361145 3.05755281448364 1.20809435844421 1.99597549438477 0.535379827022552 0.259697675704956
33.3249740600586 -99.9 -99.9 -99.9 -99.9 -99.9 -99.9 -99.9 -99.9 -99.9 -99.9 -99.9 -99.9 -99.9 -99.9 -99.9 -99.9 -99.9 14.0441160202026 8.84228992462158 10.3821821212769 12.299614906311 7.51432609558105 -99.9 -99.9 -99.9 -99.9 -99.9 -99.9 -99.9 -99.9 -99.9 -99.9 -99.9 -99.9 -99.9 -99.9 16.4747753143311 2.87865257263184 3.29311275482178 2.70344686508179 0.712920725345612 1.44122576713562 1.48055791854858 0.811094641685486 0.65224826335907 1.18876504898071 1.86290776729584 4.63544988632202 4.45103979110718 1.24686062335968 1.57134091854095 2.09124803543091 0.715760052204132 1.41103684902191 1.62331807613373 0.333723127841949 1.9744074344635
-99.9 -99.9 -99.9 -99.9 -99.9 -99.9 -99.9 -99.9 -99.9 -99.9 -99.9 -99.9 -99.9 -99.9 -99.9 -99.9 -99.9 -99.9 -99.9 -99.9 -99.9 -99.9 -99.9 -99.9 -99.9 -99.9 -99.9 -99.9 -99.9 -99.9 -99.9 -99.9 -99.9 -99.9 -99.9 4.83254671096802 4.05820846557617 4.4367356300354 1.35760366916656 0.621285498142242 0.280908286571503 0.187870129942894 0.232682645320892 0.462176591157913 0.557773351669312 0.688923954963684 1.50411665439606 2.45640420913696 4.19714164733887 3.77134966850281 2.10011982917786 1.03210496902466 0.452422589063644 0.282172709703445 0.508574962615967 3.336101770401 -99.9 3.47629308700562
-99.9 -99.9 -99.9 -99.9 -99.9 -99.9 -99.9 -99.9 -99.9 -99.9 -99.9 -99.9 -99.9 -99.9 -99.9 -99.9 -99.9 -99.9 -99.9 -99.9 -99.9 -99.9 -99.9 -99.9 -99.9 -99.9 -99.9 -99.9 -99.9 -99.9 -99.9 -99.9 -99.9 4.62165021896362 9.60197353363037 2.89256978034973 7.0055718421936 6.06212425231934 0.583093166351318 0.412837445735931 0.353852927684784 0.420737028121948 0.344807684421539 0.235000163316727 0.722022235393524 2.04656481742859 1.48334562778473 0.659087657928467 0.756286859512329 0.294357061386108 0.208829790353775 0.211578667163849 0.102931313216686 0.152639597654343 0.42927098274231 0.0748396515846252 0.148690342903137 1.44981753826141
-99.9 -99.9 -99.9 -99.9 -99.9 -99.9 -99.9 -99.9 -99.9 -99.9 -99.9 44.5786323547363 14.3885288238525 -99.9 -99.9 -99.9 -99.9 -99.9 -99.9 -99.9 -99.9 -99.9 -99.9 -99.9 -99.9 -99.9 -99.9 -99.9 -99.9 -99.9 14.1830186843872 5.23519372940063 2.98349714279175 13.1558237075806 2.6443817615509 2.50554537773132 2.33465361595154 0.315865486860275 0.500073134899139 0.675264239311218 0.521888077259064 0.758854568004608 0.794488131999969 0.941614091396332 1.53153669834137 1.51206076145172 1.56712865829468 0.0670173391699791 0.0696121454238892 0.0755617469549179 0.222635507583618 0.211296901106834 0.0397209748625755 0.0550309531390667 0.189137816429138 0.404061883687973 0.365254819393158 3.16655445098877
-99.9 -99.9 -99.9 -99.9 -99.9 -99.9 -99.9 -99.9 -99.9 -99.9 -99.9 -99.9 -99.9 -99.9 -99.9 -99.9 -99.9 9.39460468292236 4.18396615982056 -99.9 -99.9 -99.9 -99.9 -99.9 -99.9 -99.9 -99.9 -99.9 1.54305076599121 0.750564754009247 0.486150711774826 0.404323250055313 0.272085279226303 0.145341277122498 0.223982557654381 0.351362437009811 0.394252926111221 0.426832318305969 0.706185340881348 0.847780644893646 0.433433622121811 0.701334536075592 1.5528416633606 1.65157282352448 0.246364861726761 0.025271812453866 0.0393577590584755 0.0146271483972669 0.0198027826845646 0.0179947596043348 0.0341498665511608 0.130429908633232 0.0393153093755245 0.0393042117357254 0.0703848823904991 0.0863909646868706 0.0629455670714378 0.533117771148682
-99.9 -99.9 -99.9 -99.9 -99.9 -99.9 -99.9 -99.9 -99.9 -99.9 -99.9 -99.9 -99.9 -99.9 -99.9 -99.9 -99.9 -99.9 4.29106187820435 2.47774338722229 1.35096156597137 1.82518541812897 2.34560465812683 -99.9 -99.9 1.98898196220398 1.03845202922821 0.722547113895416 0.593444406986237 0.503327667713165 0.402371942996979 0.491803854703903 0.63875812292099 0.37245699763298 0.179050847887993 0.160996928811073 0.164963766932487 0.302217781543732 0.309126764535904 0.444474458694458 0.52148050069809 0.665190875530243 0.56259423494339 0.242411479353905 0.0429091155529022 0.0332780852913857 0.0129976226016879 0.00751970754936337 0.00781763065606356 0.00575614022091031 0.00483215600252151 0.0253965780138969 0.022907268255949 0.0796972438693047 0.122242242097855 0.0277928877621889 0.0264622829854488 0.084050178527832
-99.9 -99.9 -99.9 -99.9 -99.9 -99.9 -99.9 -99.9 -99.9 -99.9 -99.9 -99.9 -99.9 -99.9 -99.9 -99.9 -99.9 13.1055784225464 2.96268916130066 1.65988552570343 1.12724578380585 1.01610326766968 0.794630527496338 0.775597453117371 0.543560564517975 0.284738063812256 0.24373596906662 0.132282331585884 0.209277257323265 0.39230614900589 0.341713726520538 0.210515156388283 1.03358483314514 1.26060712337494 0.0740441456437111 0.143738597631454 0.138629510998726 0.220423027873039 0.508161008358002 1.20432281494141 2.52279281616211 3.34672784805298 3.67421555519104 1.96502065658569 0.021266458556056 0.0197355188429356 0.0301414839923382 0.0174525994807482 0.0123143466189504 0.00998698733747005 0.123325191438198 0.17698946595192 0.117589719593525 0.08246910572052 0.10024331510067 0.101898103952408 0.0945582538843155 0.15400630235672
-99.9 -99.9 -99.9 -99.9 -99.9 -99.9 -99.9 -99.9 -99.9 -99.9 -99.9 -99.9 -99.9 -99.9 -99.9 -99.9 -99.9 12.2939519882202 2.07900238037109 0.99662059545517 0.957826197147369 0.45984947681427 0.118023283779621 0.189765781164169 0.0662895441055298 0.111334018409252 0.0629431456327438 0.0394998006522655 0.28232342004776 0.524094581604004 0.564245402812958 0.445625305175781 0.188029617071152 0.107437372207642 0.0942569002509117 0.15258900821209 0.121187388896942 1.19258725643158 6.17957019805908 15.5538682937622 8.72653579711914 5.18976545333862 1.20475208759308 0.220099613070488 0.128124549984932 0.0566966980695724 0.0519890077412128 0.0112413810566068 0.0992038622498512 0.168516352772713 0.742021203041077 0.061358492821455 0.0632832869887352 0.0995179265737534 0.0688908323645592 0.030161190778017 0.00660795764997602 0.0335760489106178
