fish_book/data/sediment/Wilson_et_al_2017_data_files_asc/MudPercent.asc
NCOLS 200
NROWS 150
XLLCORNER -16
YLLCORNER 44
CELLSIZE 0.125
NODATA_VALUE -99.9
[rows 78 to 103 of 150, columns 58 to 115 of 200]
-99.9 -99.9 -99.9 -99.9 -99.9 -99.9 -99.9 -99.9 -99.9 -99.9 -99.9 -99.9 -99.9 -99.9 -99.9 -99.9 -99.9 -99.9 -99.9 -99.9 -99.9 -99.9 0.13325497508049 0.309132963418961 1.47002148628235 2.10073566436768 0.968494713306427 1.7346351146698 0.724906086921692 0.450347453355789 1.05429470539093 0.903163075447083 7.58371210098267 -99.9 -99.9 -99.9 -99.9 -99.9 -99.9 -99.9 -99.9 -99.9 -99.9 -99.9 -99.9 -99.9 -99.9 -99.9 -99.9 -99.9 -99.9 -99.9 -99.9 -99.9 -99.9 -99.9 -99.9 -99.9
-99.9 -99.9 -99.9 -99.9 -99.9 -99.9 -99.9 -99.9 -99.9 -99.9 -99.9 -99.9 -99.9 -99.9 -99.9 -99.9 -99.9 -99.9 -99.9 -99.9 -99.9 4.42868185043335 0.0306410081684589 0.000450101069873199 0.370313823223114 1.51853466033936 2.53248310089111 2.16173052787781 0.915943384170532 0.858362078666687 0.271789222955704 0.675468862056732 -99.9 -99.9 9.59213256835938 13.9577789306641 18.5404987335205 -99.9 -99.9 -99.9 -99.9 -99.9 -99.9 -99.9 -99.9 -99.9 -99.9 -99.9 -99.9 -99.9 -99.9 -99.9 -99.9 -99.9 -99.9 -99.9 -99.9 -99.9
-99.9 -99.9 -99.9 -99.9 -99.9 -99.9 -99.9 -99.9 -99.9 -99.9 -99.9 -99.9 -99.9 -99.9 -99.9 -99.9 -99.9 -99.9 -99.9 -99.9 -99.9 4.25681734085083 0.00310676451772451 0 0.202070966362953 0.953060150146484 1.78259944915771 2.12454390525818 0.702200293540955 4.07133436203003 2.04319190979004 0.769408941268921 4.17015314102173 16.0847015380859 8.16939640045166 1.42100763320923 5.44171524047852 -99.9 -99.9 -99.9 -99.9 -99.9 -99.9 -99.9 -99.9 -99.9 -99.9 -99.9 -99.9 -99.9 -99.9 -99.9 -99.9 -99.9 -99.9 -99.9 -99.9 -99.9
-99.9 -99.9 -99.9 -99.9 -99.9 -99.9 -99.9 -99.9 -99.9 -99.9 -99.9 -99.9 -99.9 -99.9 -99.9 -99.9 -99.9 -99.9 -99.9 -99.9 -99.9 0.0354909412562847 0.119822166860104 0.0514300614595413 0.0302991047501564 0.24636672437191 1.03132331371307 2.30356049537659 0.746874153614044 1.68709492683411 1.92023873329163 3.45811104774475 4.74795150756836 1.90363323688507 0.919912219047546 1.54165351390839 1.85166096687317 -99.9 -99.9 -99.9 -99.9 -99.9 -99.9 -99.9 -99.9 -99.9 -99.9 -99.9 -99.9 -99.9 -99.9 -99.9 -99.9 -99.9 -99.9 -99.9 -99.9 -99.9
-99.9 -99.9 -99.9 -99.9 -99.9 -99.9 -99.9 -99.9 -99.9 -99.9 -99.9 -99.9 -99.9 -99.9 -99.9 -99.9 -99.9 -99.9 -99.9 -99.9 3.3180079460144 0.276324421167374 0.124999932944775 0.904672682285309 2.39178514480591 2.56279993057251 1.42787039279938 1.72664749622345 1.50249111652374 2.73802328109741 2.92496967315674 3.48219609260559 3.44661116600037 2.26236701011658 7.82292556762695 0.263279408216476 4.69832801818848 -99.9 -99.9 -99.9 -99.9 -99.9 -99.9 -99.9 -99.9 -99.9 -99.9 -99.9 -99.9 -99.9 -99.9 -99.9 -99.9 -99.9 -99.9 -99.9 -99.9 -99.9
-99.9 -99.9 -99.9 -99.9 -99.9 -99.9 -99.9 -99.9 -99.9 -99.9 -99.9 -99.9 -99.9 -99.9 -99.9 -99.9 -99.9 -99.9 -99.9 7.04710531234741 0.285223037004471 0.24751615524292 0.0757392644882202 1.41137218475342 3.99036574363708 6.85000133514404 3.62034106254578 0.674387633800507 0.921961605548859 2.01228260993958 2.53689956665039 4.85249137878418 6.98334550857544 4.74701356887817 4.40308618545532 24.1018981933594 -99.9 -99.9 -99.9 -99.9 -99.9 -99.9 -99.9 -99.9 -99.9 -99.9 -99.9 -99.9 -99.9 -99.9 -99.9 -99.9 -99.9 -99.9 -99.9 -99.9 -99.9 -99.9
-99.9 -99.9 -99.9 -99.9 -99.9 -99.9 -99.9 -99.9 -99.9 -99.9 -99.9 -99.9 -99.9 -99.9 -99.9 -99.9 13.0493965148926 -99.9 -99.9 2.42156195640564 0.41515725851059 1.05921685695648 0.933146357536316 3.14054799079895 2.3766462802887 3.40924739837646 1.61930274963379 1.28404116630554 3.01720404624939 4.69335508346558 2.57783603668213 4.88181018829346 19.0202312469482 -99.9 -99.9 -99.9 -99.9 -99.9 -99.9 -99.9 -99.9 -99.9 -99.9 -99.9 -99.9 -99.9 -99.9 -99.9 -99.9 -99.9 -99.9 -99.9 -99.9 -99.9 -99.9 -99.9 -99.9 -99.9
-99.9 -99.9 -99.9 -99.9 -99.9 -99.9 -99.9 -99.9 -99.9 -99.9 25.0934829711914 13.8099975585938 15.2659912109375 4.75949478149414 0.955671072006226 1.00356531143188 0.43428447842598 0.0637036710977554 0.0061090299859643 0 0.706609904766083 1.8320791721344 1.57576966285706 2.90592956542969 3.29073166847229 1.6773179769516 0.365382641553879 0.90352475643158 1.97369015216827 4.58334732055664 7.6414475440979 -99.9 -99.9 -99.9 -99.9 -99.9 -99.9 -99.9 -99.9 -99.9 -99.9 -99.9 -99.9 -99.9 -99.9 -99.9 -99.9 -99.9 -99.9 -99.9 -99.9 -99.9 -99.9 -99.9 -99.9 -99.9 -99.9 -99.9
-99.9 -99.9 -99.9 -99.9 -99.9 -99.9 -99.9 -99.9 -99.9 26.7798614501953 12.5405302047729 13.9920539855957 28.2673683166504 16.3033714294434 8.32310676574707 2.65790700912476 1.61017239093781 0.544317722320557 0.277096956968307 0.191410928964615 0.235057413578033 0.574341893196106 0.437974750995636 1.3215092420578 1.1350474357605 1.04316091537476 0.711773812770844 0.460099339485168 -99.9 -99.9 -99.9 -99.9 -99.9 -99.9 -99.9 -99.9 -99.9 -99.9 -99.9 -99.9 -99.9 -99.9 -99.9 -99.9 -99.9 -99.9 -99.9 -99.9 -99.9 -99.9 -99.9 -99.9 -99.9 -99.9 -99.9 -99.9 -99.9 -99.9
-99.9 -99.9 -99.9 -99.9 -99.9 -99.9 13.2125244140625 27.4336948394775 12.668327331543 5.3840160369873 4.45154190063477 2.63695669174194 28.3886013031006 24.9583377838135 2.66758894920349 2.74720692634583 1.92136871814728 1.12089943885803 0.690311372280121 0.629448115825653 0.574165821075439 0.788856089115143 0.865127801895142 0.997650802135468 0.793453097343445 0.975611388683319 0.746764183044434 4.37384796142578 15.9549531936646 -99.9 -99.9 -99.9 -99.9 -99.9 -99.9 -99.9 -99.9 -99.9 -99.9 -99.9 -99.9 -99.9 -99.9 -99.9 -99.9 -99.9 -99.9 -99.9 -99.9 -99.9 -99.9 -99.9 -99.9 -99.9 -99.9 -99.9 -99.9 -99.9
-99.9 -99.9 -99.9 28.3278427124023 34.0674896240234 65.2891082763672 51.2088890075684 36.7066345214844 21.8877143859863 7.82130908966064 5.37764930725098 3.50559973716736 8.69677066802979 2.78440570831299 0.396543264389038 1.61729502677917 1.01061367988586 1.86768615245819 3.90869045257568 4.30424022674561 3.63564252853394 1.52570903301239 0.304953962564468 1.08146584033966 1.26514399051666 4.54331111907959 3.4217836856842 2.64986395835876 -99.9 -99.9 -99.9 -99.9 -99.9 18.6939010620117 7.3425989151001 -99.9 -99.9 -99.9 -99.9 -99.9 -99.9 -99.9 -99.9 -99.9 -99.9 -99.9 -99.9 -99.9 -99.9 -99.9 -99.9 -99.9 -99.9 -99.9 -99.9 -99.9 -99.9 -99.9
10.5657396316528 7.9039158821106 5.82325983047485 6.31736516952515 8.99530124664307 3.02168893814087 53.1777648925781 40.8920593261719 27.8764133453369 14.4708490371704 4.26145839691162 6.12124824523926 5.87300825119019 2.63381481170654 1.81724774837494 4.24370098114014 3.5026752948761 6.62758255004883 7.42826271057129 11.3442373275757 10.2915821075439 11.4169416427612 8.80189514160156 2.6613175868988 1.95129859447479 2.24395680427551 1.6210333108902 2.5047070980072 0.856776237487793 2.99710392951965 4.67168617248535 10.4208755493164 9.0605583190918 6.0607533454895 3.97729253768921 -99.9 -99.9 -99.9 20.8663158416748 -99.9 -99.9 -99.9 -99.9 -99.9 -99.9 -99.9 -99.9 -99.9 -99.9 -99.9 -99.9 -99.9 -99.9 -99.9 -99.9 -99.9 -99.9 -99.9
6.9509654045105 4.24181747436523 5.69255256652832 3.85688900947571 3.66398692131042 4.21801853179932 44.3188896179199 38.5224838256836 28.1167755126953 15.2542819976807 6.44042778015137 7.87591075897217 8.31867408752441 8.56306076049805 12.6097412109375 17.2093944549561 14.044189453125 7.64543485641479 27.9071617126465 37.4666442871094 36.1703262329102 48.9689521789551 27.6271381378174 4.70171689987183 4.98161315917969 1.55512225627899 2.22562837600708 1.68629992008209 3.38365960121155 18.2343921661377 16.2556209564209 14.7837657928467 16.379976272583 1.95739829540253 1.16495156288147 1.95900583267212 1.25936138629913 3.93375134468079 7.43371438980103 2.46433925628662 8.6990385055542 -99.9 -99.9 -99.9 -99.9 38.4057273864746 7.20541334152222 -99.9 -99.9 -99.9 -99.9 -99.9 -99.9 -99.9 -99.9 -99.9 -99.9 -99.9
1.5156968832016 6.51726913452148 2.75962591171265 4.6354923248291 3.67418026924133 4.93637847900391 10.3164854049683 27.1865177154541 22.3341083526611 14.6478958129883 9.30484485626221 13.7260465621948 21.7800140380859 34.0002021789551 40.2122917175293 25.603328704834 9.54674911499023 15.9732065200806 51.8998641967773 69.4005279541016 78.6825256347656 49.4665565490723 12.1703672409058 5.29010152816772 2.75320076942444 1.56773579120636 1.04218792915344 1.1966255903244 3.3676745891571 7.31184101104736 1.13214814662933 0.873173177242279 0.794605910778046 1.07783889770508 1.08298170566559 2.62889814376831 3.26568055152893 3.23112487792969 2.56514072418213 2.02208685874939 1.02574861049652 4.44411420822144 0.895729601383209 2.39627575874329 25.816535949707 52.0622863769531 -99.9 -99.9 -99.9 -99.9 -99.9 -99.9 -99.9 -99.9 -99.9 -99.9 -99.9 -99.9
4.08578538894653 6.97310447692871 3.99101424217224 3.78107523918152 7.26788473129272 10.6641464233398 4.99948072433472 14.7917194366455 10.7545013427734 10.5244646072388 9.44066333770752 13.7044715881348 20.5507049560547 27.2499656677246 26.3269920349121 17.3610248565674 12.0507736206055 12.1031265258789 18.837459564209 45.9670867919922 44.6472129821777 38.9747161865234 10.6251592636108 12.6362905502319 1.03896307945251 1.10684502124786 1.40891194343567 0.857446849346161 2.49051856994629 2.176274061203 1.49555706977844 1.77513408660889 0.694476008415222 0.660175502300262 0.991600811481476 2.82338261604309 -99.9 -99.9 -99.9 -99.9 -99.9 -99.9 -99.9 -99.9 -99.9 -99.9 -99.9 -99.9 -99.9 -99.9 -99.9 -99.9 -99.9 -99.9 -99.9 -99.9 -99.9 -99.9
8.65002632141113 5.52737617492676 3.8654248714447 7.79918813705444 5.88927316665649 8.89803504943848 7.83773374557495 7.6134557723999 11.2075757980347 15.5132684707642 11.2245922088623 6.2224440574646 9.28085708618164 14.51047706604 10.2338256835938 6.43095827102661 3.72489285469055 3.59535241127014 10.7082662582397 20.363826751709 27.3011074066162 22.72412109375 5.64267349243164 10.2830352783203 2.10855674743652 1.39643692970276 0.416483163833618 1.14318871498108 1.01594793796539 2.57851076126099 3.92783069610596 1.89384138584137 3.09865355491638 1.87092673778534 9.93058109283447 8.72072505950928 -99.9 -99.9 -99.9 -99.9 -99.9 -99.9 -99.9 -99.9 -99.9 -99.9 -99.9 -99.9 -99.9 -99.9 -99.9 -99.9 -99.9 -99.9 -99.9 -99.9 -99.9 -99.9
6.44677686691284 10.9080514907837 14.7966079711914 16.7476387023926 13.1464929580688 13.8953828811646 8.57975387573242 13.483512878418 16.910831451416 21.2165241241455 15.6422624588013 6.99127149581909 3.71815299987793 8.50015449523926 5.70549201965332 4.49986600875854 4.91680288314819 4.34027862548828 6.59104681015015 16.0503616333008 14.1873140335083 12.4678945541382 7.16831588745117 4.18198156356812 2.76636242866516 3.23757982254028 1.5260899066925 1.50128793716431 1.54992163181305 1.78552138805389 6.74632596969604 2.98280549049377 6.37545776367188 -99.9 -99.9 -99.9 -99.9 -99.9 -99.9 -99.9 -99.9 -99.9 -99.9 -99.9 -99.9 -99.9 -99.9 -99.9 -99.9 -99.9 -99.9 -99.9 -99.9 -99.9 -99.9 -99.9 -99.9 -99.9
23.1589736938477 20.4293193817139 13.7161436080933 18.4922847747803 19.370210647583 16.0354919433594 7.78043603897095 21.1929988861084 29.0847053527832 27.7770004272461 16.8247909545898 12.549693107605 13.3410873413086 9.27222061157227 11.4197072982788 5.13858604431152 6.66673994064331 4.03804063796997 6.52824592590332 8.92210483551025 4.7868127822876 5.0402889251709 3.48875665664673 2.3304295539856 2.45842313766479 1.79180502891541 1.51376914978027 1.81972432136536 2.17577862739563 1.31536817550659 0.628795802593231 1.75707042217255 2.83486151695251 -99.9 -99.9 -99.9 -99.9 -99.9 -99.9 -99.9 -99.9 -99.9 -99.9 -99.9 -99.9 -99.9 -99.9 -99.9 -99.9 -99.9 -99.9 -99.9 -99.9 -99.9 -99.9 -99.9 -99.9 -99.9
26.5984420776367 45.666877746582 46.7288436889648 40.3138961791992 31.2825756072998 22.1888122558594 13.8762578964233 6.82854509353638 38.4205284118652 31.2157955169678 24.5792045593262 25.0665531158447 17.9440841674805 15.4039154052734 14.0052881240845 11.1134548187256 8.22187995910645 3.35893630981445 4.93703126907349 4.15230655670166 4.00369071960449 2.27053332328796 2.3377628326416 1.77871751785278 1.13678050041199 1.05162358283997 2.03390121459961 2.38106179237366 1.07950556278229 0.519252121448517 0.572304785251617 0.466438233852386 -99.9 -99.9 -99.9 -99.9 -99.9 -99.9 -99.9 -99.9 -99.9 -99.9 -99.9 -99.9 -99.9 -99.9 -99.9 -99.9 -99.9 -99.9 -99.9 -99.9 -99.9 -99.9 -99.9 6.987633228302 8.63004970550537 8.98916912078857
23.9041938781738 40.4696502685547 47.7950744628906 43.8887825012207 40.8057403564453 33.4314117431641 41.8665313720703 36.461311340332 46.8594245910645 37.2061233520508 28.2833251953125 32.1548690795898 33.6099891662598 29.2924499511719 23.6107273101807 9.91917324066162 7.76872491836548 3.10655093193054 4.33085584640503 17.1671180725098 3.59807085990906 3.12923049926758 2.24247026443481 1.76505446434021 0.620688259601593 0.284656465053558 0.613995850086212 1.23903143405914 0.281077772378922 0.527077198028564 -99.9 -99.9 -99.9 -99.9 -99.9 -99.9 -99.9 -99.9 -99.9 -99.9 -99.9 -99.9 18.5179901123047 21.9412689208984 21.7020244598389 15.8906555175781 8.84979343414307 6.71075057983398 7.77967548370361 7.01251459121704 -99.9 4.40912818908691 4.91067886352539 -99.9 3.30219459533691 0.811588823795319 1.24128234386444 0.693449974060059
28.529634475708 38.1102561950684 48.348518371582 43.9380378723145 40.680347442627 30.3154373168945 37.0977096557617 27.5394268035889 12.8200712203979 9.64389801025391 13.0710687637329 25.0427074432373 33.1187858581543 26.7054138183594 18.8296375274658 6.32232809066772 3.78062081336975 2.75820827484131 4.14938831329346 2.7378511428833 3.34696173667908 4.8931450843811 1.6712167263031 1.66834330558777 0.300988435745239 0.945390820503235 0.602165639400482 0.362781584262848 0.213326275348663 -99.9 -99.9 -99.9 -99.9 -99.9 -99.9 -99.9 -99.9 -99.9 -99.9 -99.9 -99.9 -99.9 38.9619674682617 30.601146697998 13.5592365264893 12.0552005767822 8.61828136444092 6.70827627182007 3.45710635185242 6.67511463165283 15.8236465454102 14.6919937133789 9.27238178253174 3.19540047645569 0.994874179363251 0.402192741632462 0.451511770486832 0.330311238765717
26.9789714813232 35.8605918884277 46.4289741516113 47.9659805297852 32.2664794921875 27.7274703979492 24.5063304901123 21.4165782928467 7.49071455001831 3.01976704597473 4.78231954574585 17.6582412719727 19.030029296875 11.2259931564331 6.98365545272827 3.856525182724 4.19378852844238 16.4881496429443 2.65703153610229 2.44259095191956 4.15005588531494 4.01922130584717 5.86773109436035 3.68208384513855 1.39529573917389 0.358821898698807 0.201355069875717 0.3221575319767 -99.9 -99.9 -99.9 -99.9 -99.9 -99.9 10.878888130188 16.0944442749023 18.3840160369873 -99.9 -99.9 -99.9 -99.9 -99.9 27.3199653625488 18.8803310394287 5.54682731628418 5.83924770355225 3.12920260429382 2.74715948104858 2.4939649105072 3.81786775588989 11.3377017974854 13.2348461151123 6.34334850311279 3.06924486160278 0.769717395305634 0.769059002399445 0.155320540070534 0.476736813783646
27.6176528930664 36.7267990112305 37.9371643066406 47.5168609619141 46.043212890625 26.3878288269043 14.6655731201172 12.4003391265869 14.7646331787109 24.4546585083008 23.1785907745361 15.3777170181274 20.8494262695312 13.6519460678101 3.70727872848511 2.83669686317444 2.71742367744446 2.57558298110962 3.0918071269989 2.88755249977112 2.79294204711914 2.88117575645447 3.30132484436035 0.921731948852539 -99.9 -99.9 -99.9 -99.9 -99.9 -99.9 -99.9 12.1784639358521 8.74675464630127 5.66579627990723 8.91664505004883 11.4280242919922 6.38536024093628 7.05411148071289 14.1269750595093 16.232421875 11.4383525848389 5.70981979370117 7.92907047271729 6.42560720443726 1.92614233493805 2.19013428688049 1.27254867553711 2.0606746673584 5.56334924697876 8.62520790100098 8.63000774383545 6.26699304580688 5.00893592834473 3.92314553260803 1.17188227176666 0.622099637985229 0.368016511201859 0.246637627482414
24.7721424102783 37.5341491699219 36.0224876403809 55.3669013977051 49.0646133422852 34.1320991516113 18.7371196746826 30.4253540039062 34.2189254760742 25.1598815917969 35.2035026550293 28.6297130584717 20.8326854705811 12.3080978393555 8.49549579620361 6.56079578399658 3.5791175365448 3.833820104599 4.67207384109497 3.02151298522949 2.37558531761169 1.94766426086426 3.02740883827209 0.756413400173187 -99.9 -99.9 4.15506172180176 -99.9 -99.9 -99.9 9.48512172698975 6.74264717102051 8.51741313934326 3.31722092628479 2.7920343875885 4.08857536315918 3.4013249874115 1.60038912296295 1.857297539711 1.90517556667328 2.49326348304749 1.66928839683533 3.71039128303528 5.25392055511475 2.83516645431519 3.07477211952209 2.34405946731567 1.8746817111969 2.4878876209259 2.24479103088379 2.94625568389893 9.15062141418457 6.89081859588623 16.1626148223877 5.59145450592041 0.291876316070557 0.166305899620056 0.13100554049015
21.7587985992432 35.4563446044922 32.6487464904785 44.1516571044922 38.8824424743652 31.3185253143311 23.9407520294189 26.0808143615723 29.401496887207 31.5078182220459 24.52610206604 21.3728713989258 21.325159072876 9.73246097564697 3.0431272983551 3.38135266304016 5.91669654846191 20.0510711669922 14.1236457824707 3.77212357521057 3.8843994140625 2.83668065071106 2.18065619468689 2.89017224311829 3.32395792007446 3.18368458747864 3.49709296226501 4.51027059555054 4.99347114562988 5.00900268554688 3.7175726890564 3.94738125801086 4.45635747909546 3.24156141281128 2.94218754768372 2.63910460472107 2.58786511421204 2.52582383155823 0.838063776493073 0.198270797729492 0.165879368782043 0.284127831459045 0.41670435667038 0.282458066940308 0.636331796646118 0.511268079280853 0.362547278404236 0.357003211975098 3.32231712341309 1.44090259075165 3.46513104438782 5.58147621154785 7.65836429595947 4.67482995986938 2.62455916404724 3.31289052963257 3.3385648727417 2.52059721946716
10.1785020828247 16.3101501464844 20.7849502563477 25.6596813201904 26.3693962097168 10.2094755172729 10.5894908905029 23.9446830749512 20.8776359558105 38.9466209411621 15.4384136199951 29.923999786377 31.2521686553955 24.4472122192383 4.85460662841797 5.82500553131104 6.13181447982788 3.48085451126099 3.00683283805847 3.99116849899292 3.6348602771759 2.93718433380127 3.27800822257996 2.23492884635925 3.0152575969696 3.48818325996399 3.02570033073425 3.32297444343567 6.40549182891846 5.49090909957886 4.06381416320801 7.74727821350098 3.29007840156555 3.87642574310303 3.05596256256104 3.68935680389404 3.93142867088318 4.73444223403931 1.22818875312805 0.208352982997894 0.262047648429871 0.379153102636337 0.171012163162231 0.146802127361298 0.56140261888504 0.269119888544083 0.564372718334198 0.474311232566833 0.929005026817322 0.591969311237335 1.4363694190979 4.09160709381104 4.72690439224243 5.50436449050903 4.93543434143066 5.24073934555054 5.78033781051636 4.1626091003418
