fish_book/data/sediment/Wilson_et_al_2017_data_files_asc/MudPercent.asc
NCOLS 200
NROWS 150
XLLCORNER -16
YLLCORNER 44
CELLSIZE 0.125
NODATA_VALUE -99.9
[rows 52 to 77 of 150, columns 116 to 173 of 200]
0.309270292520523 0.342587232589722 0.64299613237381 0.750524640083313 0.916473627090454 0.661809086799622 0.898993849754333 0.996690094470978 0.713983237743378 0.777669847011566 1.45770490169525 1.6452043056488 3.45532321929932 3.08491230010986 0.806500494480133 1.47698080539703 4.95545196533203 8.69537353515625 4.72079801559448 1.72657644748688 1.1557639837265 1.71467006206512 2.46392011642456 1.49451684951782 3.69105529785156 6.17064714431763 7.06272459030151 5.59736299514771 3.66203022003174 4.22907161712646 4.73993730545044 1.14404129981995 2.49819397926331 3.45638179779053 3.48256421089172 2.88571357727051 1.65741515159607 0.870542585849762 0.478741586208344 1.31730461120605 2.77068376541138 2.30048179626465 1.45764470100403 1.44397807121277 1.51948988437653 1.49332988262177 1.42406713962555 1.80821311473846 6.38109016418457 7.1096773147583 8.42325210571289 8.37432384490967 6.41625928878784 4.46427059173584 2.4141058921814 1.7830228805542 3.50179576873779 13.785701751709
1.68113303184509 0.555527865886688 0.411979734897614 0.426247328519821 0.618457973003387 0.894605398178101 0.709643483161926 0.858647704124451 0.736808955669403 1.43649566173553 2.26089882850647 1.79433035850525 1.37512683868408 1.21705722808838 0.992744028568268 1.56896126270294 2.04031133651733 2.09790134429932 1.10133802890778 0.886627435684204 1.96872937679291 2.4546332359314 3.31676483154297 1.569904088974 2.31944966316223 3.33144068717957 7.99630212783813 5.43852710723877 5.08001136779785 5.41518354415894 3.11495232582092 1.45134007930756 2.33637690544128 2.09870505332947 3.34800291061401 2.11563324928284 1.08671939373016 1.11884558200836 1.2600085735321 1.33914315700531 1.42233061790466 1.74586629867554 1.25599110126495 0.80636078119278 1.21853184700012 1.38720464706421 1.8219907283783 3.2656364440918 5.3636589050293 4.81303644180298 5.5379114151001 3.91064929962158 1.94756734371185 1.49522960186005 1.59096169471741 4.50112962722778 6.21828269958496 19.8035659790039
3.2049412727356 1.20195162296295 0.926828801631927 0.680869460105896 0.539207339286804 1.07391607761383 0.663784623146057 0.763367176055908 0.973844826221466 3.38318085670471 1.67301189899445 2.19678425788879 4.91268634796143 1.57171678543091 1.06763923168182 1.01806020736694 1.01371133327484 1.48449194431305 1.19020330905914 0.934660255908966 1.3497166633606 2.07029366493225 1.91467535495758 1.62562608718872 1.32774126529694 3.1575231552124 5.09987783432007 5.13883876800537 6.88020086288452 6.31811475753784 5.23138809204102 3.26847720146179 4.85636615753174 4.61632061004639 2.48329854011536 2.6619279384613 1.60385227203369 1.75420475006104 3.5748610496521 3.04376649856567 2.96437191963196 1.93172955513 2.10218548774719 2.42299485206604 2.45750379562378 1.16008460521698 2.27524256706238 3.86719632148743 3.55386829376221 2.64689326286316 3.42728972434998 6.91002368927002 1.16171228885651 3.80765438079834 7.75744819641113 11.8553085327148 9.59077739715576 16.5148315429688
2.20594477653503 0.942795395851135 1.76895749568939 5.48371505737305 2.02798819541931 2.00538730621338 1.61131238937378 0.881804525852203 1.48784947395325 1.61093401908875 1.46301174163818 3.54069709777832 3.61948323249817 0.866281509399414 0.993884861469269 1.1620010137558 1.54354047775269 0.72871208190918 0.754480600357056 1.01584494113922 1.02860963344574 5.49118375778198 1.96411383152008 1.65512728691101 1.59717988967896 2.5681095123291 3.77686548233032 4.73122787475586 6.46917343139648 8.29146957397461 7.43859386444092 6.96082067489624 9.84768962860107 6.63876152038574 5.99779558181763 4.13274812698364 1.98020267486572 1.53253364562988 1.32373785972595 11.6648435592651 7.88777351379395 4.36237049102783 4.59035205841064 3.43543696403503 3.92639565467834 1.33470833301544 2.3110716342926 2.70541906356812 2.93268227577209 1.97468149662018 7.6233229637146 25.6516132354736 9.78247261047363 11.6663103103638 19.1289253234863 15.8378210067749 10.7389316558838 13.1108493804932
2.19873070716858 1.56332278251648 2.16873407363892 2.92171359062195 4.46261215209961 4.21787977218628 2.01904535293579 0.803063213825226 0.5520880818367 0.66920405626297 1.42256510257721 1.87243390083313 0.523597359657288 0.864724218845367 1.25203883647919 1.95030355453491 4.54061698913574 1.14631056785583 1.29592049121857 1.26410758495331 1.36069059371948 2.95183444023132 1.34468758106232 3.7519063949585 1.6328752040863 1.39555644989014 2.04648280143738 2.43448114395142 5.32613182067871 8.80011081695557 11.3393573760986 7.55044889450073 7.16721391677856 5.39172458648682 2.54306793212891 1.00667941570282 0.497290641069412 18.9818210601807 11.6989231109619 2.24245929718018 3.91517925262451 4.14349460601807 8.10859394073486 3.71779918670654 0.977264225482941 0.682840883731842 1.49296009540558 1.47082722187042 2.30962991714478 1.44790697097778 3.98394083976746 4.19795608520508 5.75119113922119 5.74571466445923 17.0132732391357 12.4620294570923 11.4262008666992 12.9690008163452
3.98390626907349 7.9413890838623 11.3338117599487 10.0098285675049 9.53288269042969 8.81807136535645 3.11489820480347 0.968310356140137 1.60268235206604 1.23648571968079 1.4373197555542 2.65306973457336 2.02006244659424 1.372279047966 2.68437266349792 2.05379414558411 4.94275093078613 2.4150972366333 3.10656666755676 4.82309627532959 2.94976234436035 2.6517596244812 1.95709204673767 1.26963627338409 1.43818354606628 2.36519956588745 3.76847290992737 5.60928583145142 3.49954533576965 2.88941192626953 2.59347653388977 1.91056716442108 1.02826154232025 0.63937771320343 0.406802177429199 0.399556815624237 0.131954655051231 0.742046236991882 0.221375957131386 0.873814642429352 1.59128057956696 2.62284064292908 2.73360991477966 8.50879096984863 0.593805432319641 0.879789531230927 0.682252407073975 1.0272923707962 1.09089124202728 1.10840225219727 2.76356720924377 2.7749936580658 3.06612992286682 4.58136510848999 10.2406406402588 9.78260612487793 9.7894344329834 10.8404054641724
3.37822127342224 5.92508602142334 10.6548013687134 19.8767566680908 19.1277122497559 14.0698165893555 8.09603214263916 2.07211327552795 1.29739451408386 1.53099048137665 1.09212303161621 2.6254620552063 4.25204420089722 4.38930702209473 5.01827669143677 2.91408276557922 1.84492409229279 1.89186799526215 3.9018087387085 3.81526851654053 4.97505140304565 1.33417320251465 8.75141906738281 6.00220060348511 3.32827854156494 2.51483798027039 2.30125284194946 2.06786608695984 0.95421975851059 0.601223051548004 0.648002505302429 0.371633946895599 0.339535623788834 0.225717425346375 0.236391335725784 0.193139240145683 0.0795974805951118 0.147096827626228 0.442486673593521 0.560805559158325 0.935432553291321 1.34410262107849 1.60513496398926 4.28653240203857 1.82321047782898 0.668525874614716 1.03979015350342 1.41404545307159 2.93927693367004 3.86056709289551 3.23969578742981 1.68467271327972 2.62589550018311 2.65965962409973 4.17910718917847 6.05797433853149 8.57480144500732 8.61988544464111
6.90800142288208 6.93323612213135 18.5023746490479 25.6727409362793 22.451473236084 16.5273933410645 14.8998308181763 6.13971281051636 1.18534851074219 1.75515913963318 1.89738655090332 4.59317636489868 4.78808355331421 4.66033935546875 3.50984406471252 14.6407032012939 6.58457899093628 2.33582329750061 1.94908535480499 1.13108253479004 1.56879591941833 1.87270104885101 4.15817737579346 1.93110644817352 0.989685595035553 1.28497958183289 0.545406460762024 0.249230146408081 0.412326097488403 0.30981582403183 0.263729274272919 0.146974220871925 0.199880748987198 0.317137241363525 0.32386913895607 2.50509595870972 0.182189285755157 0.543701767921448 1.01893103122711 1.28528463840485 0.45165941119194 0.649976074695587 2.17577242851257 3.01462340354919 1.68725776672363 6.42947435379028 6.76169395446777 4.09526586532593 4.56011486053467 7.70868301391602 5.08949327468872 6.08549642562866 5.19845676422119 7.21823358535767 6.45610189437866 5.18482971191406 6.6925892829895 10.9133234024048
32.1174240112305 10.6501197814941 34.7351989746094 34.4179306030273 22.7357501983643 21.4719181060791 11.7724123001099 4.11489009857178 3.89649820327759 2.73517870903015 2.74307608604431 2.9296612739563 2.88200831413269 4.36468505859375 9.04288291931152 12.3625469207764 12.632532119751 8.96900081634521 1.81586027145386 0.916462004184723 1.49444496631622 2.54570484161377 1.13091099262238 0.380500286817551 0.365034192800522 5.20704078674316 0.135386809706688 0.282699704170227 0.333238899707794 0.493711084127426 0.377461463212967 0.42214760184288 0.677578151226044 0.360449612140656 1.77214288711548 2.97150921821594 0.341511011123657 0.727505445480347 1.17087626457214 1.59202325344086 1.5216281414032 1.81734681129456 3.73637437820435 7.5228214263916 4.68849086761475 6.94917154312134 10.0637083053589 7.61113834381104 5.37790298461914 5.9674596786499 8.59891796112061 10.644063949585 4.88922739028931 9.76079940795898 7.94034242630005 4.81076288223267 5.61545276641846 10.1539278030396
-99.9 15.1104412078857 27.6771297454834 30.5535068511963 14.6648073196411 11.8581743240356 3.27082228660583 4.48388433456421 6.14493083953857 7.46552133560181 9.10906505584717 3.0747344493866 3.00181245803833 2.71683168411255 10.0594062805176 12.210072517395 7.1527271270752 5.76837921142578 1.59580969810486 1.93054354190826 2.10166525840759 1.21326065063477 0.732130885124207 0.278743773698807 0.134402140974998 1.5004369020462 0.306471258401871 0.499555587768555 0.290631026029587 0.31458368897438 0.442631125450134 0.403418391942978 0.64124596118927 0.35402575135231 0.651899814605713 0.851454198360443 0.299919933080673 0.370611101388931 1.06994426250458 2.26119518280029 2.86285638809204 4.80975151062012 6.19173717498779 6.60480403900146 6.17351961135864 2.59379506111145 8.85761070251465 6.29968738555908 6.03167343139648 5.26985645294189 5.66869258880615 3.77750635147095 9.54218101501465 6.29411220550537 5.82128047943115 6.25795030593872 5.63999462127686 7.63914680480957
-99.9 35.8352317810059 20.942195892334 28.9558162689209 15.1280937194824 5.77621841430664 2.66515779495239 1.64632630348206 2.15208268165588 2.05079865455627 6.31042003631592 2.21467518806458 2.18828248977661 3.61872506141663 5.70899486541748 6.6610746383667 13.6905765533447 5.20394659042358 2.21449613571167 7.83753824234009 3.61164212226868 0.99658465385437 0.432708859443665 0.487139761447906 0.301202476024628 0.249536603689194 0.525014758110046 0.502869069576263 0.288387209177017 0.205689877271652 0.481718093156815 0.356509804725647 0.441662788391113 0.224346831440926 0.388652741909027 0.337618380784988 0.492459177970886 1.2746889591217 3.35644745826721 4.33385848999023 5.47522020339966 6.60206985473633 6.39507436752319 9.23575401306152 13.3760452270508 9.73813247680664 10.5084896087646 10.7072896957397 7.13595485687256 5.55476427078247 3.33673453330994 3.06089806556702 4.55906391143799 3.47502207756042 4.9841103553772 5.39768838882446 4.69422149658203 6.8925085067749
-99.9 -99.9 29.8377323150635 18.9304294586182 13.2339849472046 5.15182256698608 1.90809953212738 1.37840974330902 1.43641579151154 1.51971590518951 3.05123782157898 1.72056436538696 1.99039852619171 4.21911430358887 4.70293951034546 2.74864053726196 4.29026031494141 10.0960865020752 6.68758821487427 3.56174612045288 1.58038783073425 1.57975685596466 0.679854512214661 0.73374330997467 0.549207270145416 0.194169834256172 0.255525499582291 0.2600919008255 0.323997765779495 0.21268005669117 0.292418479919434 0.479912728071213 0.44362410902977 0.328927636146545 0.155294507741928 0.644862711429596 2.40337944030762 3.89320039749146 5.57713317871094 5.55020189285278 6.68423366546631 9.89353847503662 8.37137508392334 13.736891746521 15.7549362182617 18.8983516693115 21.1043338775635 22.9965705871582 12.451868057251 4.64901208877563 3.55966377258301 3.25408387184143 4.66623640060425 8.62346839904785 5.76295471191406 5.33881187438965 6.06413125991821 5.95159435272217
-99.9 -99.9 20.5537223815918 16.9838237762451 19.1003074645996 7.04838943481445 4.33134937286377 2.09263968467712 1.02785933017731 1.09143590927124 1.56520295143127 1.27379631996155 1.60476672649384 1.39068782329559 1.83879029750824 1.85836350917816 1.57347345352173 2.4258143901825 3.30029964447021 1.78408479690552 1.69725787639618 0.642889320850372 0.732648551464081 0.432184308767319 1.06330478191376 0.45254573225975 0.226670727133751 0.299526125192642 0.799716114997864 1.01713705062866 0.167365655303001 0.826003432273865 0.607400298118591 0.150313824415207 0.509132862091064 2.93226265907288 6.1909294128418 8.08385944366455 8.64038944244385 8.3786153793335 8.2369556427002 9.15695571899414 8.70365619659424 12.6138849258423 16.1817359924316 21.3552875518799 23.9472522735596 24.5696582794189 12.6106376647949 11.9828023910522 9.19863510131836 7.40084886550903 7.64660167694092 14.5900344848633 19.1908016204834 9.88632392883301 7.91734838485718 7.95379781723022
-99.9 -99.9 -99.9 -99.9 -99.9 -99.9 7.068603515625 3.90597987174988 4.17365455627441 1.46657860279083 1.59089934825897 1.21664440631866 1.5350239276886 1.45506465435028 1.15758836269379 0.846259236335754 1.23447477817535 1.32379877567291 0.68050080537796 0.888375163078308 0.947140514850616 1.47235214710236 0.662996292114258 1.34398412704468 0.969866514205933 0.45160785317421 0.19424931704998 0.242501810193062 0.446844607591629 0.385991811752319 0.159392952919006 0.232893601059914 0.311995297670364 0.370435208082199 0.95396614074707 3.29131507873535 6.61132955551147 7.62556123733521 8.54916954040527 8.35755062103271 9.73711776733398 7.506019115448 7.01161861419678 7.74419784545898 18.1957530975342 23.0428619384766 24.4105110168457 20.3083610534668 18.7597236633301 18.7044868469238 13.1180810928345 8.28669166564941 6.56026124954224 6.32482862472534 9.93953227996826 8.62727642059326 9.20129871368408 10.8427181243896
-99.9 -99.9 -99.9 -99.9 -99.9 -99.9 -99.9 -99.9 3.43742322921753 4.3271632194519 3.10370302200317 1.68678104877472 1.22839760780334 1.48816990852356 2.05770754814148 1.49617397785187 0.923356235027313 1.00117385387421 0.400921255350113 0.309504449367523 1.19103252887726 1.80172514915466 1.78385579586029 1.6925927400589 1.2431960105896 0.843544185161591 0.641284704208374 0.824760496616364 0.853443026542664 0.782866358757019 0.687353670597076 1.0598269701004 0.40281268954277 0.643083095550537 1.50934338569641 2.85981774330139 6.12734174728394 8.15059947967529 9.59121322631836 5.35581016540527 10.0026226043701 11.7576379776001 6.74588823318481 8.66572189331055 12.823221206665 21.5120048522949 22.5013484954834 23.9132995605469 27.2516288757324 23.1248950958252 16.8571033477783 10.5089902877808 9.37182903289795 11.676552772522 11.3581390380859 7.92038202285767 10.4008312225342 10.0662174224854
-99.9 -99.9 -99.9 -99.9 -99.9 -99.9 -99.9 -99.9 -99.9 5.55750226974487 9.35202217102051 3.87676882743835 1.49395322799683 1.95051622390747 1.32180106639862 0.862612545490265 0.327781468629837 0.669913172721863 0.509810507297516 0.459385186433792 0.374164044857025 1.56815659999847 0.927589476108551 1.32294845581055 2.49556231498718 1.35486555099487 0.894952297210693 0.776730418205261 0.853215873241425 0.922498047351837 0.574945449829102 0.68796318769455 0.540315449237823 1.02865719795227 3.77997279167175 6.51773452758789 4.18639469146729 7.06807851791382 10.0423383712769 4.74352359771729 3.87871956825256 7.77194881439209 8.56303596496582 10.0776414871216 11.9846973419189 13.3724155426025 20.8714962005615 29.7624950408936 30.8052711486816 25.6797924041748 19.1907596588135 15.7915363311768 17.7897758483887 19.4972553253174 15.2346439361572 8.16513061523438 9.04409313201904 9.29708576202393
-99.9 -99.9 -99.9 -99.9 -99.9 -99.9 -99.9 -99.9 -99.9 -99.9 -99.9 9.85572910308838 6.96655035018921 6.04463624954224 1.25282144546509 0.444964468479156 0.252201050519943 0.340537995100021 0.716491043567657 0.349854469299316 0.396812289953232 0.621399939060211 0.984513461589813 1.54960775375366 2.75177764892578 1.50218427181244 0.965227246284485 4.42495203018188 1.68231511116028 2.07166266441345 3.21994829177856 5.19156837463379 8.50338840484619 12.0600709915161 12.3876314163208 12.0117282867432 3.41090798377991 1.71104645729065 2.58848166465759 3.02455353736877 4.55803203582764 10.0051040649414 9.955491065979 11.9514455795288 14.5890636444092 20.3208808898926 19.8956146240234 28.4581623077393 24.7929458618164 25.4762554168701 22.5540637969971 22.0838088989258 26.3787174224854 25.8632259368896 16.0465412139893 9.58440780639648 10.0104465484619 8.66783237457275
-99.9 -99.9 -99.9 -99.9 -99.9 -99.9 -99.9 -99.9 -99.9 -99.9 -99.9 7.76734066009521 5.55506467819214 3.4427433013916 1.3181244134903 0.511139750480652 0.740475177764893 0.739663481712341 1.02314233779907 0.920688629150391 0.957964718341827 0.764447391033173 1.17587745189667 1.50194692611694 4.95697927474976 4.22980976104736 6.1786208152771 10.9770908355713 9.66408348083496 13.0396375656128 11.0212211608887 14.3116674423218 14.6441116333008 22.896692276001 11.1419801712036 7.74041843414307 1.04581797122955 1.34306252002716 0.690227508544922 4.18333387374878 7.48666667938232 8.06832408905029 9.04839897155762 12.1224489212036 10.7345066070557 6.56056785583496 12.4356508255005 17.0335063934326 16.9653644561768 18.4707107543945 24.7515296936035 19.7320156097412 22.6079292297363 30.8390083312988 20.8303909301758 9.43089485168457 11.3707990646362 10.6422452926636
-99.9 -99.9 -99.9 -99.9 -99.9 -99.9 -99.9 -99.9 -99.9 -99.9 -99.9 0.599923253059387 1.59926879405975 3.77287888526917 2.58324718475342 1.7994339466095 1.63449573516846 1.64232337474823 3.07727670669556 4.3372859954834 0.788556694984436 0.677415490150452 0.71462345123291 0.629830121994019 1.0486421585083 0.703636407852173 1.00863528251648 1.66028106212616 1.21847355365753 2.12776255607605 3.31700658798218 7.3561635017395 6.67556047439575 2.76554894447327 3.32430505752563 5.03665018081665 4.36687517166138 2.35470771789551 1.3390965461731 3.30658769607544 4.16567230224609 2.82646417617798 4.51829481124878 6.32566261291504 12.0873365402222 13.7148323059082 15.1860265731812 18.1223049163818 23.0282192230225 23.6967315673828 35.3860816955566 33.3380012512207 29.8155574798584 29.3483219146729 18.5831871032715 8.05598831176758 8.31859397888184 8.09788227081299
-99.9 -99.9 -99.9 -99.9 -99.9 -99.9 -99.9 -99.9 -99.9 -99.9 -99.9 -99.9 1.22250640392303 0.855897009372711 2.44139575958252 3.04243183135986 2.23843145370483 0.866594552993774 1.91428446769714 3.15337014198303 0.414945751428604 0.454377561807632 0.195908263325691 0.821247458457947 0.234755754470825 0.329474091529846 1.46056640148163 0.270567983388901 0.506827473640442 0.98592621088028 1.42878794670105 1.78170001506805 7.56390380859375 3.09151744842529 1.70221042633057 7.65873336791992 14.2924041748047 11.3410263061523 4.12169742584229 6.43495607376099 4.12232160568237 4.04671955108643 4.97560119628906 6.20288419723511 16.1746234893799 19.7503490447998 19.9078903198242 27.0489673614502 32.4901962280273 34.0754203796387 42.1106491088867 35.2698631286621 15.4040441513062 4.43651294708252 4.28729724884033 3.60783386230469 2.5487174987793 4.10349941253662
-99.9 -99.9 -99.9 -99.9 -99.9 -99.9 -99.9 -99.9 -99.9 -99.9 -99.9 -99.9 -99.9 4.933434009552 1.09836626052856 1.89559268951416 3.29789257049561 3.30873084068298 2.67141079902649 1.81737267971039 0.545697331428528 0.49902069568634 0.213812202215195 1.52153193950653 2.55560851097107 0.175626561045647 1.35530734062195 0.632241129875183 0.637645244598389 0.929703772068024 0.433891206979752 0.44646292924881 0.685053169727325 1.85818696022034 5.1979775428772 8.95556831359863 10.6798648834229 10.2140340805054 11.8418502807617 11.2556390762329 6.30629873275757 8.25283241271973 7.58915853500366 12.4156923294067 27.8406047821045 31.0011234283447 32.4658737182617 31.9823589324951 33.6108360290527 22.6474800109863 22.1330108642578 15.0498361587524 7.09067296981812 4.68616390228271 4.07601499557495 3.43073177337646 2.1391384601593 2.64346742630005
-99.9 -99.9 -99.9 -99.9 -99.9 -99.9 -99.9 -99.9 -99.9 -99.9 -99.9 -99.9 23.176830291748 7.56283664703369 2.23720860481262 0.591132521629333 1.79448771476746 4.40376710891724 3.99554538726807 1.94873785972595 2.45867037773132 5.20312547683716 0.308437883853912 0.292918980121613 1.39784932136536 0.414146333932877 0.510228097438812 8.61888885498047 0.760685622692108 0.522966086864471 0.724735140800476 1.21929490566254 1.71559917926788 1.88492238521576 2.78267168998718 6.63177013397217 8.04614925384521 9.98500442504883 11.5174779891968 14.3175020217896 15.8904809951782 14.474268913269 10.5979642868042 15.2318544387817 25.1334743499756 18.329948425293 12.5114574432373 6.42852973937988 4.85005664825439 1.92536783218384 2.09040975570679 1.29656970500946 1.21356678009033 0.95616751909256 1.26629269123077 1.76652073860168 2.21282339096069 4.0392632484436
-99.9 -99.9 -99.9 -99.9 -99.9 -99.9 -99.9 -99.9 -99.9 -99.9 -99.9 -99.9 -99.9 -99.9 4.85628509521484 4.34047031402588 1.44743728637695 6.48541879653931 1.65265619754791 1.48136031627655 1.8408716917038 2.74244809150696 0.447545260190964 1.01341879367828 1.4603316783905 0.574140727519989 2.09713768959045 0.566673696041107 0.634272336959839 1.03315567970276 1.29476141929626 1.17365396022797 1.57575559616089 2.92877078056335 4.22508716583252 6.35143804550171 6.02412509918213 8.17618751525879 6.73995637893677 6.13538455963135 5.40253353118896 8.38937377929688 3.45701622962952 4.96743011474609 4.79190301895142 6.24353647232056 2.88288760185242 1.40017902851105 1.34551894664764 0.632992506027222 0.841734349727631 0.652907371520996 0.814419388771057 1.69676780700684 5.14121294021606 4.74066400527954 -99.9 -99.9
-99.9 -99.9 -99.9 -99.9 -99.9 -99.9 -99.9 -99.9 -99.9 -99.9 -99.9 -99.9 -99.9 -99.9 4.73398017883301 10.974588394165 6.98031806945801 2.0996367931366 0.503541469573975 0.386117458343506 0.638254344463348 0.63843560218811 0.853466510772705 0.657191812992096 0.475263863801956 0.931077718734741 1.0129930973053 0.950190246105194 0.724022209644318 0.676530539989471 0.767186105251312 1.33322060108185 1.78201937675476 2.5464653968811 2.53930497169495 3.08606386184692 3.67636585235596 1.32931017875671 1.41329038143158 1.38620376586914 1.70358061790466 0.571257531642914 1.02656853199005 1.99260187149048 2.31519222259521 1.83857107162476 0.804455518722534 0.529399275779724 0.543408155441284 4.80287933349609 0.652616798877716 2.26496982574463 5.36179685592651 4.654212474823 8.1644983291626 23.8429870605469 -99.9 -99.9
-99.9 -99.9 -99.9 -99.9 -99.9 -99.9 -99.9 -99.9 -99.9 -99.9 -99.9 -99.9 -99.9 -99.9 -99.9 1.35007691383362 8.26905059814453 1.41164815425873 0.802798688411713 0.544261634349823 1.22445261478424 0.67461746931076 0.973337292671204 1.4650547504425 0.519797146320343 0.432580173015594 0.427768766880035 0.616920113563538 0.994305372238159 0.535561323165894 1.27007865905762 0.785165190696716 1.52019715309143 3.90082335472107 1.86235582828522 2.62493371963501 5.09415340423584 11.8872547149658 4.26295948028564 0.310799270868301 0.520193815231323 0.341188877820969 1.23897242546082 1.88271260261536 2.25358152389526 1.75247168540955 1.22559058666229 0.776413857936859 0.906319320201874 0.887735784053802 4.06100368499756 7.40861225128174 11.5388050079346 11.8213109970093 12.9948816299438 -99.9 -99.9 -99.9
-99.9 -99.9 -99.9 -99.9 -99.9 -99.9 -99.9 -99.9 -99.9 -99.9 -99.9 -99.9 -99.9 -99.9 3.68684697151184 6.73323774337769 6.95744895935059 5.35155391693115 2.40678644180298 2.26950168609619 0.86392343044281 0.866455852985382 0.653120338916779 3.35555815696716 1.15919065475464 0.267135173082352 0.437207967042923 0.35912898182869 0.592419147491455 0.558504164218903 6.81943368911743 2.94209718704224 1.57544600963593 1.70749163627625 2.87830281257629 1.92775321006775 0.73285698890686 0.00379114761017263 0 0.261515468358994 0.0248160269111395 0.374441355466843 2.35676193237305 1.60105848312378 0.676869511604309 0.96837705373764 1.00930285453796 0.630344569683075 1.93939709663391 1.99727618694305 -99.9 10.8812131881714 11.4319725036621 14.4514837265015 15.4260053634644 -99.9 -99.9 -99.9
