fish_book/data/sediment/Wilson_et_al_2017_data_files_asc/MudPercent.asc
NCOLS 200
NROWS 150
XLLCORNER -16
YLLCORNER 44
CELLSIZE 0.125
NODATA_VALUE -99.9
[rows 0 to 25 of 150, columns 116 to 173 of 200]
-99.9 -99.9 -99.9 -99.9 -99.9 -99.9 -99.9 -99.9 -99.9 -99.9 -99.9 -99.9 -99.9 -99.9 -99.9 -99.9 -99.9 -99.9 -99.9 -99.9 -99.9 -99.9 -99.9 -99.9 -99.9 -99.9 -99.9 -99.9 -99.9 -99.9 -99.9 -99.9 -99.9 -99.9 -99.9 -99.9 -99.9 -99.9 -99.9 -99.9 -99.9 -99.9 -99.9 -99.9 -99.9 -99.9 -99.9 -99.9 -99.9 -99.9 -99.9 -99.9 -99.9 -99.9 -99.9 -99.9 -99.9 -99.9
-99.9 -99.9 -99.9 -99.9 -99.9 -99.9 -99.9 -99.9 -99.9 -99.9 -99.9 -99.9 -99.9 -99.9 -99.9 -99.9 -99.9 -99.9 -99.9 -99.9 -99.9 -99.9 -99.9 -99.9 -99.9 -99.9 -99.9 -99.9 -99.9 -99.9 -99.9 -99.9 -99.9 -99.9 -99.9 -99.9 -99.9 -99.9 -99.9 -99.9 -99.9 -99.9 -99.9 -99.9 -99.9 -99.9 -99.9 -99.9 -99.9 -99.9 -99.9 -99.9 -99.9 -99.9 -99.9 -99.9 -99.9 -99.9
-99.9 -99.9 -99.9 -99.9 -99.9 -99.9 -99.9 -99.9 -99.9 -99.9 -99.9 -99.9 -99.9 -99.9 -99.9 -99.9 -99.9 -99.9 -99.9 -99.9 -99.9 -99.9 -99.9 -99.9 -99.9 -99.9 -99.9 -99.9 -99.9 -99.9 -99.9 -99.9 -99.9 -99.9 -99.9 -99.9 -99.9 -99.9 -99.9 -99.9 -99.9 -99.9 -99.9 -99.9 -99.9 -99.9 -99.9 -99.9 -99.9 -99.9 -99.9 -99.9 -99.9 -99.9 -99.9 -99.9 -99.9 -99.9
-99.9 -99.9 -99.9 -99.9 -99.9 -99.9 -99.9 -99.9 -99.9 -99.9 -99.9 -99.9 -99.9 -99.9 -99.9 -99.9 -99.9 -99.9 -99.9 -99.9 -99.9 -99.9 -99.9 -99.9 -99.9 -99.9 -99.9 -99.9 -99.9 -99.9 -99.9 -99.9 -99.9 -99.9 -99.9 -99.9 -99.9 -99.9 -99.9 -99.9 -99.9 -99.9 -99.9 -99.9 -99.9 -99.9 -99.9 -99.9 -99.9 -99.9 -99.9 -99.9 -99.9 -99.9 -99.9 -99.9 -99.9 -99.9
-99.9 -99.9 -99.9 -99.9 -99.9 -99.9 -99.9 -99.9 -99.9 -99.9 -99.9 -99.9 -99.9 -99.9 -99.9 -99.9 -99.9 -99.9 -99.9 -99.9 -99.9 -99.9 -99.9 -99.9 -99.9 -99.9 -99.9 -99.9 -99.9 -99.9 -99.9 -99.9 -99.9 -99.9 -99.9 -99.9 -99.9 -99.9 -99.9 -99.9 -99.9 -99.9 -99.9 -99.9 -99.9 -99.9 -99.9 -99.9 -99.9 -99.9 -99.9 -99.9 -99.9 -99.9 -99.9 -99.9 -99.9 -99.9
-99.9 -99.9 -99.9 -99.9 -99.9 -99.9 -99.9 -99.9 -99.9 -99.9 -99.9 -99.9 -99.9 -99.9 -99.9 -99.9 -99.9 -99.9 -99.9 -99.9 -99.9 -99.9 -99.9 -99.9 -99.9 -99.9 -99.9 -99.9 -99.9 -99.9 -99.9 -99.9 -99.9 -99.9 -99.9 -99.9 -99.9 -99.9 -99.9 -99.9 -99.9 -99.9 -99.9 -99.9 -99.9 -99.9 -99.9 -99.9 -99.9 -99.9 -99.9 -99.9 -99.9 -99.9 -99.9 -99.9 -99.9 -99.9
-99.9 -99.9 -99.9 -99.9 -99.9 -99.9 25.974723815918 24.5661468505859 12.0559177398682 15.6132354736328 18.8568172454834 19.0218238830566 5.77983283996582 5.51296138763428 4.46172952651978 2.86709809303284 2.24357175827026 2.80104398727417 4.24941682815552 4.08836030960083 3.87153267860413 4.58638286590576 9.36594200134277 12.8505096435547 49.3908576965332 59.6512794494629 56.9851531982422 52.3586196899414 59.5263977050781 55.2790832519531 56.5826377868652 61.0611839294434 60.7718734741211 64.8191986083984 62.2065582275391 61.6924209594727 62.0307502746582 67.1817016601562 64.099983215332 65.033576965332 58.715160369873 44.2488746643066 23.2356510162354 20.001537322998 19.6607990264893 25.9199886322021 27.528076171875 32.1380844116211 36.9580116271973 28.5960311889648 30.0833988189697 -99.9 -99.9 -99.9 -99.9 -99.9 -99.9 -99.9
-99.9 -99.9 -99.9 -99.9 17.1992797851562 16.0245761871338 19.8340492248535 18.1156902313232 19.9959049224854 0.982083439826965 2.21390056610107 5.45452260971069 2.21150922775269 4.10296440124512 4.85889339447021 5.40214252471924 7.35708808898926 7.38766622543335 11.1244277954102 8.46769428253174 4.97573375701904 2.66650009155273 3.24379086494446 8.51070690155029 29.158821105957 49.3244132995605 58.3169212341309 61.6581230163574 60.0088119506836 59.1264228820801 58.2353782653809 62.3353157043457 62.9787788391113 58.6043663024902 63.0299797058105 59.0369644165039 62.5918617248535 65.3113021850586 61.5719909667969 65.5662689208984 62.0020713806152 43.7765808105469 39.9386863708496 29.3771743774414 20.8004055023193 25.364086151123 32.9247779846191 29.9775333404541 34.1736526489258 33.3703804016113 -99.9 -99.9 -99.9 -99.9 -99.9 -99.9 -99.9 -99.9
-99.9 -99.9 27.4103622436523 20.1137561798096 11.9378709793091 13.2451076507568 22.5360927581787 11.3495445251465 0.59374612569809 0.663920521736145 1.28340899944305 1.96299850940704 2.94319128990173 5.89423990249634 7.43218564987183 7.75209379196167 7.8633451461792 4.8020191192627 9.86826229095459 8.47256183624268 6.24457120895386 4.6093921661377 2.74566531181335 2.56701254844666 4.77752113342285 21.7820625305176 38.3304710388184 49.8636474609375 61.6470718383789 52.3904991149902 58.6281204223633 57.5361251831055 62.0332527160645 64.6230239868164 65.0397720336914 62.9070243835449 64.3687591552734 64.6106109619141 69.3331832885742 66.2397003173828 66.8839492797852 67.3057403564453 51.3836669921875 53.1491622924805 41.2834358215332 21.7229347229004 22.4514560699463 40.1712989807129 35.7748718261719 34.8727951049805 -99.9 -99.9 -99.9 -99.9 -99.9 -99.9 -99.9 -99.9
-99.9 0.100681863725185 4.2833456993103 7.5461311340332 10.5440835952759 15.3072509765625 18.0591735839844 16.3657741546631 0.489660739898682 0.4986472427845 0.835383176803589 1.59584772586823 3.53382682800293 4.78042411804199 5.12518119812012 5.38684892654419 5.65228462219238 5.04843997955322 6.61534833908081 8.49263191223145 6.3686466217041 7.11996412277222 4.11268520355225 1.96832513809204 1.9589536190033 2.55372548103333 12.1149225234985 28.4566230773926 28.7002201080322 49.1977615356445 55.5425834655762 57.892219543457 58.9444046020508 63.0559539794922 67.4469375610352 64.5138854980469 64.4463577270508 73.5843353271484 73.9580383300781 71.4184265136719 63.4854164123535 68.0529632568359 64.4399108886719 45.3468284606934 43.1093101501465 40.6572723388672 34.2113227844238 30.9315738677979 37.1513557434082 -99.9 -99.9 -99.9 -99.9 -99.9 -99.9 -99.9 -99.9 -99.9
0.407319754362106 0.158663913607597 0.11389547586441 6.78623580932617 15.0491762161255 10.7764492034912 15.2929449081421 0.376588821411133 0.385575354099274 0.394561856985092 0.474901139736176 1.15824711322784 1.9823077917099 2.50482583045959 2.8567054271698 3.97946262359619 4.53255939483643 5.07160949707031 6.16506862640381 5.96004724502563 6.53107833862305 6.62202405929565 5.36493825912476 2.96649980545044 1.87614905834198 1.87111270427704 7.33714532852173 8.14297485351562 7.76242542266846 8.35970306396484 29.094669342041 50.072811126709 34.2990646362305 44.8159408569336 62.5483016967773 74.7923278808594 76.7678909301758 78.6279602050781 77.9594039916992 72.9580383300781 77.1124572753906 74.1886672973633 70.2731170654297 70.6336059570312 61.356372833252 43.1257476806641 43.6398887634277 27.4581813812256 32.9525566101074 40.7569961547852 29.7035942077637 32.5104789733887 -99.9 -99.9 -99.9 -99.9 -99.9 -99.9
0.145733967423439 0.140574932098389 0.128274485468864 0.231575176119804 0.299191772937775 0.283213704824448 0.275689423084259 0.2710842192173 0.279966980218887 0.289512604475021 0.298958778381348 0.781663656234741 2.15736055374146 2.95836544036865 1.89949858188629 3.21213150024414 3.86647844314575 3.9712061882019 4.59573030471802 6.25496673583984 5.94354104995728 7.711350440979 6.54663848876953 4.25139713287354 2.68873739242554 1.79841327667236 1.92131304740906 2.13309764862061 2.25456690788269 2.59648680686951 3.64471983909607 10.8929748535156 21.3531513214111 31.870023727417 48.2389793395996 73.2400588989258 81.8115158081055 83.6715927124023 81.7262191772461 74.9663848876953 79.2633972167969 71.8412933349609 78.5654296875 76.150016784668 77.2817611694336 47.4718246459961 42.2313194274902 36.8825836181641 28.8740100860596 -99.9 29.4614658355713 -99.9 -99.9 -99.9 -99.9 -99.9 -99.9 -99.9
0.174002036452293 0.123197846114635 0.097371831536293 0.243172347545624 0.300646007061005 0.233717575669289 0.268974959850311 0.253771632909775 0.212332665920258 0.189991280436516 0.212057933211327 0.88325834274292 2.52092099189758 2.58534002304077 2.2125186920166 4.17081689834595 5.36712598800659 4.17491292953491 7.19011402130127 7.21002197265625 6.68335437774658 8.56180858612061 8.09732437133789 7.01317071914673 6.00488138198853 3.35334038734436 3.02594137191772 2.6573281288147 3.45115971565247 3.4740514755249 3.30906176567078 3.66366410255432 8.80183601379395 18.9241104125977 33.7024078369141 59.8693656921387 83.085319519043 88.715217590332 85.1858901977539 77.4529647827148 72.1813125610352 76.4376220703125 35.2661437988281 73.1190032958984 71.5529251098633 55.188549041748 40.8784027099609 28.4362087249756 25.5278911590576 -99.9 -99.9 -99.9 -99.9 -99.9 -99.9 -99.9 -99.9 -99.9
0.251047164201736 0.156954780220985 0.0629306435585022 0.135142058134079 0.196308299899101 0.196899309754372 0.213549539446831 0.260800421237946 0.262183964252472 0.220401376485825 0.538111925125122 0.862703442573547 1.61481165885925 1.97739946842194 1.93337762355804 2.24375104904175 3.14855051040649 2.54962635040283 3.92505478858948 4.53386735916138 4.97680234909058 9.27863693237305 11.2395515441895 11.2070999145508 8.97292804718018 3.88682866096497 3.72577738761902 4.39003229141235 4.4190149307251 4.23056554794312 4.04211616516113 4.00354957580566 4.16587495803833 7.21641159057617 19.328971862793 44.8374862670898 71.6167678833008 91.78466796875 88.5913848876953 80.4163970947266 66.0127868652344 77.6167984008789 70.6507034301758 71.102409362793 42.5171737670898 68.3703536987305 46.1192054748535 37.4456214904785 32.7450294494629 -99.9 -99.9 -99.9 -99.9 -99.9 -99.9 -99.9 -99.9 -99.9
0.279235243797302 0.236008375883102 0.120876789093018 0.102349303662777 0.218323290348053 0.473153233528137 0.472862213850021 0.209712713956833 0.409153044223785 0.925699651241302 2.14618587493896 4.92557144165039 4.00891494750977 2.61087775230408 1.04578673839569 1.39397871494293 1.36374723911285 1.74389588832855 2.06978869438171 3.20697021484375 3.84347438812256 7.75680065155029 9.59098815917969 12.9430599212646 9.15467643737793 5.95785808563232 4.63328218460083 5.22586107254028 5.14381170272827 4.98707962036133 4.7986307144165 4.65738916397095 4.76445198059082 4.90928649902344 7.43418407440186 25.3672904968262 50.4539566040039 75.3489685058594 88.041389465332 80.7263107299805 69.6391220092773 69.8169097900391 80.3842239379883 80.3332214355469 75.3561935424805 69.66748046875 65.4813842773438 38.5593147277832 36.3574600219727 29.4906673431396 -99.9 -99.9 -99.9 -99.9 -99.9 -99.9 -99.9 -99.9
0.407903343439102 0.413617700338364 0.533203840255737 0.15094693005085 -99.9 -99.9 0.665772795677185 0.297511756420135 0.89628392457962 1.36817169189453 1.70610237121582 2.60944294929504 3.56841850280762 4.14495801925659 2.37671065330505 4.12348365783691 3.14063024520874 3.82262444496155 4.07587957382202 9.99282360076904 13.4944648742676 12.4988231658936 12.4924287796021 15.8046970367432 13.6309309005737 7.27652359008789 3.38565802574158 5.03733158111572 5.51349973678589 5.51914215087891 5.47810459136963 5.36228847503662 5.32038116455078 4.69461059570312 5.29724073410034 8.51862907409668 19.1389999389648 43.6882286071777 69.4649124145508 78.4706115722656 66.1411666870117 77.635009765625 82.404914855957 80.8185653686523 71.0201873779297 68.6285934448242 47.9544982910156 49.4111518859863 36.2152671813965 29.3857135772705 -99.9 -99.9 -99.9 -99.9 -99.9 -99.9 -99.9 -99.9
0.406880766153336 0.246021762490273 0.192102149128914 -99.9 -99.9 0.320534408092499 0.435130089521408 1.8658105134964 1.90693354606628 0.94821310043335 0.460811644792557 0.356081664562225 1.66781115531921 3.64010548591614 3.9883873462677 4.06662273406982 5.50974130630493 3.92937231063843 6.80033779144287 14.2019424438477 15.272801399231 16.2204856872559 15.7264776229858 20.5203857421875 29.41526222229 25.9429454803467 11.5997648239136 4.94879531860352 6.76991367340088 8.75963401794434 10.934853553772 8.82734203338623 4.63118314743042 3.31027340888977 5.47163772583008 9.67552661895752 13.38316822052 30.4500427246094 49.0273475646973 64.3902816772461 73.5238418579102 59.4583053588867 79.6221237182617 71.0055999755859 69.5071716308594 71.2420349121094 63.8479080200195 65.9170913696289 48.0649375915527 30.0205478668213 27.3557224273682 -99.9 -99.9 -99.9 -99.9 -99.9 -99.9 -99.9
-99.9 -99.9 -99.9 -99.9 6.11735057830811 4.18805360794067 3.15276336669922 9.08914947509766 2.90679693222046 0.656999170780182 1.51995301246643 1.21431112289429 1.62325298786163 2.59811162948608 4.92622756958008 6.23097848892212 5.42029094696045 3.6351580619812 8.15505027770996 8.51494026184082 10.4749584197998 8.97362041473389 8.47861194610596 4.0146918296814 7.25086116790771 12.2812671661377 7.26117610931396 6.75503253936768 23.9788455963135 25.8115291595459 17.7350578308105 8.77779293060303 3.15622544288635 2.34025979042053 5.22800350189209 7.73254537582397 9.43622016906738 12.3071146011353 21.5082874298096 35.9680328369141 71.3476867675781 81.7836456298828 73.4075622558594 81.7966995239258 70.3505325317383 66.3799438476562 70.9076843261719 57.6434631347656 59.3878326416016 41.7559928894043 -99.9 -99.9 -99.9 -99.9 -99.9 -99.9 -99.9 -99.9
-99.9 -99.9 -99.9 -99.9 10.5111331939697 5.28406238555908 2.10953044891357 3.06646776199341 1.87788069248199 1.2234753370285 1.79859948158264 1.90821897983551 3.1243588924408 4.86911344528198 8.36210250854492 6.62058877944946 2.50745534896851 6.23769950866699 7.25006103515625 15.8245267868042 36.4285049438477 28.6560859680176 27.6189365386963 14.9618244171143 3.09185791015625 1.1162782907486 1.16547667980194 1.01442444324493 14.5134019851685 20.0035648345947 14.1025438308716 6.64545917510986 1.929802775383 1.58640027046204 2.11430764198303 3.10470032691956 4.5801305770874 6.28868389129639 7.99723720550537 12.20263671875 69.3525085449219 83.5815658569336 92.2743301391602 95.296257019043 89.2165756225586 73.5185775756836 76.0820159912109 60.5395126342773 49.0721817016602 46.7629814147949 37.9019355773926 -99.9 -99.9 -99.9 -99.9 -99.9 -99.9 -99.9
-99.9 -99.9 -99.9 5.12465715408325 5.6564245223999 2.33356165885925 2.1225426197052 2.30294871330261 1.13973784446716 1.56609702110291 2.99429249763489 4.24309825897217 8.81944561004639 11.850245475769 12.8549137115479 5.88626194000244 7.77597951889038 17.7747135162354 21.5031776428223 41.9349098205566 49.894645690918 28.5597171783447 17.4431648254395 12.0566854476929 2.65751171112061 0.809176385402679 0.650220334529877 0.445573717355728 5.46984195709229 8.90813827514648 5.89971208572388 3.70728659629822 3.52945065498352 4.359938621521 5.22341823577881 5.74662923812866 6.15484285354614 7.85702800750732 13.5170230865479 33.5865516662598 74.4825897216797 81.1215286254883 88.0668487548828 94.5683288574219 86.6325836181641 77.0307922363281 63.1221656799316 53.8300285339355 54.1231460571289 43.4858245849609 47.4639129638672 -99.9 -99.9 -99.9 -99.9 -99.9 -99.9 -99.9
-99.9 -99.9 -99.9 1.64875960350037 4.81820774078369 7.40636539459229 1.62602818012238 3.57912945747375 4.33509874343872 3.80461096763611 2.75239968299866 3.56818127632141 12.1230592727661 22.8738670349121 9.34421634674072 4.46332216262817 13.0516633987427 17.9775543212891 17.3865432739258 12.3714046478271 24.264720916748 23.4268188476562 7.79960918426514 2.38307285308838 0.939455211162567 0.771427154541016 0.816185712814331 1.2409930229187 4.32592868804932 8.53025817871094 7.37558698654175 5.98868417739868 5.88381910324097 6.58399105072021 7.2841625213623 8.37696933746338 9.70023059844971 19.1203517913818 40.8591766357422 62.7363052368164 67.4345779418945 71.4943923950195 85.2105941772461 94.4495697021484 86.986572265625 76.4710006713867 62.7761573791504 57.0155792236328 73.1368713378906 46.3542442321777 49.5352516174316 30.9074325561523 -99.9 44.2588386535645 -99.9 -99.9 -99.9 -99.9
6.02010059356689 -99.9 3.18852353096008 1.51492369174957 2.53342461585999 3.57041382789612 4.35735368728638 3.61358571052551 5.46801662445068 4.05490159988403 3.32055068016052 6.02098560333252 15.3286476135254 27.2998847961426 14.2617988586426 2.788250207901 3.75703477859497 9.80182266235352 3.53230309486389 3.94937682151794 8.88272380828857 11.7233486175537 3.15927195549011 0.444318473339081 0.927880465984344 0.754977345466614 0.526568949222565 0.584317862987518 4.10803127288818 8.89060306549072 9.75047969818115 8.36340236663818 8.25801467895508 8.95818614959717 9.65835857391357 9.87086772918701 8.91784381866455 19.8844718933105 44.0156288146973 66.8389129638672 59.3848419189453 66.954719543457 83.3908538818359 94.3032608032227 87.0257568359375 75.8284378051758 62.6551628112793 60.6338806152344 64.0828475952148 45.3831253051758 58.6574974060059 38.7860298156738 -99.9 -99.9 21.2689266204834 -99.9 -99.9 -99.9
0.325971513986588 -99.9 0.659217178821564 1.79367434978485 2.44054913520813 4.9186577796936 4.41747426986694 5.77599096298218 4.72882175445557 2.24842357635498 3.98386812210083 4.61593341827393 11.7499952316284 21.0421085357666 18.4982147216797 3.2908980846405 4.37676239013672 8.88353061676025 9.72554302215576 7.02011156082153 8.85660457611084 4.21688747406006 4.4016489982605 1.15092957019806 1.24960815906525 1.03550481796265 0.811019420623779 0.94639378786087 3.31748580932617 7.62365055084229 11.3948345184326 10.6362724304199 10.632209777832 11.1652116775513 10.6534366607666 9.30981636047363 7.90674209594727 13.8257637023926 37.1647872924805 54.2954597473145 61.9604797363281 66.1014938354492 81.5711059570312 93.9176254272461 86.6927947998047 75.1138153076172 63.3626823425293 64.2521896362305 68.5037384033203 48.7193412780762 42.0423431396484 39.0482330322266 44.9790115356445 -99.9 -99.9 -99.9 -99.9 -99.9
0.0439456216990948 0.077024519443512 0.344229727983475 0.554614305496216 1.38360464572906 2.47454142570496 2.73628306388855 7.04856538772583 6.98949480056763 4.48866748809814 11.0443782806396 11.6887559890747 22.8548336029053 20.8170585632324 10.2900218963623 10.3861122131348 18.9776878356934 15.7941083908081 10.6817102432251 8.03236103057861 10.6761980056763 4.27760934829712 0.95067435503006 2.16155743598938 3.25455641746521 1.91235399246216 1.78481888771057 1.83681356906891 3.91480302810669 7.37125825881958 11.1947469711304 12.8608112335205 12.2577638626099 11.1048641204834 9.70178985595703 8.29871463775635 6.89564037322998 8.77717208862305 17.9269905090332 31.1318054199219 76.860221862793 78.3815841674805 82.3138580322266 93.1777877807617 86.0350189208984 74.3834762573242 64.8809661865234 67.870491027832 72.4917907714844 73.5243301391602 45.9281539916992 41.4097137451172 -99.9 -99.9 -99.9 -99.9 -99.9 -99.9
0.0716701820492744 0.0583916455507278 0.180374160408974 1.26100516319275 1.77803349494934 1.82401823997498 3.5525369644165 8.91453647613525 6.08625888824463 8.33707046508789 14.6912431716919 15.7997245788574 25.8319034576416 24.8596458435059 19.8829021453857 23.9503231048584 26.6895503997803 16.0835475921631 13.4175310134888 12.9838914871216 4.71583986282349 2.45153045654297 1.3583949804306 2.65972757339478 4.84253740310669 8.68845081329346 12.8705005645752 6.06285953521729 5.11765432357788 8.38104343414307 12.1120071411133 13.3227252960205 10.9266767501831 9.40920257568359 8.00047302246094 6.59174299240112 5.24238014221191 8.41305351257324 23.3560810089111 39.5513076782227 80.5819931030273 86.6468200683594 90.0896301269531 88.4523162841797 78.1391754150391 68.2991714477539 66.7000274658203 71.1843643188477 75.9340896606445 79.1631011962891 77.3151779174805 74.1836242675781 42.6990547180176 -99.9 -99.9 -99.9 -99.9 -99.9
0.178087055683136 0.0570282936096191 0.179267674684525 1.06524872779846 1.15072476863861 2.90188336372375 7.77598476409912 7.3385648727417 7.73904037475586 8.56581687927246 24.5010051727295 26.1977615356445 32.9630432128906 31.7264995574951 15.9421272277832 29.4928112030029 28.4835166931152 24.1394748687744 14.7845821380615 7.05380630493164 2.71462607383728 1.23502838611603 0.841130375862122 2.29600739479065 5.20771455764771 10.1296873092651 15.9224424362183 17.1157550811768 8.25850105285645 10.8525457382202 15.3821125030518 13.6463947296143 10.6160764694214 7.31485652923584 5.56163120269775 4.1529016494751 6.76707410812378 17.0514945983887 21.6946144104004 52.2191619873047 80.4142990112305 79.1864471435547 70.2655181884766 61.447265625 59.1929244995117 63.8549766540527 68.8998794555664 73.7459259033203 80.022575378418 86.1048126220703 84.9755935668945 45.3495788574219 30.0108680725098 36.1632499694824 -99.9 -99.9 -99.9 -99.9
