fish_book/data/sediment/Wilson_et_al_2017_data_files_asc/OrbitalVelMax.asc
NCOLS 200
NROWS 150
XLLCORNER -16
YLLCORNER 44
CELLSIZE 0.125
NODATA_VALUE -99.9
[rows 78 to 103 of 150, columns 57 to 113 of 200]
-99.9 -99.9 -99.9 -99.9 -99.9 -99.9 -99.9 -99.9 -99.9 -99.9 -99.9 -99.9 -99.9 -99.9 -99.9 -99.9 -99.9 -99.9 -99.9 -99.9 -99.9 -99.9 -99.9 0.622421622276306 0.302262216806412 0.232353702187538 0.0967926979064941 0.0914268419146538 0.0620021596550941 0.0349574647843838 0.0514176040887833 0.0967926979064941 0.122081764042377 0.302489846944809 -99.9 -99.9 -99.9 -99.9 -99.9 -99.9 -99.9 -99.9 -99.9 -99.9 -99.9 -99.9 -99.9 -99.9 -99.9 -99.9 -99.9 -99.9 -99.9 -99.9 -99.9 -99.9 -99.9
-99.9 -99.9 -99.9 -99.9 -99.9 -99.9 -99.9 -99.9 -99.9 -99.9 -99.9 -99.9 -99.9 -99.9 -99.9 -99.9 -99.9 -99.9 -99.9 -99.9 -99.9 -99.9 0.461112558841705 0.623468577861786 0.180432394146919 0.108616694808006 0.125733494758606 0.073061890900135 0.0751133039593697 0.0487809702754021 0.0794134736061096 0.0996073260903358 0.145929723978043 -99.9 -99.9 0.672265589237213 0.708571672439575 1.17648732662201 -99.9 -99.9 -99.9 -99.9 -99.9 -99.9 -99.9 -99.9 -99.9 -99.9 -99.9 -99.9 -99.9 -99.9 -99.9 -99.9 -99.9 -99.9 -99.9
-99.9 -99.9 -99.9 -99.9 -99.9 -99.9 -99.9 -99.9 -99.9 -99.9 -99.9 -99.9 -99.9 -99.9 -99.9 -99.9 -99.9 -99.9 -99.9 -99.9 -99.9 -99.9 0.321897238492966 0.226267322897911 0.150420531630516 0.115129090845585 0.10251396894455 0.094066895544529 0.0816668346524239 0.0587456077337265 0.0542169585824013 0.0428351201117039 0.164727970957756 0.282775670289993 0.282775670289993 0.60899943113327 0.901402711868286 0.770048081874847 -99.9 -99.9 -99.9 -99.9 -99.9 -99.9 -99.9 -99.9 -99.9 -99.9 -99.9 -99.9 -99.9 -99.9 -99.9 -99.9 -99.9 -99.9 -99.9
-99.9 -99.9 -99.9 -99.9 -99.9 -99.9 -99.9 -99.9 -99.9 -99.9 -99.9 -99.9 -99.9 -99.9 -99.9 -99.9 -99.9 -99.9 -99.9 -99.9 -99.9 -99.9 0.30381777882576 0.159718215465546 0.120796650648117 0.0863923132419586 0.105515941977501 0.0996073260903358 0.0417474135756493 0.0556810982525349 0.0816668346524239 0.11964650452137 0.159251675009727 0.221023947000504 0.335034996271133 0.489052206277847 0.714910387992859 0.69201922416687 -99.9 -99.9 -99.9 -99.9 -99.9 -99.9 -99.9 -99.9 -99.9 -99.9 -99.9 -99.9 -99.9 -99.9 -99.9 -99.9 -99.9 -99.9 -99.9
-99.9 -99.9 -99.9 -99.9 -99.9 -99.9 -99.9 -99.9 -99.9 -99.9 -99.9 -99.9 -99.9 -99.9 -99.9 -99.9 -99.9 -99.9 -99.9 -99.9 -99.9 0.679475486278534 0.190824955701828 0.144582077860832 0.135168328881264 0.135452285408974 0.0793085917830467 0.0564321912825108 0.0883248746395111 0.085967592895031 0.107006601989269 0.126587405800819 0.170622408390045 0.257962733507156 0.314086586236954 0.466247767210007 0.54911071062088 1.07574868202209 -99.9 -99.9 -99.9 -99.9 -99.9 -99.9 -99.9 -99.9 -99.9 -99.9 -99.9 -99.9 -99.9 -99.9 -99.9 -99.9 -99.9 -99.9 -99.9
-99.9 -99.9 -99.9 -99.9 -99.9 -99.9 -99.9 -99.9 -99.9 -99.9 -99.9 -99.9 -99.9 -99.9 -99.9 -99.9 -99.9 -99.9 -99.9 -99.9 0.747912168502808 0.430648535490036 0.211493328213692 0.122411109507084 0.126495182514191 0.101734757423401 0.0861886441707611 0.0861886441707611 0.0876241400837898 0.105426251888275 0.145142123103142 0.165892690420151 0.214584082365036 0.347918212413788 0.347918212413788 0.52631413936615 0.48502853512764 -99.9 -99.9 -99.9 -99.9 -99.9 -99.9 -99.9 -99.9 -99.9 -99.9 -99.9 -99.9 -99.9 -99.9 -99.9 -99.9 -99.9 -99.9 -99.9 -99.9
-99.9 -99.9 -99.9 -99.9 -99.9 -99.9 -99.9 -99.9 -99.9 -99.9 -99.9 -99.9 -99.9 -99.9 -99.9 -99.9 -99.9 0.649640381336212 -99.9 -99.9 0.379381686449051 0.168996348977089 0.142154321074486 0.111066751182079 0.109298638999462 0.0953206792473793 0.0833987221121788 0.0794070512056351 0.103640034794807 0.130844607949257 0.175506502389908 0.227560043334961 0.275190681219101 0.314086586236954 -99.9 -99.9 -99.9 -99.9 -99.9 -99.9 -99.9 -99.9 -99.9 -99.9 -99.9 -99.9 -99.9 -99.9 -99.9 -99.9 -99.9 -99.9 -99.9 -99.9 -99.9 -99.9 -99.9
-99.9 -99.9 -99.9 -99.9 -99.9 -99.9 -99.9 -99.9 -99.9 -99.9 -99.9 0.395737081766129 0.300688683986664 0.291774332523346 0.31760174036026 0.346583217382431 0.300066709518433 0.26139372587204 0.217063471674919 0.227528810501099 0.166295722126961 0.136295735836029 0.124255709350109 0.0996631532907486 0.0941340997815132 0.0889273211359978 0.0681211650371552 0.106339126825333 0.134900197386742 0.181051775813103 0.186020314693451 0.34780889749527 -99.9 -99.9 -99.9 -99.9 -99.9 -99.9 -99.9 -99.9 -99.9 -99.9 -99.9 -99.9 -99.9 -99.9 -99.9 -99.9 -99.9 -99.9 -99.9 -99.9 -99.9 -99.9 -99.9 -99.9 -99.9
-99.9 -99.9 -99.9 -99.9 -99.9 -99.9 -99.9 -99.9 -99.9 -99.9 0.44388547539711 0.306570529937744 0.25649756193161 0.166031703352928 0.168996348977089 0.190824955701828 0.168996348977089 0.181375205516815 0.222808122634888 0.179803490638733 0.173954471945763 0.121026232838631 0.0985646173357964 0.0909930169582367 0.0892770513892174 0.0916977673768997 0.117569416761398 0.121066182851791 0.241992577910423 -99.9 -99.9 -99.9 -99.9 -99.9 -99.9 -99.9 -99.9 -99.9 -99.9 -99.9 -99.9 -99.9 -99.9 -99.9 -99.9 -99.9 -99.9 -99.9 -99.9 -99.9 -99.9 -99.9 -99.9 -99.9 -99.9 -99.9 -99.9
-99.9 -99.9 -99.9 -99.9 -99.9 -99.9 -99.9 0.865756392478943 0.525042533874512 0.375813126564026 0.309493124485016 0.256802976131439 0.207275047898293 0.147061958909035 0.147061958909035 0.147061958909035 0.147061958909035 0.152184814214706 0.160304501652718 0.198515728116035 0.191420957446098 0.119134984910488 0.104285694658756 0.0995409935712814 0.0936517789959908 0.117546372115612 0.222251072525978 0.256148010492325 0.248200073838234 0.413260966539383 -99.9 -99.9 -99.9 -99.9 -99.9 -99.9 -99.9 -99.9 -99.9 -99.9 -99.9 -99.9 -99.9 -99.9 -99.9 -99.9 -99.9 -99.9 -99.9 -99.9 -99.9 -99.9 -99.9 -99.9 -99.9 -99.9 -99.9
-99.9 -99.9 -99.9 -99.9 0.801599025726318 0.583497941493988 0.451900541782379 0.405261367559433 0.363494843244553 0.331012070178986 0.287789314985275 0.26678454875946 0.230379298329353 0.139777109026909 0.144582077860832 0.147061958909035 0.152184814214706 0.157537266612053 0.152184814214706 0.19114163517952 0.190389677882195 0.138775750994682 0.115815483033657 0.113837748765945 0.100499778985977 0.172154039144516 0.238399282097816 0.237980559468269 0.272775918245316 -99.9 -99.9 -99.9 -99.9 -99.9 0.9961918592453 1.07574868202209 -99.9 -99.9 -99.9 -99.9 -99.9 -99.9 -99.9 -99.9 -99.9 -99.9 -99.9 -99.9 -99.9 -99.9 -99.9 -99.9 -99.9 -99.9 -99.9 -99.9 -99.9
0.903268694877625 0.735835492610931 0.541848659515381 0.529309749603271 0.440351873636246 0.38217169046402 0.386632531881332 0.382901906967163 0.353154271841049 0.339533418416977 0.327385723590851 0.311218738555908 0.27444115281105 0.139777109026909 0.142154321074486 0.149595618247986 0.149595618247986 0.139777109026909 0.130744457244873 0.182052314281464 0.179933950304985 0.137948781251907 0.14291287958622 0.140554711222649 0.175417467951775 0.215757489204407 0.2500019967556 0.284744143486023 0.262131571769714 0.311283797025681 0.319146871566772 0.343222081661224 0.503503084182739 0.402801245450974 0.533842504024506 0.656436264514923 -99.9 -99.9 -99.9 1.35532534122467 -99.9 -99.9 -99.9 -99.9 -99.9 -99.9 -99.9 -99.9 -99.9 -99.9 -99.9 -99.9 -99.9 -99.9 -99.9 -99.9 -99.9
0.420177727937698 0.413905024528503 0.431998014450073 0.406070649623871 0.410297304391861 0.380178153514862 0.386380851268768 0.382650762796402 0.378926277160645 0.389574766159058 0.412056267261505 0.395043015480042 0.423934996128082 0.436273038387299 0.241659671068192 0.231718972325325 0.222314670681953 0.225392654538155 0.238283574581146 0.157734394073486 0.174097761511803 0.171496450901031 0.177464425563812 0.188392624258995 0.222564771771431 0.237416341900826 0.250206232070923 0.252827823162079 0.259805262088776 0.269286394119263 0.290722697973251 0.290382236242294 0.408733725547791 0.546452403068542 0.606274008750916 0.606274008750916 0.619624197483063 0.678776204586029 0.730485439300537 0.825439453125 0.969587087631226 1.3775976896286 -99.9 -99.9 -99.9 -99.9 1.30421662330627 1.28502988815308 -99.9 -99.9 -99.9 -99.9 -99.9 -99.9 -99.9 -99.9 -99.9
0.384376704692841 0.345532953739166 0.330844640731812 0.339827954769135 0.339827954769135 0.335299521684647 0.353872269392014 0.335299521684647 0.35871297121048 0.353872269392014 0.339827954769135 0.363636553287506 0.339827954769135 0.31282514333725 0.337029695510864 0.349192798137665 0.364832729101181 0.359523683786392 0.329611837863922 0.199646353721619 0.205009385943413 0.190287455916405 0.213950157165527 0.232526198029518 0.250087946653366 0.259057909250259 0.270239442586899 0.278766006231308 0.27781155705452 0.276820749044418 0.285923063755035 0.312545478343964 0.363777309656143 0.452523738145828 0.525274991989136 0.535689413547516 0.606274008750916 0.678776204586029 0.606274008750916 0.673754751682281 0.559617221355438 0.678373336791992 0.66414487361908 0.735612034797668 0.874657988548279 0.927894413471222 1.94870388507843 -99.9 -99.9 -99.9 -99.9 -99.9 -99.9 -99.9 -99.9 -99.9 -99.9
0.338252574205399 0.320468485355377 0.31282514333725 0.330844640731812 0.326946407556534 0.335299521684647 0.306069374084473 0.323336899280548 0.316277503967285 0.349112510681152 0.35871297121048 0.378926277160645 0.389574766159058 0.363636553287506 0.337029695510864 0.306984215974808 0.311355859041214 0.302685976028442 0.274519890546799 0.277386039495468 0.230136692523956 0.221690401434898 0.242512717843056 0.259580045938492 0.282009273767471 0.294569104909897 0.298135101795197 0.296893239021301 0.310671180486679 0.314659237861633 0.335694938898087 0.352717816829681 0.39876788854599 0.619624197483063 0.477822214365005 0.515190482139587 0.593424916267395 -99.9 -99.9 -99.9 -99.9 -99.9 -99.9 -99.9 -99.9 -99.9 -99.9 -99.9 -99.9 -99.9 -99.9 -99.9 -99.9 -99.9 -99.9 -99.9 -99.9
0.33197420835495 0.326837420463562 0.32460230588913 0.341212660074234 0.307486236095428 0.322968661785126 0.336231082677841 0.378704428672791 0.329352408647537 0.299648761749268 0.294998824596405 0.278226405382156 0.271037727594376 0.30039381980896 0.321605920791626 0.267149329185486 0.262882739305496 0.285289585590363 0.300328284502029 0.311971306800842 0.288123935461044 0.264148473739624 0.273987144231796 0.284798145294189 0.314485460519791 0.313047617673874 0.306857526302338 0.314807295799255 0.323083490133286 0.342460572719574 0.357785850763321 0.38066565990448 0.406147122383118 0.460721343755722 0.535689413547516 0.769372940063477 1.051429271698 -99.9 -99.9 -99.9 -99.9 -99.9 -99.9 -99.9 -99.9 -99.9 -99.9 -99.9 -99.9 -99.9 -99.9 -99.9 -99.9 -99.9 -99.9 -99.9 -99.9
0.306202262639999 0.322775393724442 0.31614077091217 0.316253066062927 0.323246687650681 0.326956927776337 0.320083677768707 0.300088316202164 0.306898683309555 0.281845450401306 0.256470948457718 0.261943995952606 0.28534522652626 0.311230689287186 0.29225480556488 0.301663666963577 0.324789464473724 0.340623319149017 0.314756363630295 0.299163907766342 0.299968838691711 0.321161925792694 0.314905732870102 0.299945831298828 0.3300940990448 0.338149607181549 0.312151700258255 0.339366048574448 0.358786255121231 0.374004632234573 0.39682736992836 0.444535344839096 0.475532442331314 0.679531455039978 -99.9 -99.9 -99.9 -99.9 -99.9 -99.9 -99.9 -99.9 -99.9 -99.9 -99.9 -99.9 -99.9 -99.9 -99.9 -99.9 -99.9 -99.9 -99.9 -99.9 -99.9 -99.9 -99.9
0.337329477071762 0.300957083702087 0.298033863306046 0.317544758319855 0.324700355529785 0.298523724079132 0.301870405673981 0.30533355474472 0.329296350479126 0.299423962831497 0.296222060918808 0.328952610492706 0.334756255149841 0.305790990591049 0.29873052239418 0.287891149520874 0.304940819740295 0.306072592735291 0.320326715707779 0.312767148017883 0.300518184900284 0.326018363237381 0.319165825843811 0.316778123378754 0.338312685489655 0.356693297624588 0.359657049179077 0.368388712406158 0.383653581142426 0.400137394666672 0.42520147562027 0.453287184238434 0.485142081975937 0.621585845947266 -99.9 -99.9 -99.9 -99.9 -99.9 -99.9 -99.9 -99.9 -99.9 -99.9 -99.9 -99.9 -99.9 -99.9 -99.9 -99.9 -99.9 -99.9 -99.9 -99.9 -99.9 -99.9 -99.9
0.301623702049255 0.305071651935577 0.293146997690201 0.299536436796188 0.312636911869049 0.303344249725342 0.288274824619293 0.314752668142319 0.291997492313385 0.326395988464355 0.298644453287125 0.311245501041412 0.279096484184265 0.281725853681564 0.326497346162796 0.336538225412369 0.310940891504288 0.311762064695358 0.312617748975754 0.304919630289078 0.318366706371307 0.321570336818695 0.337749391794205 0.339633971452713 0.341584593057632 0.370784491300583 0.385324329137802 0.407574146986008 0.41115602850914 0.436602711677551 0.456975519657135 0.497783362865448 0.581202566623688 -99.9 -99.9 -99.9 -99.9 -99.9 -99.9 -99.9 -99.9 -99.9 -99.9 -99.9 -99.9 -99.9 -99.9 -99.9 -99.9 -99.9 -99.9 -99.9 -99.9 -99.9 -99.9 -99.9 0.860830128192902
0.290529638528824 0.325561732053757 0.336662977933884 0.300863564014435 0.280612081289291 0.501461207866669 0.316577017307281 0.303061723709106 0.297392159700394 0.302094131708145 0.306286662817001 0.306602984666824 0.323531657457352 0.311387181282043 0.30768084526062 0.270006954669952 0.308492362499237 0.270067542791367 0.322451114654541 0.318596690893173 0.323299944400787 0.355620235204697 0.342192739248276 0.353788584470749 0.383376687765121 0.410663396120071 0.434337139129639 0.445365816354752 0.473503857851028 0.514927983283997 0.790757298469543 -99.9 -99.9 -99.9 -99.9 -99.9 -99.9 -99.9 -99.9 -99.9 -99.9 -99.9 -99.9 1.09482645988464 0.881879091262817 0.63567453622818 0.601747572422028 0.570878684520721 0.542625725269318 0.558382034301758 0.567077279090881 -99.9 0.569293200969696 0.557759463787079 -99.9 0.50515478849411 0.480463296175003
0.282857805490494 0.297886520624161 0.286748856306076 0.4753258228302 0.319758653640747 0.294335633516312 0.286066144704819 0.28086057305336 0.313069522380829 0.322081178426743 0.326349496841431 0.357957184314728 0.330947995185852 0.310024112462997 0.306008607149124 0.310129433870316 0.310214281082153 0.3232182264328 0.327940255403519 0.332848519086838 0.342414736747742 0.355590045452118 0.378577798604965 0.385620623826981 0.431995332241058 0.456547439098358 0.475883781909943 0.524897634983063 0.62083512544632 0.721321761608124 -99.9 -99.9 -99.9 -99.9 -99.9 -99.9 -99.9 -99.9 -99.9 -99.9 -99.9 -99.9 -99.9 0.671441614627838 0.488334685564041 0.414216041564941 0.38573294878006 0.369712889194489 0.377605110406876 0.38573294878006 0.394108027219772 0.402742803096771 0.402423232793808 0.402188807725906 0.452794760465622 0.392663300037384 0.432753652334213
0.278234750032425 0.311147123575211 0.302689284086227 0.32902193069458 0.278056174516678 0.284324258565903 0.297407358884811 0.326954275369644 0.342145770788193 0.375745415687561 0.412683427333832 0.361443042755127 0.329683005809784 0.312701016664505 0.316551476716995 0.324847906827927 0.329090744256973 0.342756569385529 0.333446800708771 0.347675055265427 0.367922425270081 0.399465441703796 0.432749658823013 0.455547153949738 0.626700162887573 0.732857584953308 0.906395733356476 0.763376176357269 0.842051982879639 -99.9 -99.9 -99.9 -99.9 -99.9 -99.9 0.665645897388458 0.665645897388458 1.04877638816833 -99.9 -99.9 -99.9 -99.9 -99.9 0.369712889194489 0.377605110406876 0.326750934123993 0.333432585000992 0.333432585000992 0.333432585000992 0.347345590591431 0.326750934123993 0.333432585000992 0.313866823911667 0.268537133932114 0.287438154220581 0.274660557508469 0.287438154220581
0.271134406328201 0.356819450855255 0.291994243860245 0.292876213788986 0.274132668972015 0.280369132757187 0.32023823261261 0.405789166688919 0.449272364377975 0.370231449604034 0.351294100284576 0.320676177740097 0.315973997116089 0.307303488254547 0.314730912446976 0.314123541116714 0.326317459344864 0.334768712520599 0.358243405818939 0.373509496450424 0.395499020814896 0.429970771074295 0.459182649850845 0.562469005584717 0.684631407260895 -99.9 -99.9 -99.9 -99.9 -99.9 -99.9 -99.9 0.505094766616821 0.402292817831039 0.386713951826096 0.394328355789185 0.372050195932388 0.386713951826096 0.37929031252861 0.411976367235184 0.38573294878006 0.354592859745026 0.295813858509064 0.320242673158646 0.313901036977768 0.307719647884369 0.307719647884369 0.320242673158646 0.307719647884369 0.307719647884369 0.295813858509064 0.313901036977768 0.288200914859772 0.262581288814545 0.262581288814545 0.268537133932114 0.262581288814545
0.305764853954315 0.378530293703079 0.363296002149582 0.266876578330994 0.286642611026764 0.282028138637543 0.353341728448868 0.339063674211502 0.313435226678848 0.329943835735321 0.329007536172867 0.30800673365593 0.31487450003624 0.31388732790947 0.312913477420807 0.30790650844574 0.319332838058472 0.349960327148438 0.364066928625107 0.419165343046188 0.413079679012299 0.449294716119766 0.45776179432869 0.488969475030899 0.498923659324646 -99.9 -99.9 1.10686063766479 -99.9 -99.9 -99.9 0.376756966114044 0.331789612770081 0.313953101634979 0.309161812067032 0.295038551092148 0.292475372552872 0.295276582241058 0.298151195049286 0.295843690633774 0.270180463790894 0.262934982776642 0.286512970924377 0.278764218091965 0.276418685913086 0.274085193872452 0.279017180204391 0.279017180204391 0.284481108188629 0.290078431367874 0.284481108188629 0.268471449613571 0.265113323926926 0.230027690529823 0.256786525249481 0.240309610962868 0.240309610962868
0.315474927425385 0.267966121435165 0.274122089147568 0.288786858320236 0.270823955535889 0.294557005167007 0.467013031244278 0.435746878385544 0.30889555811882 0.284281253814697 0.308491110801697 0.296115875244141 0.302447974681854 0.313055068254471 0.308023005723953 0.310964941978455 0.322413116693497 0.334639370441437 0.362304180860519 0.475555986166 4.86478137969971 0.460240811109543 0.469322949647903 0.477841883897781 0.463723748922348 0.414573848247528 0.421524256467819 0.444045454263687 0.495921552181244 0.430832177400589 0.320704400539398 0.298230797052383 0.281616598367691 0.280599266290665 0.273939251899719 0.278449952602386 0.278388917446136 0.283223479986191 0.27836287021637 0.273518860340118 0.278455555438995 0.278557896614075 0.278676629066467 0.284097671508789 0.268783241510391 0.274028569459915 0.268870711326599 0.273682057857513 0.273682057857513 0.279017180204391 0.284481108188629 0.273682057857513 0.249271616339684 0.193751513957977 0.202154412865639 0.144943058490753 0.178121656179428
0.261504292488098 0.324871122837067 0.301390618085861 0.259295642375946 0.262688785791397 0.271315306425095 0.440910428762436 0.305121958255768 0.271592944860458 0.282435566186905 0.29275980591774 0.285842478275299 0.301806271076202 0.300882399082184 0.292421370744705 0.306880414485931 0.322492241859436 0.353398531675339 0.362698912620544 0.377757161855698 0.377494663000107 0.3703633248806 0.37637785077095 0.370467334985733 0.359113425016403 0.353159993886948 0.336648672819138 0.33590966463089 0.324723213911057 0.303714096546173 0.279085010290146 0.287026852369308 0.285855233669281 0.282733768224716 0.277220845222473 0.276532649993896 0.285066902637482 0.279560416936874 0.278808981180191 0.282955914735794 0.277365535497665 0.276674568653107 0.275996059179306 0.270378738641739 0.279862135648727 0.274118661880493 0.266196548938751 0.273682057857513 0.26338130235672 0.268471449613571 0.080466702580452 0.128171294927597 0.200046882033348 0.235101699829102 0.240309610962868 0.251146763563156 0.24565626680851
