fish_book/data/sediment/Wilson_et_al_2017_data_files_asc/OrbitalVelMax.asc
NCOLS 200
NROWS 150
XLLCORNER -16
YLLCORNER 44
CELLSIZE 0.125
NODATA_VALUE -99.9
[rows 104 to 129 of 150, columns 57 to 113 of 200]
0.284249603748322 0.266932815313339 0.265370070934296 0.268874049186707 0.267303019762039 0.273464947938919 0.299640208482742 0.283667296171188 0.290344029664993 0.282180309295654 0.28139141201973 0.300827413797379 0.29103696346283 0.296101897954941 0.283467769622803 0.340452522039413 0.318356812000275 0.322025656700134 0.334696024656296 0.320989698171616 0.316184788942337 0.314484864473343 0.319171547889709 0.318524032831192 0.31786972284317 0.322011947631836 0.316780298948288 0.306851655244827 0.301620632410049 0.296393930912018 0.295818746089935 0.295327484607697 0.282560706138611 0.285931944847107 0.271722793579102 0.279256254434586 0.277718305587769 0.276193499565125 0.274677962064743 0.273167222738266 0.276387274265289 0.274936616420746 0.27349266409874 0.272059887647629 0.275614112615585 0.269229739904404 0.263600319623947 0.137319937348366 0.214354202151299 0.19923709332943 0.273682057857513 0.47173485159874 0.531182110309601 0.435896813869476 0.435896813869476 -99.9 -99.9
0.280917555093765 0.256618648767471 0.262410342693329 0.251288741827011 0.269399732351303 0.294914841651917 0.30798327922821 0.250087529420853 0.273454993963242 0.320702761411667 0.27599972486496 0.283602625131607 0.282989293336868 0.29391822218895 0.276153475046158 0.289748251438141 0.307550311088562 0.303791493177414 0.303218215703964 0.299447506666183 0.305228739976883 0.304039359092712 0.304594308137894 0.297700732946396 0.297229677438736 0.300089806318283 0.296263426542282 0.295757979154587 0.291846960783005 0.287894487380981 0.283899307250977 0.286634922027588 0.275789588689804 0.276075720787048 0.270814448595047 0.269008785486221 0.270979940891266 0.273081928491592 0.270848989486694 0.268614023923874 0.266376972198486 0.27805507183075 0.271142393350601 0.246483862400055 0.176520094275475 0.250701814889908 0.267735987901688 0.274971604347229 0.280091762542725 0.301793575286865 0.373744159936905 0.389240026473999 0.392663300037384 0.424462467432022 0.515787541866302 0.7199786901474 -99.9
0.252904236316681 0.246859908103943 0.252361416816711 0.262921243906021 0.271504908800125 0.306004106998444 0.273598313331604 0.269453257322311 0.313043266534805 0.27362135052681 0.278759479522705 0.283905833959579 0.286358445882797 0.288878828287125 0.285666018724442 0.29705023765564 0.30600443482399 0.30570575594902 0.302264302968979 0.301955044269562 0.304819345474243 0.29772537946701 0.298719733953476 0.298813074827194 0.295572072267532 0.292301446199417 0.289003849029541 0.285667508840561 0.279159426689148 0.278890877962112 0.278602004051208 0.275104880332947 0.27157723903656 0.274471789598465 0.263821005821228 0.263667643070221 0.273147881031036 0.2702257335186 0.280500292778015 0.268706411123276 0.257194370031357 0.141461089253426 0.278313875198364 0.280298143625259 0.267809122800827 0.269705563783646 0.27010178565979 0.307786881923676 0.350174307823181 1.53548049926758 -99.9 0.759445667266846 0.640243232250214 0.385035246610641 0.602620363235474 0.723364472389221 -99.9
0.755139768123627 0.315000027418137 0.227806061506271 0.264959961175919 0.278840124607086 0.274683028459549 0.246310576796532 0.276862055063248 0.32836240530014 0.28142836689949 0.27882394194603 0.289816975593567 0.278599977493286 0.284011870622635 0.289615005254745 0.317173421382904 0.292382568120956 0.295298039913177 0.295239835977554 0.304442435503006 0.292093217372894 0.304114818572998 0.296229034662247 0.290571182966232 0.287828803062439 0.294364005327225 0.291535794734955 0.288686037063599 0.282680064439774 0.282871216535568 0.279906451702118 0.276908725500107 0.286656111478806 0.286920994520187 0.276099354028702 0.283114671707153 0.297348141670227 0.276001930236816 0.281181871891022 0.273193538188934 0.256855994462967 0.270468711853027 0.266890972852707 0.281977325677872 0.298775970935822 0.300640136003494 0.309166371822357 0.325087308883667 0.325087308883667 0.343669682741165 0.325087308883667 0.408795446157455 0.414377123117447 0.513448059558868 0.670150399208069 1.01081657409668 1.48063623905182
0.249764323234558 0.257697522640228 0.261068940162659 0.269513815641403 0.263063997030258 0.259186953306198 0.297225564718246 0.268672317266464 0.257280200719833 0.286660015583038 0.265845119953156 0.416435390710831 0.268577814102173 0.246494233608246 0.26876762509346 0.285162657499313 0.258666574954987 0.282667934894562 0.282818496227264 0.291657954454422 0.294835835695267 0.294904947280884 0.287857323884964 0.285781592130661 0.286474734544754 0.296400845050812 0.294058829545975 0.291676789522171 0.292410492897034 0.299659162759781 0.287469863891602 0.288100957870483 0.292008012533188 0.296087622642517 0.288529485464096 0.294522553682327 0.294751763343811 0.286126405000687 0.25700244307518 0.277681350708008 0.273452550172806 0.282716393470764 0.283150523900986 0.288537830114365 0.294331133365631 0.300566703081131 0.311687648296356 0.319184869527817 0.350174307823181 0.370708823204041 0.392930001020432 0.43437659740448 0.590129673480988 -99.9 -99.9 0.993052959442139 0.80758672952652
0.215940982103348 0.49437016248703 0.248924255371094 0.287330448627472 0.246211022138596 0.295359790325165 0.241264417767525 0.242140039801598 0.323667258024216 0.267894476652145 0.258532404899597 0.251597702503204 0.266620665788651 0.240494951605797 0.269868820905685 0.275515854358673 0.278595298528671 0.28737461566925 0.284961670637131 0.279772013425827 0.285813271999359 0.283390581607819 0.288583964109421 0.289929270744324 0.294123440980911 0.29533326625824 0.293460041284561 0.294642984867096 0.302229076623917 0.300242990255356 0.301480531692505 0.299422204494476 0.303975075483322 0.312214612960815 0.269429236650467 0.303626000881195 0.304871559143066 0.31869113445282 0.309414505958557 0.291504919528961 0.263510704040527 0.272333711385727 0.286547929048538 0.291688680648804 0.302334159612656 0.308134526014328 0.314215660095215 0.363686949014664 0.452762573957443 0.417073339223862 0.443427294492722 0.472349166870117 0.508005559444427 0.634602308273315 0.679212689399719 0.929543554782867 1.16690921783447
0.182867348194122 0.19833779335022 0.221252515912056 0.318713247776031 0.257682085037231 0.244802922010422 0.264601856470108 0.260767430067062 0.249919921159744 0.250887781381607 0.301430076360703 0.254385530948639 0.259612321853638 0.26002112030983 0.273184269666672 0.271039694547653 0.271511405706406 0.274636715650558 0.280563145875931 0.283864825963974 0.28440910577774 0.287809491157532 0.287634313106537 0.292031854391098 0.296190053224564 0.300466239452362 0.295469999313354 0.319450914859772 0.310697257518768 0.302100867033005 0.296826779842377 0.311199724674225 0.302304953336716 0.303441077470779 0.299465656280518 0.306429207324982 0.320805758237839 0.324494212865829 0.324494212865829 0.357695490121841 0.309711813926697 0.271714985370636 0.291639357805252 0.350174307823181 0.343669682741165 0.350174307823181 0.425596326589584 0.385321974754333 0.493273973464966 0.504287660121918 0.527532041072845 0.43437659740448 0.767573654651642 1.46904385089874 1.3625146150589 1.12912893295288 1.17789709568024
0.217893689870834 0.214834690093994 0.211817935109138 0.218287020921707 0.237480595707893 0.22787643969059 0.29347175359726 0.229588195681572 0.250210344791412 0.235588744282722 0.249700620770454 0.247867330908775 0.277906328439713 0.260513544082642 0.271010965108871 0.25885409116745 0.264239072799683 0.27239403128624 0.26508042216301 0.270690470933914 0.263368904590607 0.271596223115921 0.29093074798584 0.301418572664261 0.302296727895737 0.29990491271019 0.306892842054367 0.304397881031036 0.301856279373169 0.305731683969498 0.303086072206497 0.290828019380569 0.291246384382248 0.301433175802231 0.307275921106339 0.291855931282043 0.313606023788452 0.328243851661682 0.357695490121841 0.416096240282059 0.45740994811058 0.363686949014664 -99.9 -99.9 -99.9 -99.9 -99.9 1.20567715167999 1.09478521347046 0.579672813415527 0.62484484910965 0.539814829826355 0.577237069606781 0.688680827617645 0.659145474433899 0.710606276988983 0.862243294715881
0.214194536209106 0.220725014805794 0.208332642912865 0.228398635983467 0.272396683692932 0.256558328866959 0.220980808138847 0.240541830658913 0.21873614192009 0.23599000275135 0.238941892981529 0.248391956090927 0.242008805274963 0.242308139801025 0.268901944160461 0.252147078514099 0.267219007015228 0.250486254692078 0.268076449632645 0.25356262922287 0.25880965590477 0.291290670633316 0.300158321857452 0.307926714420319 0.308500498533249 0.302435606718063 0.299472898244858 0.305888295173645 0.290363907814026 0.284291416406631 0.290215343236923 0.296389132738113 0.299539506435394 0.299423009157181 0.395658671855927 0.811059713363647 1.4560694694519 -99.9 -99.9 -99.9 -99.9 -99.9 -99.9 -99.9 -99.9 -99.9 -99.9 -99.9 1.00446450710297 0.783252358436584 0.928934931755066 0.89550107717514 -99.9 0.787234783172607 1.01030325889587 -99.9 1.90220057964325
0.214296206831932 0.215123355388641 0.180142462253571 0.247663229703903 0.213853791356087 0.201913610100746 0.21743369102478 0.224186986684799 0.25080281496048 0.204974845051765 0.250560700893402 0.227323412895203 0.303642630577087 0.236314445734024 0.290569841861725 0.230432987213135 0.218392387032509 0.241832569241524 0.2561075091362 0.244691386818886 0.269369184970856 0.29446867108345 0.303514957427979 0.299102127552032 0.299211353063583 0.30188050866127 0.298398822546005 0.301037430763245 0.294337958097458 0.262188643217087 0.319561928510666 0.361777573823929 0.456681400537491 -99.9 -99.9 -99.9 -99.9 -99.9 -99.9 -99.9 -99.9 -99.9 -99.9 -99.9 -99.9 -99.9 -99.9 -99.9 -99.9 -99.9 -99.9 -99.9 -99.9 -99.9 -99.9 -99.9 -99.9
0.248875185847282 0.200894072651863 0.221871197223663 0.209588244557381 0.191335633397102 0.202283471822739 0.197851821780205 0.207464337348938 0.23159995675087 0.212847724556923 0.20804500579834 0.286494553089142 0.222210749983788 0.224427059292793 0.228728413581848 0.237439543008804 0.27321982383728 0.227334588766098 0.244936361908913 0.314469069242477 0.264714777469635 0.278103619813919 0.292123377323151 0.29360032081604 0.299215406179428 0.298308819532394 0.30348801612854 0.296331256628036 0.292213171720505 0.383488744497299 0.808895647525787 0.532375633716583 1.30295240879059 -99.9 -99.9 -99.9 -99.9 -99.9 -99.9 -99.9 -99.9 -99.9 -99.9 -99.9 -99.9 -99.9 -99.9 -99.9 -99.9 -99.9 -99.9 -99.9 -99.9 -99.9 -99.9 -99.9 -99.9
0.135830014944077 0.180619269609451 0.175566911697388 0.172733008861542 0.17200879752636 0.17600329220295 0.18513123691082 0.195147439837456 0.2061667740345 0.206915736198425 0.197145760059357 0.194991216063499 0.200170516967773 0.209660530090332 0.224361300468445 0.230122536420822 0.226033225655556 0.231063693761826 0.246049836277962 0.289237558841705 0.381383955478668 0.422258049249649 0.383297771215439 0.343614548444748 0.303783565759659 0.282545059919357 0.276650696992874 0.275188714265823 0.278218924999237 0.31253382563591 0.398454606533051 0.480548799037933 1.13978028297424 0.574476659297943 -99.9 -99.9 -99.9 -99.9 -99.9 -99.9 -99.9 -99.9 -99.9 -99.9 -99.9 -99.9 -99.9 -99.9 -99.9 -99.9 -99.9 -99.9 -99.9 -99.9 -99.9 -99.9 -99.9
0.00522867403924465 0.0107075003907084 0.0236195046454668 0.0392694436013699 0.0455210171639919 0.0614424161612988 0.0984192490577698 0.13796578347683 0.166075691580772 0.184281632304192 0.187751457095146 0.192261084914207 0.197821244597435 0.205673351883888 0.216311231255531 0.221646994352341 0.221154138445854 0.221676498651505 0.2232356518507 0.257129460573196 0.344049245119095 0.385797619819641 0.354491293430328 0.324459433555603 0.294945806264877 0.275093793869019 0.263810217380524 0.265643715858459 0.281435936689377 0.313475161790848 0.370644390583038 0.43692085146904 0.514645874500275 0.561586856842041 0.546652495861053 -99.9 -99.9 -99.9 -99.9 -99.9 -99.9 -99.9 -99.9 -99.9 -99.9 -99.9 -99.9 -99.9 -99.9 -99.9 -99.9 -99.9 -99.9 -99.9 -99.9 -99.9 -99.9
-99.9 -99.9 -99.9 -99.9 -99.9 0.0127565646544099 0.0351711846888065 0.0776745080947876 0.123386152088642 0.166353300213814 0.186646029353142 0.199332490563393 0.202157124876976 0.210276380181313 0.224692836403847 0.231937184929848 0.231054320931435 0.223186925053596 0.209080159664154 0.213191986083984 0.23700438439846 0.257770568132401 0.273980319499969 0.279071241617203 0.271251618862152 0.264359772205353 0.259294927120209 0.264573752880096 0.281450539827347 0.317420780658722 0.384455025196075 0.492210656404495 0.718322515487671 -99.9 -99.9 -99.9 -99.9 -99.9 -99.9 -99.9 -99.9 -99.9 -99.9 -99.9 -99.9 -99.9 -99.9 -99.9 -99.9 -99.9 -99.9 -99.9 -99.9 -99.9 -99.9 -99.9 -99.9
-99.9 -99.9 -99.9 -99.9 -99.9 -99.9 -99.9 0.0233684424310923 0.030429769307375 0.0472701117396355 0.0905274227261543 0.143142834305763 0.179785683751106 0.208288684487343 0.22155873477459 0.228688478469849 0.228885740041733 0.220066502690315 0.203365415334702 0.19736410677433 0.201102778315544 0.214856505393982 0.241170689463615 0.255519688129425 0.253619492053986 0.251995801925659 0.251731365919113 0.257821917533875 0.271093606948853 0.299277365207672 0.349769055843353 0.432338148355484 0.588082194328308 0.661477327346802 0.471641778945923 0.352449148893356 -99.9 -99.9 -99.9 -99.9 -99.9 -99.9 -99.9 -99.9 -99.9 -99.9 -99.9 -99.9 -99.9 -99.9 -99.9 -99.9 -99.9 -99.9 -99.9 -99.9 -99.9
-99.9 -99.9 -99.9 -99.9 -99.9 -99.9 -99.9 -99.9 -99.9 -99.9 0.0255054943263531 0.074343703687191 0.140080228447914 0.199906408786774 0.207479104399681 0.212623998522758 0.21508477628231 0.212530642747879 0.205124169588089 0.20269887149334 0.205076098442078 0.216314122080803 0.238246828317642 0.247317969799042 0.240319028496742 0.237897872924805 0.241068348288536 0.24556590616703 0.251507431268692 0.263780504465103 0.283850371837616 0.312586933374405 0.353895872831345 0.366758167743683 0.342134267091751 0.357924401760101 -99.9 -99.9 1.06471824645996 1.15294182300568 -99.9 -99.9 -99.9 -99.9 -99.9 -99.9 -99.9 -99.9 -99.9 -99.9 -99.9 -99.9 -99.9 -99.9 -99.9 -99.9 -99.9
-99.9 -99.9 -99.9 -99.9 -99.9 -99.9 -99.9 -99.9 -99.9 -99.9 -99.9 0.00606582779437304 0.0186562668532133 0.0367459170520306 0.0389801971614361 0.0541626885533333 0.102528132498264 0.148665800690651 0.158483147621155 0.174027547240257 0.197145536541939 0.218539997935295 0.236819818615913 0.242185160517693 0.232283979654312 0.230464190244675 0.237730607390404 0.23845586180687 0.23236757516861 0.235911309719086 0.249946236610413 0.264426410198212 0.279336869716644 0.293342500925064 0.306119441986084 0.326841533184052 0.387160897254944 0.476443886756897 0.605260133743286 0.637740314006805 0.529264092445374 0.458201110363007 0.352100610733032 -99.9 -99.9 -99.9 -99.9 -99.9 -99.9 -99.9 -99.9 -99.9 -99.9 -99.9 -99.9 -99.9 -99.9
-99.9 -99.9 -99.9 -99.9 -99.9 -99.9 -99.9 -99.9 -99.9 -99.9 -99.9 -99.9 -99.9 0.00313211441971362 -99.9 0.00669132079929113 0.0293243918567896 0.0785333663225174 0.0962605997920036 0.126352563500404 0.178903147578239 0.221556782722473 0.236840650439262 0.239900007843971 0.228891685605049 0.228911161422729 0.241260439157486 0.235908165574074 0.213819175958633 0.213634192943573 0.235903218388557 0.252558708190918 0.261548846960068 0.268924623727798 0.274405360221863 0.306259274482727 0.322818517684937 0.351235836744308 0.375256687402725 0.386668562889099 0.383582770824432 0.313693821430206 0.273631870746613 0.27309051156044 0.323281854391098 0.344033896923065 -99.9 -99.9 -99.9 -99.9 -99.9 -99.9 -99.9 -99.9 -99.9 -99.9 -99.9
-99.9 -99.9 -99.9 -99.9 -99.9 -99.9 -99.9 -99.9 -99.9 -99.9 -99.9 -99.9 -99.9 -99.9 -99.9 -99.9 -99.9 -99.9 -99.9 0.00388636230491102 0.0105379512533545 0.030775872990489 0.0950433686375618 0.143798753619194 0.093870535492897 0.0977724269032478 0.16601736843586 0.213031470775604 0.199344873428345 0.204281404614449 0.230045452713966 0.247098952531815 0.252332538366318 0.255330830812454 0.255922645330429 0.274204432964325 0.306993573904037 0.318029999732971 0.320010185241699 0.326911062002182 0.339187294244766 0.313588261604309 0.265316337347031 0.272518217563629 0.297156721353531 0.330441057682037 0.375129848718643 0.421978622674942 0.52823543548584 1.17616391181946 1.7508898973465 -99.9 -99.9 -99.9 -99.9 -99.9 -99.9
-99.9 -99.9 -99.9 -99.9 -99.9 -99.9 -99.9 -99.9 -99.9 -99.9 -99.9 -99.9 -99.9 -99.9 -99.9 -99.9 -99.9 -99.9 -99.9 -99.9 -99.9 -99.9 0.0201521683484316 0.0572022311389446 0.0207928102463484 0.0228705480694771 0.0821804031729698 0.176665842533112 0.188141137361526 0.205731928348541 0.231462329626083 0.247386768460274 0.25034886598587 0.25033313035965 0.247244194149971 0.260465115308762 0.290695935487747 0.298078030347824 0.290695935487747 0.29319179058075 0.305908054113388 0.285784929990768 0.299129366874695 0.334156215190887 0.38907516002655 -99.9 -99.9 0.645729422569275 0.717020630836487 0.946104466915131 1.47759175300598 -99.9 -99.9 -99.9 -99.9 -99.9 -99.9
-99.9 -99.9 -99.9 -99.9 -99.9 -99.9 -99.9 -99.9 -99.9 -99.9 -99.9 -99.9 -99.9 -99.9 -99.9 -99.9 -99.9 -99.9 -99.9 -99.9 -99.9 -99.9 -99.9 -99.9 -99.9 -99.9 0.0218284092843533 0.0921434313058853 0.146949574351311 0.202905297279358 0.237515300512314 0.253703147172928 0.245857089757919 0.241353273391724 0.240055441856384 0.248656779527664 0.270445108413696 0.277418166399002 0.27407306432724 0.278805524110794 0.292171120643616 0.270914047956467 0.288191169500351 0.326685875654221 0.385033339262009 0.472112834453583 0.609119832515717 0.719515085220337 0.760646164417267 0.908841133117676 1.32092249393463 1.78253793716431 1.91667330265045 -99.9 -99.9 -99.9 -99.9
-99.9 -99.9 -99.9 -99.9 -99.9 -99.9 -99.9 -99.9 -99.9 -99.9 -99.9 -99.9 -99.9 -99.9 -99.9 -99.9 -99.9 -99.9 -99.9 -99.9 -99.9 -99.9 -99.9 -99.9 -99.9 -99.9 0.00432853912934661 0.0336427986621857 0.0969057306647301 0.1960818618536 0.248534470796585 0.266447901725769 0.239090129733086 0.229068607091904 0.23414920270443 0.238138824701309 0.244024530053139 0.249816909432411 0.257531821727753 0.266478031873703 0.276841104030609 0.283302575349808 0.269934892654419 0.286855489015579 0.316111773252487 0.377166032791138 0.49288210272789 0.618043601512909 0.73818451166153 0.912938892841339 1.19985353946686 1.52974104881287 1.80526292324066 1.94066393375397 -99.9 -99.9 -99.9
-99.9 -99.9 -99.9 -99.9 -99.9 -99.9 -99.9 -99.9 -99.9 -99.9 -99.9 -99.9 -99.9 -99.9 -99.9 -99.9 -99.9 -99.9 -99.9 -99.9 -99.9 -99.9 -99.9 -99.9 -99.9 -99.9 -99.9 -99.9 -99.9 0.0714364275336266 0.133247762918472 0.191532626748085 0.203446820378304 0.214252546429634 0.223631396889687 0.226547524333 0.221556380391121 0.222867488861084 0.231983467936516 0.241645276546478 0.251888602972031 0.256121456623077 0.260160833597183 0.26880070567131 0.282656461000443 0.322548568248749 0.402398973703384 0.498954117298126 0.622397840023041 0.777469575405121 0.978155493736267 1.25095355510712 1.65202522277832 -99.9 -99.9 -99.9 -99.9
-99.9 -99.9 -99.9 -99.9 -99.9 -99.9 -99.9 -99.9 -99.9 -99.9 -99.9 -99.9 -99.9 -99.9 -99.9 -99.9 -99.9 -99.9 -99.9 -99.9 -99.9 -99.9 -99.9 -99.9 -99.9 -99.9 -99.9 -99.9 -99.9 -99.9 0.0423922650516033 0.0996962264180183 0.153264924883842 0.197664424777031 0.20939002931118 0.210755124688148 0.200372472405434 0.197849676012993 0.204163670539856 0.214616715908051 0.230144277215004 0.241402342915535 0.253856837749481 0.264645785093307 0.270914375782013 0.290988802909851 0.32874470949173 0.383532047271729 0.469894677400589 0.586454391479492 0.74926882982254 1.00130033493042 1.48232305049896 1.90895748138428 -99.9 -99.9 -99.9
-99.9 -99.9 -99.9 -99.9 -99.9 -99.9 -99.9 -99.9 -99.9 -99.9 -99.9 -99.9 -99.9 -99.9 -99.9 -99.9 -99.9 -99.9 -99.9 -99.9 -99.9 -99.9 -99.9 -99.9 -99.9 -99.9 -99.9 -99.9 -99.9 -99.9 -99.9 -99.9 0.0541643872857094 0.137237772345543 0.199199646711349 0.235905140638351 0.222107782959938 0.209668233990669 0.199424400925636 0.201368033885956 0.215508610010147 0.225895747542381 0.233036324381828 0.245326519012451 0.255718797445297 0.269047766923904 0.285819381475449 0.319409728050232 0.382373452186584 0.467072904109955 0.579985678195953 0.75740510225296 -99.9 1.34706604480743 1.37853109836578 -99.9 -99.9
-99.9 -99.9 -99.9 -99.9 -99.9 -99.9 -99.9 -99.9 -99.9 -99.9 -99.9 -99.9 -99.9 -99.9 -99.9 -99.9 -99.9 -99.9 -99.9 -99.9 -99.9 -99.9 -99.9 -99.9 -99.9 -99.9 -99.9 -99.9 -99.9 -99.9 -99.9 -99.9 0.0117704719305038 0.0745206847786903 0.192436650395393 0.322570592164993 0.306048452854156 0.266756176948547 0.216149464249611 0.198815807700157 0.205433681607246 0.20875184237957 0.208452731370926 0.214535042643547 0.237797453999519 0.254715800285339 0.263231724500656 0.291202872991562 0.338230013847351 0.395933210849762 0.46199157834053 0.57109546661377 0.763514280319214 0.857840955257416 0.932413518428802 0.973515391349792 -99.9
