fish_book/data/sediment/Wilson_et_al_2017_data_files_asc/OrbitalVelMax.asc
NCOLS 200
NROWS 150
XLLCORNER -16
YLLCORNER 44
CELLSIZE 0.125
NODATA_VALUE -99.9
[rows 0 to 25 of 150, columns 114 to 170 of 200]
-99.9 -99.9 -99.9 -99.9 -99.9 -99.9 -99.9 -99.9 -99.9 -99.9 -99.9 -99.9 -99.9 -99.9 -99.9 -99.9 -99.9 -99.9 -99.9 -99.9 -99.9 -99.9 -99.9 -99.9 -99.9 -99.9 -99.9 -99.9 -99.9 -99.9 -99.9 -99.9 -99.9 -99.9 -99.9 -99.9 -99.9 -99.9 -99.9 -99.9 -99.9 -99.9 -99.9 -99.9 -99.9 -99.9 -99.9 -99.9 -99.9 -99.9 -99.9 -99.9 -99.9 -99.9 -99.9 -99.9 -99.9
-99.9 -99.9 -99.9 -99.9 -99.9 -99.9 -99.9 -99.9 -99.9 -99.9 -99.9 -99.9 -99.9 -99.9 -99.9 -99.9 -99.9 -99.9 -99.9 -99.9 -99.9 -99.9 -99.9 -99.9 -99.9 -99.9 -99.9 -99.9 -99.9 -99.9 -99.9 -99.9 -99.9 -99.9 -99.9 -99.9 -99.9 -99.9 -99.9 -99.9 -99.9 -99.9 -99.9 -99.9 -99.9 -99.9 -99.9 -99.9 -99.9 -99.9 -99.9 -99.9 -99.9 -99.9 -99.9 -99.9 -99.9
-99.9 -99.9 -99.9 -99.9 -99.9 -99.9 -99.9 -99.9 -99.9 -99.9 -99.9 -99.9 -99.9 -99.9 -99.9 -99.9 -99.9 -99.9 -99.9 -99.9 -99.9 -99.9 -99.9 -99.9 -99.9 -99.9 -99.9 -99.9 -99.9 -99.9 -99.9 -99.9 -99.9 -99.9 -99.9 -99.9 -99.9 -99.9 -99.9 -99.9 -99.9 -99.9 -99.9 -99.9 -99.9 -99.9 -99.9 -99.9 -99.9 -99.9 -99.9 -99.9 -99.9 -99.9 -99.9 -99.9 -99.9
-99.9 -99.9 -99.9 -99.9 -99.9 -99.9 -99.9 -99.9 -99.9 -99.9 -99.9 -99.9 -99.9 -99.9 -99.9 -99.9 -99.9 -99.9 -99.9 -99.9 -99.9 -99.9 -99.9 -99.9 -99.9 -99.9 -99.9 -99.9 -99.9 -99.9 -99.9 -99.9 -99.9 -99.9 -99.9 -99.9 -99.9 -99.9 -99.9 -99.9 -99.9 -99.9 -99.9 -99.9 -99.9 -99.9 -99.9 -99.9 -99.9 -99.9 -99.9 -99.9 -99.9 -99.9 -99.9 -99.9 -99.9
-99.9 -99.9 -99.9 -99.9 -99.9 -99.9 -99.9 -99.9 -99.9 -99.9 -99.9 -99.9 -99.9 -99.9 -99.9 -99.9 -99.9 -99.9 -99.9 -99.9 -99.9 -99.9 -99.9 -99.9 -99.9 -99.9 -99.9 -99.9 -99.9 -99.9 -99.9 -99.9 -99.9 -99.9 -99.9 -99.9 -99.9 -99.9 -99.9 -99.9 -99.9 -99.9 -99.9 -99.9 -99.9 -99.9 -99.9 -99.9 -99.9 -99.9 -99.9 -99.9 -99.9 -99.9 -99.9 -99.9 -99.9
-99.9 -99.9 -99.9 -99.9 -99.9 -99.9 -99.9 -99.9 -99.9 -99.9 -99.9 -99.9 -99.9 -99.9 -99.9 -99.9 -99.9 -99.9 -99.9 -99.9 -99.9 -99.9 -99.9 -99.9 -99.9 -99.9 -99.9 -99.9 -99.9 -99.9 -99.9 -99.9 -99.9 -99.9 -99.9 -99.9 -99.9 -99.9 -99.9 -99.9 -99.9 -99.9 -99.9 -99.9 -99.9 -99.9 -99.9 -99.9 -99.9 -99.9 -99.9 -99.9 -99.9 -99.9 -99.9 -99.9 -99.9
-99.9 -99.9 -99.9 -99.9 -99.9 -99.9 -99.9 -99.9 0.0076453392393887 0.0109284957870841 0.0141467163339257 0.0163552984595299 0.018907455727458 0.0218537747859955 0.0219252556562424 0.0285115633159876 0.028488801792264 0.0407271683216095 0.0511276088654995 0.0555662326514721 0.0628217831254005 0.0740399360656738 0.0708749368786812 0.0553045012056828 0.0424862317740917 0.0322110541164875 0.0270693767815828 0.0250609666109085 0.0242822133004665 0.0245920270681381 0.0248038228601217 0.0248463079333305 0.0242418199777603 0.0231299512088299 0.0222034361213446 0.0214431434869766 0.021118950098753 0.0212089214473963 0.0216317400336266 0.0224081911146641 0.0243499986827374 0.0278029013425112 0.0360107198357582 0.0536887459456921 0.0750127285718918 0.0971454903483391 0.125684261322021 0.161148175597191 0.179676175117493 0.173925414681435 0.221352949738503 0.380918890237808 0.576626360416412 -99.9 -99.9 -99.9 -99.9
-99.9 -99.9 -99.9 -99.9 -99.9 -99.9 0.00854930654168129 0.0154016828164458 0.0246680341660976 0.0341062806546688 0.0411502495408058 0.0428147464990616 0.0468088649213314 0.0538765490055084 0.0539466738700867 0.0670269876718521 0.0669802501797676 0.0754481330513954 0.0797194242477417 0.0788941755890846 0.0831549465656281 0.0934849232435226 0.0988118276000023 0.0980581119656563 0.0759285017848015 0.04670500010252 0.0342860221862793 0.0293713808059692 0.0261652879416943 0.0241887886077166 0.023817865177989 0.0248864647001028 0.0248228143900633 0.0237177368253469 0.0228702928870916 0.0222543459385633 0.0218453034758568 0.021628824993968 0.0214968267828226 0.0214488543570042 0.0227469671517611 0.0256841629743576 0.0312591902911663 0.041278924793005 0.0548557676374912 0.0733542740345001 0.0944136902689934 0.11548376083374 0.132762551307678 0.143787249922752 0.209300488233566 0.42989319562912 -99.9 -99.9 -99.9 -99.9 -99.9
-99.9 -99.9 -99.9 -99.9 0.00601126533001661 0.0134005676954985 0.0264116171747446 0.0430135205388069 0.0622321404516697 0.0783243924379349 0.0873436257243156 0.0846909731626511 0.0876837447285652 0.0970298573374748 0.097019724547863 0.115886457264423 0.115825086832047 0.113818988204002 0.109361693263054 0.102781794965267 0.104122996330261 0.113078653812408 0.124252431094646 0.138187989592552 0.114855401217937 0.0729192122817039 0.0534983016550541 0.0445848442614079 0.0366522148251534 0.0297658517956734 0.0272319763898849 0.0278275385499001 0.0270004384219646 0.0249756202101707 0.0238790269941092 0.0235736183822155 0.0230475403368473 0.0223148670047522 0.0218315161764622 0.021578710526228 0.0226769912987947 0.0253634490072727 0.0292234476655722 0.0347406826913357 0.0427172556519508 0.0544748045504093 0.0669078156352043 0.0781573057174683 0.0945147275924683 0.119457513093948 0.202408909797668 0.493799984455109 -99.9 -99.9 -99.9 -99.9 -99.9
-99.9 -99.9 -99.9 0.00997780170291662 0.0268707331269979 0.0620804913341999 0.0982564687728882 0.1172209456563 0.121384665369987 0.122938558459282 0.11351490020752 0.113091260194778 0.115227997303009 0.114800192415714 0.113352611660957 0.114589981734753 0.115861691534519 0.133623853325844 0.117436155676842 0.120156817138195 0.125206306576729 0.134254768490791 0.136758670210838 0.141984939575195 0.138125121593475 0.160327464342117 0.107058450579643 0.0921279564499855 0.0430209599435329 0.0468685440719128 0.0351910330355167 0.034935113042593 0.0228430777788162 0.0270272213965654 0.0252732876688242 0.0255024060606956 0.0248130559921265 0.023294473066926 0.0226599611341953 0.0228237584233284 0.024116599932313 0.0267639551311731 0.0293496660888195 0.0317902378737926 0.0352098271250725 0.0399057008326054 0.044642262160778 0.0504629798233509 0.0652031078934669 0.0997192412614822 0.20014676451683 -99.9 -99.9 -99.9 -99.9 -99.9 -99.9
-99.9 -99.9 0.0156737696379423 0.0392109602689743 0.0828126594424248 0.120576702058315 0.133322894573212 0.137992650270462 0.138033598661423 0.149925142526627 0.127336993813515 0.125085666775703 0.124296553432941 0.130017384886742 0.138435304164886 0.135667309165001 0.147340089082718 0.148689121007919 0.148807629942894 0.144958943128586 0.145759090781212 0.147498294711113 0.150911182165146 0.156095191836357 0.159669563174248 0.170712634921074 0.180504620075226 0.199631348252296 0.197330579161644 0.0616205148398876 0.0487049520015717 0.0427349209785461 0.0355675220489502 0.0270967427641153 0.0238219238817692 0.0239510759711266 0.024282518774271 0.0234275963157415 0.0226088743656874 0.0227340348064899 0.0248161964118481 0.0266628060489893 0.0250858049839735 0.0271760858595371 0.0314609222114086 0.0298673547804356 0.0345833897590637 0.0357748791575432 0.0449893772602081 0.0884591042995453 0.151321396231651 0.639492988586426 0.308506816625595 2.15169954299927 -99.9 -99.9 -99.9
0.00999180227518082 0.0249145720154047 0.0598214156925678 0.109617002308369 0.139407128095627 0.150745704770088 0.152354270219803 0.148698508739471 0.148557633161545 0.143222242593765 0.14958344399929 0.147896081209183 0.153025060892105 0.156564176082611 0.150599151849747 0.150767162442207 0.15266527235508 0.139703646302223 0.160041451454163 0.169488281011581 0.177462980151176 0.179572358727455 0.185852035880089 0.192332059144974 0.201293617486954 0.205910578370094 0.194573968648911 0.205845385789871 0.217784643173218 0.233039051294327 0.122003555297852 0.0682756006717682 0.0534907542169094 0.0446570254862309 0.0421007610857487 0.0243034698069096 0.0242339204996824 0.0277905091643333 0.0247055254876614 0.0254838466644287 0.0241657588630915 0.0270673520863056 0.0263169463723898 0.0278166178613901 0.029164120554924 0.0278802514076233 0.027962438762188 0.0298733338713646 0.0589241907000542 0.151681736111641 0.342360585927963 -99.9 0.301483035087585 -99.9 -99.9 -99.9 -99.9
0.0472200773656368 0.100870102643967 0.146794751286507 0.175587013363838 0.190269321203232 0.190134614706039 0.181119441986084 0.178754672408104 0.189786329865456 0.165897279977798 0.16560198366642 0.167220309376717 0.178940623998642 0.16283144056797 0.165705323219299 0.173724815249443 0.177950114011765 0.16819129884243 0.166457250714302 0.168530225753784 0.176523268222809 0.172702491283417 0.176792845129967 0.191493168473244 0.214714020490646 0.217187449336052 0.219675466418266 0.227313354611397 0.232512310147285 0.237806752324104 0.253970146179199 0.264077633619308 0.122839130461216 0.0795889273285866 0.0603273399174213 0.0454034134745598 0.0319823212921619 0.024320162832737 0.0265784393996 0.0262782592326403 0.0268687773495913 0.0270141195505857 0.0285600628703833 0.0294485688209534 0.0322250090539455 0.0310462024062872 0.0327867120504379 0.0268992502242327 0.0314224548637867 0.179594963788986 0.0257284324616194 -99.9 -99.9 -99.9 -99.9 -99.9 -99.9
0.171979308128357 0.194169789552689 0.207679137587547 0.222598910331726 0.254197716712952 0.251209259033203 0.21395355463028 0.193651273846626 0.243271842598915 0.16791670024395 0.209197700023651 0.233049482107162 0.18225009739399 0.18811409175396 0.205366671085358 0.225999608635902 0.203260079026222 0.18320195376873 0.198859348893166 0.187846094369888 0.194612577557564 0.199287623167038 0.194899916648865 0.208897203207016 0.213838398456573 0.216372340917587 0.229182869195938 0.237233594059944 0.24553245306015 0.254099726676941 0.265247344970703 0.269445717334747 0.270083755254745 0.199542388319969 0.12864850461483 0.0816408023238182 0.0601500421762466 0.044106550514698 0.0254408940672874 0.02876908890903 0.0306567829102278 0.0288352780044079 0.0311934445053339 0.0311882607638836 0.0324375480413437 0.0340976268053055 0.0306072309613228 0.0244972668588161 0.0192763861268759 0.0652926713228226 0.563159942626953 -99.9 -99.9 -99.9 -99.9 -99.9 -99.9
0.268805801868439 0.268586874008179 0.315358519554138 0.291929543018341 0.310497522354126 0.330989360809326 0.33349284529686 0.346273452043533 0.30399364233017 0.258061081171036 0.181734323501587 0.176151588559151 0.159592747688293 0.155056223273277 0.209202274680138 0.236269533634186 0.245152994990349 0.260646194219589 0.230945229530334 0.212597757577896 0.212760463356972 0.205558210611343 0.205718263983727 0.201163545250893 0.210851237177849 0.218431994318962 0.231574267148972 0.245503932237625 0.260281085968018 0.272711634635925 0.278228521347046 0.285991638898849 0.286648958921432 0.283951431512833 0.284613013267517 0.150615319609642 0.113574773073196 0.0703240558505058 0.0453100875020027 0.026636241003871 0.0312332920730114 0.0319500826299191 0.0324024558067322 0.0314740985631943 0.0313734635710716 0.034950714558363 0.0339228399097919 0.0257284324616194 0.0213624015450478 0.197799101471901 0.15652222931385 0.102910831570625 -99.9 -99.9 -99.9 -99.9 -99.9
0.322937875986099 0.328998595476151 0.295913726091385 0.30987623333931 0.370285600423813 0.384405016899109 -99.9 -99.9 0.371013879776001 0.310417264699936 0.28004264831543 0.182356178760529 0.275257080793381 0.181765511631966 0.15990674495697 0.211455151438713 0.201607257127762 0.21188785135746 0.214689090847969 0.186093732714653 0.17568077147007 0.17392173409462 0.184676483273506 0.198419392108917 0.208208799362183 0.22106084227562 0.23751337826252 0.267799943685532 0.267750531435013 0.26769083738327 0.276492059230804 0.277602791786194 0.271751493215561 0.279017567634583 0.286486387252808 0.290658533573151 0.179393589496613 0.125429078936577 0.0750433504581451 0.0365896001458168 0.0305179413408041 0.0323542691767216 0.0343145914375782 0.032148152589798 0.0326154939830303 0.037584837526083 0.0389548949897289 0.0360264256596565 0.0272561330348253 0.0229601059108973 0.0941267907619476 0.2329381108284 -99.9 -99.9 -99.9 -99.9 -99.9
0.325700581073761 0.404008328914642 0.383887708187103 0.455133497714996 0.413041144609451 -99.9 -99.9 1.059002161026 0.343145608901978 0.22158370912075 0.227961421012878 0.251125872135162 0.358223646879196 0.290338903665543 0.22884726524353 0.168907359242439 0.159322842955589 0.206381425261497 0.194304376840591 0.187608554959297 0.174796849489212 0.166960671544075 0.177532941102982 0.198044389486313 0.193605706095695 0.213360980153084 0.194105714559555 0.203787699341774 0.256301045417786 0.265876114368439 0.249336630105972 0.272554814815521 0.26354244351387 0.274085164070129 0.29571458697319 0.292893588542938 0.273044884204865 0.194636687636375 0.124827317893505 0.0662694424390793 0.0357191152870655 0.0343223735690117 0.0378274768590927 0.0398403853178024 0.0365466475486755 0.0423780903220177 0.0490732491016388 0.0452639162540436 0.0429122447967529 0.0345091074705124 0.0279427282512188 0.25738650560379 0.0690940171480179 -99.9 -99.9 -99.9 -99.9
0.394133180379868 0.614585101604462 -99.9 -99.9 -99.9 -99.9 0.487027496099472 0.476225823163986 0.30275022983551 0.178142324090004 0.274792730808258 0.331670552492142 0.279747873544693 0.253658145666122 0.222856774926186 0.2002182751894 0.176792129874229 0.16446653008461 0.175361126661301 0.182368919253349 0.201806738972664 0.185331076383591 0.195021718740463 0.205184489488602 0.213204681873322 0.229890897870064 0.235848113894463 0.238929778337479 0.270762413740158 0.260816305875778 0.25351470708847 0.25774011015892 0.275055140256882 0.308812081813812 0.342942655086517 0.302826255559921 0.327575832605362 0.272390633821487 0.20233790576458 0.0998850464820862 0.0508399493992329 0.0382971875369549 0.0367538221180439 0.0402397252619267 0.0404763631522655 0.0346751436591148 0.0513471774756908 0.0527691729366779 0.0481960438191891 0.043294295668602 0.0357169285416603 0.0518162623047829 -99.9 -99.9 -99.9 -99.9 -99.9
0.38696414232254 0.423961788415909 -99.9 -99.9 -99.9 -99.9 0.240783259272575 0.529657363891602 0.301741182804108 0.210412070155144 0.328794538974762 0.294852167367935 0.234067901968956 0.181705266237259 0.186748385429382 0.162496030330658 0.133353248238564 0.163402736186981 0.198279187083244 0.162233337759972 0.17098431289196 0.196822628378868 0.159523844718933 0.174340441823006 0.185866460204124 0.219064712524414 0.24896813929081 0.252297699451447 0.269046008586884 0.314233988523483 0.296956270933151 0.265762239694595 0.354519188404083 0.355523854494095 0.381172895431519 0.321947187185287 0.322892665863037 0.323846817016602 0.25232782959938 0.135015740990639 0.0583485513925552 0.0365056619048119 0.0370864272117615 0.0369605459272861 0.0382717475295067 0.0355173349380493 0.0301099754869938 0.0427400730550289 0.0396027080714703 0.0411371700465679 0.0350504592061043 0.0257276762276888 0.109364941716194 -99.9 -99.9 -99.9 -99.9
-99.9 1.05118107795715 -99.9 -99.9 -99.9 0.791459679603577 0.565603196620941 0.413969039916992 0.315545350313187 0.34274685382843 0.31647989153862 0.250154733657837 0.192349418997765 0.176314055919647 0.16514790058136 0.1232740432024 0.142318606376648 0.177823200821877 0.187828317284584 0.113586507737637 0.127432510256767 0.127933621406555 0.131624937057495 0.163103923201561 0.187864437699318 0.203178688883781 0.250162690877914 0.289371162652969 0.281795293092728 0.305091112852097 0.342612653970718 0.281764656305313 0.26842674612999 0.327952891588211 0.361530810594559 0.31717124581337 0.318195581436157 0.27668222784996 0.247626110911369 0.152659073472023 0.0564987845718861 0.036491397768259 0.0343197695910931 0.0348794497549534 0.0372089371085167 0.0346618816256523 0.0301099754869938 0.0301099754869938 0.0319591909646988 0.0289454963058233 0.0342837385833263 0.0240760911256075 0.0572331361472607 -99.9 -99.9 -99.9 -99.9
0.48612368106842 0.611142158508301 -99.9 -99.9 -99.9 0.701982736587524 0.330524176359177 0.270229876041412 0.238253444433212 0.209833338856697 0.184642061591148 0.18836984038353 0.167275235056877 0.178016930818558 0.125912457704544 0.123251557350159 0.165171772241592 0.155105158686638 0.140255287289619 0.128732934594154 0.119851104915142 0.138303861021996 0.157715186476707 0.17537847161293 0.195081263780594 0.287946552038193 0.229165971279144 0.258539468050003 0.265704929828644 0.284221142530441 0.3195680975914 0.316484957933426 0.266862422227859 0.275034159421921 0.287251949310303 0.325306713581085 0.278112471103668 0.248273700475693 0.236767485737801 0.139862239360809 0.0513267479836941 0.0391497761011124 0.035318911075592 0.0341857746243477 0.0354514829814434 0.0348343215882778 0.0304094571620226 0.0301099754869938 0.033940065652132 0.0329325348138809 0.0245415084064007 0.0223135370761156 0.0513930171728134 0.234273791313171 -99.9 0.00322799617424607 -99.9
0.420838475227356 0.321542888879776 0.338752716779709 -99.9 0.655844509601593 0.435635954141617 0.287738740444183 0.242615044116974 0.210261523723602 0.184493944048882 0.16891798377037 0.155209451913834 0.160126805305481 0.158866360783577 0.100700482726097 0.12007961422205 0.145387053489685 0.176447734236717 0.165379568934441 0.170465603470802 0.175672963261604 0.173851490020752 0.183942332863808 0.17722362279892 0.205782234668732 0.294770985841751 0.223917305469513 0.239889666438103 0.271405130624771 0.290831744670868 0.277791857719421 0.294651538133621 0.261767983436584 0.252501249313354 0.263910263776779 0.283415079116821 0.26606097817421 0.240322202444077 0.214701548218727 0.121837295591831 0.0511939376592636 0.0388384610414505 0.0346218571066856 0.0331675074994564 0.0344213768839836 0.0357280038297176 0.033940065652132 0.0322799198329449 0.0364315845072269 0.0420704819262028 0.0379491932690144 0.0270300935953856 0.0336003415286541 0.0762871652841568 -99.9 -99.9 0.0190043356269598
0.32454776763916 0.289385855197906 0.468679666519165 -99.9 0.374232053756714 0.272571802139282 0.267367750406265 0.206202507019043 0.195454955101013 0.161660611629486 0.172286599874496 0.162657037377357 0.160725802183151 0.133788451552391 0.151048198342323 0.139576286077499 0.179936349391937 0.199190780520439 0.16880889236927 0.153863176703453 0.167533174157143 0.184925317764282 0.187944203615189 0.185846909880638 0.222652599215508 0.238989278674126 0.229519069194794 0.236213445663452 0.264094173908234 0.267842710018158 0.277951866388321 0.256906569004059 0.26515194773674 0.248677909374237 0.239809796214104 0.234453842043877 0.24846525490284 0.227219730615616 0.200119599699974 0.129099071025848 0.0547870881855488 0.0386912040412426 0.0347601324319839 0.0316149331629276 0.0318432003259659 0.0345049239695072 0.0364315845072269 0.0349831320345402 0.0336003415286541 0.0356989353895187 0.0492492467164993 0.0513930171728134 0.0548109337687492 0.0947755351662636 0.130241572856903 -99.9 -99.9
0.281233459711075 0.285739332437515 0.483539789915085 0.408760815858841 0.291946947574615 0.251247942447662 0.200330331921577 0.190992876887321 0.168642595410347 0.150928050279617 0.141133174300194 0.166438221931458 0.12895841896534 0.128582552075386 0.135838389396667 0.166085556149483 0.168915390968323 0.166951164603233 0.145607531070709 0.158695921301842 0.175386369228363 0.185861110687256 0.178602784872055 0.176519140601158 0.227267786860466 0.206212058663368 0.203638643026352 0.212493196129799 0.23433281481266 0.237609937787056 0.239773496985435 0.250995874404907 0.238462179899216 0.232966333627701 0.21270626783371 0.222470387816429 0.229557260870934 0.243419021368027 0.199739500880241 0.131037414073944 0.0591298416256905 0.0422015078365803 0.0377565436065197 0.0328135825693607 0.0316977873444557 0.0344419740140438 0.0368043631315231 0.0364315845072269 0.0342837385833263 0.0342837385833263 0.0368043631315231 0.0572331361472607 0.0617704913020134 0.0894628912210464 -99.9 -99.9 -99.9
0.241565257310867 0.324140965938568 0.377756088972092 0.291577994823456 0.229358837008476 0.194892704486847 0.17584228515625 0.1763816177845 0.163765802979469 0.149548217654228 0.157012760639191 0.14086140692234 0.13028010725975 0.120049864053726 0.125402301549911 0.136943235993385 0.165321007370949 0.137742072343826 0.152404025197029 0.161617502570152 0.171355575323105 0.174082353711128 0.18447732925415 0.201095014810562 0.204131990671158 0.210126847028732 0.180304825305939 0.180545270442963 0.188365444540977 0.204628691077232 0.227553442120552 0.204490289092064 0.217000082135201 0.224024668335915 0.209942638874054 0.213732793927193 0.211698368191719 0.234079197049141 0.188958957791328 0.138383209705353 0.0640933588147163 0.0473197028040886 0.039451889693737 0.0348769538104534 0.0315636992454529 0.034382551908493 0.0383398272097111 0.0407826155424118 0.0399490855634212 0.036063127219677 0.0364315845072269 0.0452603846788406 0.0503081269562244 0.0624514259397984 0.0359901562333107 -99.9 -99.9
0.338704258203506 0.380419015884399 0.278909027576447 0.261179655790329 0.198971390724182 0.159334301948547 0.173874586820602 0.157379657030106 0.133778691291809 0.143613755702972 0.142617210745811 0.137171790003777 0.127702102065086 0.120737016201019 0.124123334884644 0.131797775626183 0.143999069929123 0.136256456375122 0.14455971121788 0.155548647046089 0.162606343626976 0.177440270781517 0.211347654461861 0.224096491932869 0.23408368229866 0.199446648359299 0.191144540905952 0.18590421974659 0.180882126092911 0.183319702744484 0.182353034615517 0.190888926386833 0.189043462276459 0.179648816585541 0.187999159097672 0.199508190155029 0.197573885321617 0.192975699901581 0.176095083355904 0.148529917001724 0.0881106406450272 0.0579986125230789 0.0395280160009861 0.0356084257364273 0.031786922365427 0.0332725942134857 0.03718151897192 0.0391349866986275 0.0425100587308407 0.0438606068491936 0.0429548919200897 0.0477082021534443 0.0771519988775253 0.056047186255455 0.185195297002792 0.00764809036627412 -99.9
