fish_book/data/sediment/Wilson_et_al_2017_data_files_asc/OrbitalVelMax.asc
NCOLS 200
NROWS 150
XLLCORNER -16
YLLCORNER 44
CELLSIZE 0.125
NODATA_VALUE -99.9
[rows 0 to 25 of 150, columns 57 to 113 of 200]
-99.9 -99.9 -99.9 -99.9 -99.9 -99.9 -99.9 0.0190745126456022 0.0196108929812908 0.0207156948745251 0.0225170701742172 0.0264969728887081 0.0340398661792278 0.0400410592556 0.0427165552973747 0.0454433709383011 0.0482006631791592 0.0543350838124752 0.065491296350956 0.0621833838522434 0.0467924177646637 0.0365934446454048 0.0294905714690685 0.0224822256714106 0.0164075512439013 0.0129253668710589 -99.9 -99.9 -99.9 -99.9 -99.9 -99.9 -99.9 -99.9 -99.9 -99.9 -99.9 -99.9 -99.9 -99.9 -99.9 -99.9 -99.9 -99.9 -99.9 -99.9 -99.9 -99.9 -99.9 -99.9 -99.9 -99.9 -99.9 -99.9 -99.9 -99.9 -99.9
-99.9 -99.9 0.0187811199575663 0.0216382332146168 0.0260219909250736 0.0361101031303406 0.0595369264483452 0.079682856798172 0.083590604364872 0.0916042551398277 0.105166986584663 0.124939672648907 0.154069185256958 0.171796545386314 0.171927213668823 0.168218672275543 0.160823971033096 0.166714355349541 0.188315063714981 0.192341879010201 0.178372904658318 0.144489914178848 0.102398283779621 0.0777549520134926 0.0642992928624153 0.0540029630064964 0.0460002198815346 0.0334416255354881 0.0213027708232403 0.0136332893744111 -99.9 -99.9 -99.9 -99.9 -99.9 -99.9 -99.9 -99.9 -99.9 -99.9 -99.9 -99.9 -99.9 -99.9 -99.9 -99.9 -99.9 -99.9 -99.9 -99.9 -99.9 -99.9 -99.9 -99.9 -99.9 -99.9 -99.9
0.0192357040941715 0.0245423018932343 0.0312342084944248 0.0397466942667961 0.0506155043840408 0.0779251679778099 0.151464074850082 0.222074791789055 0.232594937086105 0.25483101606369 0.293080568313599 0.346918523311615 0.4249407351017 0.451258927583694 0.40328973531723 0.388139873743057 0.413849622011185 0.414985984563828 0.391620874404907 0.431598842144012 0.541054010391235 0.468250721693039 0.300845175981522 0.220449522137642 0.180309146642685 0.145605728030205 0.116284541785717 0.0899757966399193 0.067768506705761 0.0471326597034931 0.0307391285896301 0.0219833571463823 0.0170062463730574 0.0149259930476546 -99.9 -99.9 -99.9 -99.9 -99.9 -99.9 -99.9 -99.9 -99.9 -99.9 -99.9 -99.9 -99.9 -99.9 -99.9 -99.9 -99.9 -99.9 -99.9 -99.9 -99.9 -99.9 -99.9
0.0347980484366417 0.0546884983778 0.0874201580882072 0.123662538826466 0.151909038424492 0.197188153862953 0.273466229438782 0.327059149742126 0.331243842840195 0.344059854745865 0.367174655199051 0.42614933848381 0.550529539585114 -99.9 -99.9 -99.9 -99.9 -99.9 -99.9 -99.9 -99.9 0.845243573188782 0.530392944812775 0.352858692407608 0.239888414740562 0.166492164134979 0.117613933980465 0.111288599669933 0.139121726155281 0.130738660693169 0.0936202928423882 0.0664337277412415 0.046879269182682 0.0389373600482941 0.0374432690441608 0.0335939638316631 0.0281889885663986 0.0227010510861874 0.0176763627678156 -99.9 -99.9 -99.9 -99.9 -99.9 -99.9 -99.9 -99.9 -99.9 -99.9 -99.9 -99.9 -99.9 -99.9 -99.9 -99.9 -99.9 -99.9
0.0439349077641964 0.0774183198809624 0.144644394516945 0.222362011671066 0.271835416555405 0.318545430898666 0.357294261455536 0.379416406154633 0.379664152860641 0.385868310928345 0.398700386285782 0.456562668085098 0.619905292987823 -99.9 -99.9 -99.9 -99.9 -99.9 -99.9 -99.9 1.17253339290619 0.886735916137695 0.583572447299957 0.37021392583847 0.223235115408897 0.152858644723892 0.116560988128185 0.122270293533802 0.175926804542542 0.194672480225563 0.16524912416935 0.128392830491066 0.0922823175787926 0.073666088283062 0.0645993500947952 0.0561117380857468 0.0482517778873444 0.0371331833302975 0.0259458534419537 0.0182352960109711 0.0129127753898501 0.00901145208626986 -99.9 -99.9 -99.9 -99.9 -99.9 -99.9 -99.9 -99.9 -99.9 -99.9 -99.9 -99.9 -99.9 -99.9 -99.9
0.0372347943484783 0.064887747168541 0.12640018761158 0.202381312847137 0.25633031129837 0.30049192905426 0.324349015951157 0.339402258396149 0.343475997447968 0.353654772043228 0.370934098958969 0.427940219640732 -99.9 -99.9 -99.9 -99.9 -99.9 -99.9 1.33539199829102 0.973466575145721 0.686696410179138 0.520561099052429 0.386928528547287 0.251775860786438 0.146325200796127 0.113313429057598 0.113174691796303 0.118759654462337 0.130859225988388 0.140438720583916 0.146794781088829 0.136829271912575 0.114401459693909 0.0901442021131516 0.0674414709210396 0.0518662072718143 0.0408948995172977 0.0281528104096651 0.0173183679580688 -99.9 -99.9 -99.9 -99.9 -99.9 -99.9 -99.9 -99.9 -99.9 -99.9 -99.9 -99.9 -99.9 -99.9 -99.9 -99.9 -99.9 -99.9
0.0174329709261656 0.0286513417959213 0.063054695725441 0.12330225110054 0.204524651169777 0.273394852876663 0.285694748163223 0.28130429983139 0.260348618030548 0.266716867685318 0.30437645316124 0.357138901948929 0.446085929870605 0.548642814159393 0.66887891292572 -99.9 -99.9 1.371661901474 1.0645911693573 0.791261911392212 0.520502507686615 0.360505491495132 0.249285191297531 0.164597630500793 0.104581519961357 0.0944379046559334 0.118515662848949 0.130744680762291 0.126602873206139 0.127545371651649 0.133567541837692 0.130437910556793 0.11908020824194 0.0870917737483978 0.0526739880442619 0.0327850989997387 -99.9 -99.9 -99.9 -99.9 -99.9 -99.9 -99.9 -99.9 -99.9 -99.9 -99.9 -99.9 -99.9 -99.9 -99.9 -99.9 -99.9 -99.9 -99.9 -99.9 -99.9
-99.9 -99.9 0.0207320377230644 0.0537527836859226 0.139636039733887 0.239727884531021 0.244268074631691 0.217434257268906 0.169180244207382 0.170146495103836 0.223810240626335 0.275611340999603 0.318842232227325 0.392549067735672 0.507049918174744 0.713574111461639 -99.9 -99.9 0.833095550537109 0.586223900318146 0.43282213807106 0.279946148395538 0.158051803708076 0.105651721358299 0.0815766304731369 0.0881938487291336 0.133821114897728 0.163247257471085 0.158304765820503 0.144569665193558 0.12474686652422 0.111910469830036 0.104142375290394 0.0669944882392883 0.0319681279361248 -99.9 -99.9 -99.9 -99.9 -99.9 -99.9 -99.9 -99.9 -99.9 -99.9 -99.9 -99.9 -99.9 -99.9 -99.9 -99.9 -99.9 -99.9 -99.9 -99.9 -99.9 -99.9
-99.9 -99.9 -99.9 -99.9 0.0477107875049114 0.0967148542404175 0.147106111049652 0.168049797415733 0.140682756900787 0.139252200722694 0.163918897509575 0.195773661136627 0.237611219286919 0.319615423679352 0.502036690711975 -99.9 1.39434039592743 1.47988533973694 0.856015861034393 0.50858336687088 0.286911845207214 0.183260157704353 0.126194447278976 0.097173273563385 0.0827004984021187 0.0932030081748962 0.140134572982788 0.16076685488224 0.139576599001884 0.116376437246799 0.0935523808002472 0.0771747231483459 0.0652028620243073 0.0365598350763321 0.0151056284084916 -99.9 -99.9 -99.9 -99.9 -99.9 -99.9 -99.9 -99.9 -99.9 -99.9 -99.9 -99.9 -99.9 -99.9 -99.9 -99.9 -99.9 -99.9 -99.9 -99.9 -99.9 -99.9
-99.9 -99.9 -99.9 -99.9 -99.9 0.0228974223136902 0.0666077509522438 0.129853397607803 0.146399527788162 0.142604321241379 0.119606338441372 0.128722563385963 0.180487290024757 0.290071159601212 0.634593546390533 -99.9 -99.9 1.45789420604706 1.13559806346893 0.500288546085358 0.158987656235695 0.104745283722878 0.123043939471245 0.124012142419815 0.107493497431278 0.111007519066334 0.136448174715042 0.126444563269615 0.0894560143351555 0.0692767277359962 0.0581668205559254 0.0444876104593277 0.0313849188387394 0.0155858546495438 -99.9 -99.9 -99.9 -99.9 -99.9 -99.9 -99.9 -99.9 -99.9 -99.9 -99.9 -99.9 -99.9 -99.9 -99.9 -99.9 -99.9 -99.9 -99.9 -99.9 -99.9 -99.9 -99.9
0.0161903295665979 0.0134149976074696 -99.9 -99.9 -99.9 -99.9 -99.9 -99.9 0.0414573363959789 0.0399430245161057 0.0347286760807037 0.0466112643480301 0.103742070496082 0.216560557484627 0.457205891609192 0.667316913604736 -99.9 -99.9 0.763217806816101 0.382907867431641 0.114899531006813 0.079824835062027 0.111622020602226 0.125782862305641 0.113500118255615 0.113346002995968 0.12507289648056 0.105073399841785 0.0686558187007904 0.0478415489196777 0.0352775193750858 0.0230201184749603 0.0136532792821527 -99.9 -99.9 -99.9 -99.9 -99.9 -99.9 -99.9 -99.9 -99.9 -99.9 -99.9 -99.9 -99.9 -99.9 -99.9 -99.9 -99.9 -99.9 -99.9 -99.9 -99.9 -99.9 -99.9 -99.9
0.0492928177118301 0.0512491539120674 0.0474924966692924 0.041783694177866 0.0348294675350189 -99.9 -99.9 -99.9 -99.9 -99.9 -99.9 0.0118982531130314 0.0482219196856022 0.13742558658123 0.215772032737732 0.293622106313705 0.320802748203278 0.356362879276276 0.384840458631516 0.242145299911499 0.103640288114548 0.0776221454143524 0.0948605313897133 0.102604366838932 0.0980525016784668 0.0998926013708115 0.108454577624798 0.0917275920510292 0.0615748204290867 0.0374189168214798 0.0211117435246706 0.0219907928258181 -99.9 -99.9 -99.9 -99.9 -99.9 -99.9 -99.9 -99.9 -99.9 -99.9 -99.9 -99.9 -99.9 -99.9 -99.9 -99.9 -99.9 -99.9 -99.9 -99.9 -99.9 -99.9 -99.9 -99.9 -99.9
0.127766937017441 0.15366442501545 0.179098337888718 0.158394902944565 0.107107095420361 0.0463822484016418 0.0147809041664004 -99.9 -99.9 -99.9 -99.9 -99.9 0.0156833399087191 0.0452443212270737 0.0978466868400574 0.171876639127731 0.23749715089798 0.285166293382645 0.281477272510529 0.196417629718781 0.10437348484993 0.0803194493055344 0.0858201384544373 0.0858876705169678 0.0805997252464294 0.0800796151161194 0.0841724276542664 0.0995809137821198 0.0781093835830688 0.0219951812177896 -99.9 -99.9 -99.9 -99.9 -99.9 -99.9 -99.9 -99.9 -99.9 -99.9 -99.9 -99.9 -99.9 -99.9 -99.9 -99.9 -99.9 -99.9 -99.9 -99.9 -99.9 -99.9 -99.9 -99.9 -99.9 0.0104863299056888 0.0182307176291943
0.251860737800598 0.299829721450806 0.318264544010162 0.299450844526291 0.250080794095993 0.167234033346176 0.0920023396611214 0.0298565421253443 0.00722986040636897 -99.9 -99.9 -99.9 -99.9 0.0103958500549197 0.0404556877911091 0.109336018562317 0.162715494632721 0.214743629097939 0.245059207081795 0.195975482463837 0.116815768182278 0.0885274931788445 0.0821757465600967 0.0640602484345436 0.0548981390893459 0.0481064170598984 0.0475621670484543 0.0520061329007149 0.031845536082983 -99.9 -99.9 -99.9 -99.9 -99.9 -99.9 -99.9 -99.9 -99.9 -99.9 -99.9 -99.9 -99.9 -99.9 -99.9 -99.9 -99.9 -99.9 -99.9 -99.9 -99.9 -99.9 -99.9 0.00862791668623686 0.0135973142459989 0.0194668639451265 0.0471520349383354 0.114513337612152
0.369451910257339 0.397273868322372 0.342187076807022 0.244335889816284 0.147896900773048 0.094879575073719 0.0639346614480019 0.023761497810483 -99.9 -99.9 -99.9 -99.9 -99.9 -99.9 0.0189886540174484 0.0598888732492924 0.112323045730591 0.203432530164719 0.195395588874817 0.23863597214222 0.275196582078934 0.141509383916855 0.0898967236280441 0.0607315972447395 0.0406938679516315 0.0382190234959126 0.0335526987910271 0.01481759455055 -99.9 -99.9 -99.9 -99.9 -99.9 -99.9 -99.9 -99.9 -99.9 -99.9 -99.9 -99.9 -99.9 -99.9 -99.9 -99.9 -99.9 -99.9 -99.9 -99.9 -99.9 0.0103883929550648 0.0157196149230003 0.0247725564986467 0.038748387247324 0.0554317869246006 0.180694952607155 0.266179919242859 0.265888094902039
0.383771479129791 0.339237123727798 0.218679577112198 0.0909883305430412 0.0279408507049084 0.0120691172778606 -99.9 -99.9 -99.9 -99.9 -99.9 -99.9 -99.9 -99.9 0.019408755004406 0.0979074016213417 0.135770618915558 0.149363949894905 0.185793578624725 0.182964935898781 0.195494055747986 0.134168103337288 0.0305993985384703 0.0164820812642574 0.0141562353819609 -99.9 -99.9 -99.9 -99.9 -99.9 -99.9 -99.9 -99.9 -99.9 -99.9 -99.9 -99.9 -99.9 -99.9 -99.9 -99.9 -99.9 -99.9 -99.9 -99.9 -99.9 0.00918625202029943 0.0141022484749556 0.0235660057514906 0.0456992164254189 0.0954679995775223 0.218931570649147 0.290007770061493 0.298719048500061 0.356828451156616 0.356190830469131 0.334742724895477
0.242688864469528 0.165771007537842 0.079945296049118 -99.9 -99.9 -99.9 -99.9 -99.9 -99.9 -99.9 -99.9 -99.9 -99.9 -99.9 -99.9 0.0307815819978714 0.0934856235980988 0.123592309653759 0.107043467462063 0.126851588487625 0.118422284722328 0.0572467222809792 0.0157705303281546 -99.9 -99.9 -99.9 -99.9 -99.9 -99.9 -99.9 -99.9 -99.9 -99.9 -99.9 -99.9 -99.9 -99.9 -99.9 -99.9 -99.9 -99.9 -99.9 -99.9 -99.9 0.0097220903262496 0.0148950293660164 0.0282351654022932 0.0714007392525673 0.133723303675652 0.183990865945816 0.259970486164093 0.292999297380447 0.235780239105225 0.245930328965187 0.300110667943954 0.269201099872589 0.265787184238434
0.101099319756031 0.0526614524424076 -99.9 -99.9 -99.9 -99.9 -99.9 -99.9 -99.9 -99.9 -99.9 -99.9 -99.9 -99.9 -99.9 -99.9 0.0250030308961868 0.0596930906176567 0.0820571631193161 0.0922817587852478 0.0657416209578514 0.0384215712547302 0.0199847463518381 0.0100572584196925 -99.9 -99.9 -99.9 -99.9 -99.9 -99.9 -99.9 -99.9 -99.9 -99.9 -99.9 -99.9 -99.9 -99.9 -99.9 -99.9 -99.9 -99.9 0.0119974687695503 0.0176789425313473 0.0275158490985632 0.0540732145309448 0.104372344911098 0.136209636926651 0.179696172475815 0.266777813434601 0.265432566404343 0.257454305887222 0.220101490616798 0.22159968316555 0.269818931818008 0.275453895330429 0.376183301210403
0.0216369740664959 0.0247743614017963 -99.9 -99.9 -99.9 -99.9 -99.9 -99.9 -99.9 -99.9 -99.9 -99.9 -99.9 -99.9 -99.9 -99.9 -99.9 -99.9 -99.9 0.0432416349649429 0.0441817380487919 0.0388067029416561 0.0212462395429611 0.0112875374034047 -99.9 -99.9 -99.9 -99.9 -99.9 -99.9 -99.9 -99.9 -99.9 -99.9 -99.9 -99.9 -99.9 -99.9 0.0103392787277699 0.0142155271023512 0.0161106251180172 0.0217477679252625 0.0369670055806637 0.0641531050205231 0.0999044999480247 0.114487111568451 0.15520367026329 0.169848203659058 0.230592414736748 0.197613716125488 0.21672111749649 0.292212277650833 0.222219809889793 0.254029840230942 0.385540276765823 0.317821323871613 0.345067948102951
-99.9 -99.9 -99.9 -99.9 -99.9 -99.9 -99.9 -99.9 -99.9 -99.9 -99.9 -99.9 -99.9 -99.9 -99.9 -99.9 -99.9 -99.9 -99.9 -99.9 -99.9 -99.9 -99.9 -99.9 -99.9 -99.9 -99.9 -99.9 -99.9 -99.9 -99.9 -99.9 -99.9 -99.9 -99.9 -99.9 0.0111324992030859 0.021824985742569 0.0358849801123142 0.0659243315458298 0.113821133971214 0.199689164757729 0.261434674263 0.301319390535355 0.171411544084549 0.196019574999809 0.178964242339134 0.159666776657104 0.156523540616035 0.155241325497627 0.282307058572769 0.350973308086395 0.313921213150024 0.288454234600067 0.442643046379089 0.855629146099091 0.729406595230103
-99.9 -99.9 -99.9 -99.9 -99.9 -99.9 -99.9 -99.9 -99.9 -99.9 -99.9 -99.9 -99.9 -99.9 -99.9 -99.9 -99.9 -99.9 -99.9 -99.9 -99.9 -99.9 -99.9 -99.9 -99.9 -99.9 -99.9 -99.9 -99.9 -99.9 -99.9 -99.9 -99.9 -99.9 0.0130995623767376 0.0291874129325151 0.0947410613298416 0.178392678499222 0.189651876688004 0.236422955989838 0.223782077431679 0.25657120347023 0.284412562847137 0.282451659440994 0.298504710197449 0.2403664290905 0.125094354152679 0.161540910601616 0.256328672170639 0.388241708278656 0.418029963970184 0.404483199119568 0.325419157743454 0.394172251224518 0.542230308055878 0.550636887550354 0.529555559158325
-99.9 -99.9 -99.9 -99.9 -99.9 -99.9 -99.9 -99.9 -99.9 -99.9 -99.9 -99.9 0.0147132333368063 0.0143314292654395 -99.9 -99.9 -99.9 -99.9 -99.9 -99.9 -99.9 -99.9 -99.9 -99.9 -99.9 -99.9 -99.9 -99.9 -99.9 -99.9 -99.9 0.00894483178853989 0.0171261355280876 0.0567191019654274 0.170525074005127 0.198813453316689 0.226973608136177 0.214793458580971 0.228620454668999 0.269493520259857 0.309765547513962 0.29652538895607 0.273627579212189 0.331282645463943 0.204475879669189 0.138324096798897 0.282920181751251 0.396550387144089 0.554516971111298 0.528463542461395 0.405034184455872 0.376676738262177 0.389504313468933 0.425330340862274 0.472095370292664 0.432883501052856 0.432922065258026
-99.9 -99.9 -99.9 -99.9 -99.9 -99.9 -99.9 -99.9 -99.9 -99.9 -99.9 -99.9 -99.9 -99.9 -99.9 -99.9 -99.9 -99.9 0.0397419482469559 0.0239946283400059 -99.9 -99.9 -99.9 -99.9 -99.9 -99.9 -99.9 -99.9 -99.9 0.0180681124329567 0.0468690656125546 0.137603744864464 0.246329575777054 0.303805083036423 0.276318788528442 0.270529836416245 0.258573681116104 0.352609485387802 0.260169595479965 0.22510090470314 0.239470794796944 0.284642428159714 0.292772054672241 0.219065338373184 0.216900825500488 0.425368934869766 0.533593654632568 0.500757217407227 0.483423352241516 0.423801392316818 0.463223993778229 0.42890852689743 0.356590509414673 0.440337926149368 0.430869042873383 0.400688618421555 0.35836187005043
-99.9 -99.9 -99.9 -99.9 -99.9 -99.9 -99.9 -99.9 -99.9 -99.9 -99.9 -99.9 -99.9 -99.9 -99.9 -99.9 -99.9 -99.9 -99.9 0.0193517785519361 0.0129466149955988 0.0162774100899696 0.0171185657382011 0.0134608997032046 -99.9 -99.9 0.0140076717361808 0.0284580681473017 0.0894899591803551 0.16964665055275 0.198087215423584 0.229161754250526 0.265797197818756 0.337647259235382 0.309906005859375 0.322575986385345 0.396770119667053 0.324145048856735 0.329038143157959 0.341296792030334 0.290576994419098 0.276354730129242 0.325795829296112 0.386643648147583 0.548874258995056 0.535661458969116 0.571238100528717 0.532943546772003 0.504801630973816 0.507085025310516 0.480130523443222 0.461301416158676 0.424209922552109 0.407453596591949 0.339212745428085 0.305640578269958 0.314700752496719
-99.9 -99.9 -99.9 -99.9 -99.9 -99.9 -99.9 -99.9 -99.9 -99.9 -99.9 -99.9 -99.9 -99.9 -99.9 -99.9 -99.9 -99.9 0.0341904535889626 0.051738191395998 0.0711493492126465 0.109946072101593 0.096857912838459 0.101891092956066 0.185967147350311 0.265300035476685 0.263487637042999 0.261672765016556 0.242995277047157 0.265416026115417 0.293882489204407 0.321734070777893 0.32645919919014 0.382043987512589 0.419919729232788 0.373511433601379 0.456995457410812 0.483638793230057 0.40106600522995 0.356016367673874 0.246804982423782 0.316588819026947 0.571641981601715 0.26565957069397 0.601987421512604 0.594711184501648 0.48935204744339 0.482784956693649 0.462194293737411 0.491559654474258 0.410847574472427 0.417002081871033 0.375588357448578 0.358871281147003 0.275240868330002 0.307018339633942 0.29957377910614
-99.9 -99.9 -99.9 -99.9 -99.9 -99.9 -99.9 -99.9 -99.9 -99.9 -99.9 -99.9 -99.9 -99.9 -99.9 -99.9 -99.9 -99.9 0.0350491851568222 0.0577808618545532 0.074431486427784 0.19597102701664 0.229974955320358 0.273390710353851 0.28627598285675 0.336525112390518 0.387572675943375 0.375714033842087 0.302863985300064 0.253991097211838 0.247988745570183 0.271037369966507 0.264587968587875 0.28215104341507 0.454010188579559 0.430285394191742 0.391930758953094 0.397702902555466 0.335319012403488 0.202408641576767 0.185177177190781 0.259910106658936 0.218051686882973 0.352121829986572 0.167414784431458 0.268181800842285 0.463941037654877 0.500137150287628 0.491838216781616 0.454078644514084 0.419080883264542 0.431235194206238 0.416665256023407 0.318416565656662 0.255707830190659 0.406090348958969 0.322724908590317
