fish_book/data/sediment/Wilson_et_al_2017_data_files_asc/Permeability.asc
NCOLS 200
NROWS 150
XLLCORNER -16
YLLCORNER 44
CELLSIZE 0.125
NODATA_VALUE -99.9
[rows 0 to 23 of 150, columns 110 to 164 of 200]
-99.9 -99.9 -99.9 -99.9 -99.9 -99.9 -99.9 -99.9 -99.9 -99.9 -99.9 -99.9 -99.9 -99.9 -99.9 -99.9 -99.9 -99.9 -99.9 -99.9 -99.9 -99.9 -99.9 -99.9 -99.9 -99.9 -99.9 -99.9 -99.9 -99.9 -99.9 -99.9 -99.9 -99.9 -99.9 -99.9 -99.9 -99.9 -99.9 -99.9 -99.9 -99.9 -99.9 -99.9 -99.9 -99.9 -99.9 -99.9 -99.9 -99.9 -99.9 -99.9 -99.9 -99.9 -99.9
-99.9 -99.9 -99.9 -99.9 -99.9 -99.9 -99.9 -99.9 -99.9 -99.9 -99.9 -99.9 -99.9 -99.9 -99.9 -99.9 -99.9 -99.9 -99.9 -99.9 -99.9 -99.9 -99.9 -99.9 -99.9 -99.9 -99.9 -99.9 -99.9 -99.9 -99.9 -99.9 -99.9 -99.9 -99.9 -99.9 -99.9 -99.9 -99.9 -99.9 -99.9 -99.9 -99.9 -99.9 -99.9 -99.9 -99.9 -99.9 -99.9 -99.9 -99.9 -99.9 -99.9 -99.9 -99.9
-99.9 -99.9 -99.9 -99.9 -99.9 -99.9 -99.9 -99.9 -99.9 -99.9 -99.9 -99.9 -99.9 -99.9 -99.9 -99.9 -99.9 -99.9 -99.9 -99.9 -99.9 -99.9 -99.9 -99.9 -99.9 -99.9 -99.9 -99.9 -99.9 -99.9 -99.9 -99.9 -99.9 -99.9 -99.9 -99.9 -99.9 -99.9 -99.9 -99.9 -99.9 -99.9 -99.9 -99.9 -99.9 -99.9 -99.9 -99.9 -99.9 -99.9 -99.9 -99.9 -99.9 -99.9 -99.9
-99.9 -99.9 -99.9 -99.9 -99.9 -99.9 -99.9 -99.9 -99.9 -99.9 -99.9 -99.9 -99.9 -99.9 -99.9 -99.9 -99.9 -99.9 -99.9 -99.9 -99.9 -99.9 -99.9 -99.9 -99.9 -99.9 -99.9 -99.9 -99.9 -99.9 -99.9 -99.9 -99.9 -99.9 -99.9 -99.9 -99.9 -99.9 -99.9 -99.9 -99.9 -99.9 -99.9 -99.9 -99.9 -99.9 -99.9 -99.9 -99.9 -99.9 -99.9 -99.9 -99.9 -99.9 -99.9
-99.9 -99.9 -99.9 -99.9 -99.9 -99.9 -99.9 -99.9 -99.9 -99.9 -99.9 -99.9 -99.9 -99.9 -99.9 -99.9 -99.9 -99.9 -99.9 -99.9 -99.9 -99.9 -99.9 -99.9 -99.9 -99.9 -99.9 -99.9 -99.9 -99.9 -99.9 -99.9 -99.9 -99.9 -99.9 -99.9 -99.9 -99.9 -99.9 -99.9 -99.9 -99.9 -99.9 -99.9 -99.9 -99.9 -99.9 -99.9 -99.9 -99.9 -99.9 -99.9 -99.9 -99.9 -99.9
-99.9 -99.9 -99.9 -99.9 -99.9 -99.9 -99.9 -99.9 -99.9 -99.9 -99.9 -99.9 -99.9 -99.9 -99.9 -99.9 -99.9 -99.9 -99.9 -99.9 -99.9 -99.9 -99.9 -99.9 -99.9 -99.9 -99.9 -99.9 -99.9 -99.9 -99.9 -99.9 -99.9 -99.9 -99.9 -99.9 -99.9 -99.9 -99.9 -99.9 -99.9 -99.9 -99.9 -99.9 -99.9 -99.9 -99.9 -99.9 -99.9 -99.9 -99.9 -99.9 -99.9 -99.9 -99.9
-99.9 -99.9 -99.9 -99.9 -99.9 -99.9 -99.9 -99.9 -99.9 -99.9 -99.9 -99.9 6.44667370701402e-13 6.8014855086982e-14 6.57405065714739e-13 8.83161003096405e-13 1.74282382145799e-13 3.17478221446496e-13 6.6133574311289e-12 6.46590116518131e-12 8.0612365740973e-12 1.62541109044456e-11 9.32884238608045e-12 1.08304175090029e-12 1.2698972732747e-12 1.46092480560883e-12 1.26509653447515e-12 9.13590058639058e-13 3.35646386986216e-13 1.66871955164551e-13 2.12339936690102e-15 4.95665998920443e-16 6.42184064070597e-16 1.30358719983528e-15 4.9160500533395e-16 8.09223778769033e-16 6.79490836139025e-16 4.71004105265542e-16 4.81004070361707e-16 4.41210568378819e-16 4.70577994753514e-16 4.62242131761347e-16 4.68080306350297e-16 4.27776917002941e-16 4.84830277003133e-16 4.91314790670397e-16 5.40552604136053e-16 7.19827910927902e-15 8.35249973568999e-14 1.96579447056359e-13 2.08108581908027e-13 3.79929215258562e-13 1.95155144214892e-13 3.60296102848434e-14 7.68485142600521e-14
-99.9 -99.9 -99.9 -99.9 -99.9 -99.9 -99.9 -99.9 -99.9 -99.9 7.46054422667147e-13 6.02831532522247e-13 1.14917331293235e-12 1.4325849263374e-13 1.53871192046587e-13 3.95713626796801e-12 2.28857124223714e-12 9.93161390801245e-13 1.75712536968492e-12 8.23961233444026e-13 7.33062536454471e-13 1.28437701012868e-12 9.41520624485326e-13 4.86758420029099e-13 2.44721425199032e-13 5.5946171089935e-13 1.3471668442247e-12 1.59283925025427e-12 1.19283164075334e-12 3.66028333944474e-13 2.12938085946465e-14 2.13202110351288e-15 5.18578240143671e-16 4.57719928735075e-16 4.94182950108919e-16 5.27460704084613e-16 5.65486501246141e-16 4.61948052509972e-16 4.59903632612656e-16 5.58519761134093e-16 4.61499866201756e-16 5.35229213820796e-16 4.2723605999634e-16 4.4791197542014e-16 4.91564400692041e-16 4.76069732867037e-16 4.60981429098478e-16 6.51892268668081e-15 1.58997825078526e-14 4.15367169641617e-14 2.18243053295118e-13 3.46771548108415e-13 3.60000149536664e-14 5.55884277411017e-13 2.0823780525446e-13
-99.9 -99.9 -99.9 -99.9 -99.9 -99.9 -99.9 -99.9 6.01392958869684e-13 1.00086009358763e-12 1.41454101036664e-12 1.35978164492179e-12 2.78153720759469e-13 1.18623286107095e-12 3.16604251496266e-12 3.33086943443694e-12 2.86387797157617e-12 1.64625062713808e-12 1.0558402025948e-12 6.11469371230439e-13 5.11093120950101e-13 4.47001810566228e-13 4.27786793618865e-13 7.44888146390205e-13 3.26498458260924e-13 4.94937044907134e-13 1.22768483747093e-12 1.28856831888707e-12 2.00479585189817e-12 2.1065989664476e-12 1.00536061680562e-12 2.09055930661291e-13 7.9049214277236e-15 2.04733856109466e-15 4.57030761553365e-16 1.25957187388503e-15 5.55745992929631e-16 6.14834164297144e-16 4.8346014827139e-16 4.5713542306191e-16 4.73397396858009e-16 4.64183001880862e-16 2.76482724230796e-16 4.73681894049168e-16 4.08027708562997e-16 4.61699607158631e-16 4.40075861866853e-16 3.72414525933045e-16 1.70840404472325e-15 1.2740988065678e-15 6.60691119869217e-15 1.25366947725802e-13 5.80031763721886e-14 4.41017055231689e-14 1.30082996783153e-13
-99.9 -99.9 -99.9 -99.9 -99.9 -99.9 -99.9 3.07870309107505e-12 1.44206304883432e-11 6.20727427791401e-12 1.2812418227065e-12 3.68015269950825e-13 1.60903625492925e-13 1.33574046463393e-13 2.31613187830215e-12 2.45578015388437e-12 2.54537558565249e-12 2.01438258434772e-12 1.32040678304385e-12 7.11915389920575e-13 7.0692106682313e-13 6.96950689434844e-13 6.48998378909721e-13 6.89076562736951e-13 5.6216018168645e-13 4.01695034657132e-13 6.00802231316006e-13 5.8394901327613e-13 9.93430056099587e-13 2.31162506671156e-12 6.274313100324e-12 2.40320992273002e-11 4.60061567834902e-13 2.66176698602216e-14 2.55529172582709e-14 2.45916449774205e-15 7.78394585285614e-16 5.96684471698971e-16 5.35997049187483e-16 5.01368859996069e-16 4.81577617546117e-16 4.5135707017486e-16 4.6963058840201e-16 2.26488060356989e-16 2.11064013903961e-16 3.02518399447025e-16 4.91406799624293e-16 2.69308116939535e-16 3.9464119986459e-16 5.02820992105018e-15 2.21854395206396e-14 2.0191683204997e-14 1.63635598127154e-13 2.22282112963441e-13 2.2938516862879e-13
-99.9 -99.9 -99.9 -99.9 -99.9 -99.9 6.99893702021948e-12 2.73142597949361e-12 1.84549380985444e-12 4.65032266167009e-12 2.75822686088625e-13 4.44614343172306e-13 1.70226693526655e-13 1.57047682150524e-12 1.66903643683547e-12 1.77335912881355e-12 1.87718720776053e-12 1.89549699720903e-12 1.34112978968787e-12 1.07868098134234e-12 1.08740338781999e-12 8.44993183497095e-13 7.46681416783496e-13 6.85925871223708e-13 7.64243919884611e-13 6.68524914246293e-13 6.08549126888958e-13 9.706417527372e-13 1.29321217363226e-12 1.30360641985988e-12 3.2209966031177e-12 1.014483635986e-11 1.27589573021419e-12 4.15358806377109e-12 2.28342995553521e-12 6.29139047716304e-13 2.16948753070396e-14 2.16529594581282e-15 1.0315855022416e-14 3.66000818926215e-15 5.05153085567046e-16 1.79254869475018e-16 1.18536636140074e-16 7.87551249673449e-17 9.13609472210692e-17 2.41734653407566e-16 5.209714523268e-17 1.08068830924338e-16 3.04233905863011e-16 2.05445803183501e-16 1.76154742122957e-16 2.3593613160725e-14 1.10838581016256e-14 2.10358748649331e-13 1.94718915470793e-13
-99.9 -99.9 -99.9 -99.9 4.24609826465971e-12 3.44632373854015e-12 2.85868724525518e-12 2.02239852468977e-12 1.79539911583648e-12 1.51914396860631e-12 1.2340269864991e-12 1.91444755014147e-12 1.66909357428996e-12 1.3107748393637e-12 1.3146625715138e-12 1.3491474647534e-12 1.39327720367899e-12 1.37305021952888e-12 1.09961443162804e-12 9.75049142988571e-13 1.33544932924556e-12 9.62377096416778e-13 8.19145641074714e-13 7.99252808034168e-13 7.81782082646953e-13 5.95859678872296e-13 4.91056956382352e-13 5.70086350088622e-13 3.74270520174871e-13 6.77740307451768e-13 9.78030373702254e-13 1.46868086269014e-12 4.88806261092489e-12 4.28753560433037e-12 1.87702848056248e-12 1.00022681109868e-12 7.895169977859e-13 2.16683550442742e-13 4.33705331305718e-14 1.33870330118013e-14 2.34452367052886e-15 2.41224607224421e-16 3.74749643567392e-17 2.31854937211408e-17 3.82727767488242e-17 1.68587588000204e-16 4.46291568304818e-17 8.77189503933371e-17 4.91811979158101e-17 6.87470005616168e-17 8.85471434749598e-17 5.56992560730193e-15 1.65254535587373e-14 1.28449497132505e-13 1.41139953457187e-12
-99.9 -99.9 1.07662047679757e-11 2.46234890116659e-11 3.52383074976592e-12 3.44276148388223e-12 2.54908594232717e-12 2.21577660733385e-12 2.09157018961348e-12 2.0885493855205e-12 1.83431633597742e-12 2.50091375560146e-12 7.69755786889093e-12 7.24929404699592e-12 3.47037611321543e-12 2.013603693507e-12 2.14640935233823e-12 4.54670112323696e-12 1.25727813576892e-12 1.10643503907493e-12 1.20583567003035e-12 1.33431473877711e-13 1.03250449910806e-13 1.31292207466126e-13 1.64976146350797e-13 2.05081218391905e-13 2.52449455654183e-13 2.34264972871767e-13 2.33920792892112e-13 4.17397426301022e-13 5.09921586292622e-13 2.62444428168751e-12 1.71538835653379e-12 1.49855160832407e-12 9.55342792721692e-13 8.55631266793305e-13 8.3093297867376e-13 7.86457433465254e-13 3.30276062575352e-13 5.55158641225763e-14 1.10040091527209e-14 5.29420314808086e-16 2.7083928119293e-17 6.03002589714214e-18 1.53467414617004e-17 1.01153912023305e-16 1.82843946595882e-16 9.64965609198313e-17 6.06640768435057e-13 5.94552939756985e-17 1.20070546633103e-16 8.21671298505849e-16 1.08208885916342e-13 1.10763113091161e-12 8.12685097169308e-13
2.75379805764198e-11 1.49884098188391e-11 1.73366061090308e-11 4.00503198313973e-12 3.90442105729916e-12 3.61454247609083e-12 6.80438171085651e-12 1.88930815436805e-11 8.04536298693037e-12 4.69612846873413e-12 5.97811253624791e-12 1.02209074537285e-11 5.38551928747077e-12 1.53843032063561e-11 1.95344695280708e-11 4.88950763558038e-12 2.7201342307076e-12 1.4392141992059e-12 8.52766804653599e-13 4.94535348002229e-13 2.66587018302525e-13 1.30590579582729e-13 9.59568186085884e-14 1.22475461846946e-13 1.54418524408312e-13 1.92546689313164e-13 1.87192289121708e-13 1.5580031297209e-13 1.43951989000843e-13 2.72738944059533e-13 5.62727436263094e-13 3.36604875916802e-13 1.7336297328252e-12 9.01734362093037e-13 8.09830230218828e-13 7.90843410723718e-13 7.70793585208596e-13 7.52793281270231e-13 7.36357697907197e-13 4.48298299524086e-13 5.31115814305858e-14 3.65134219517879e-15 3.16090461300439e-16 3.03327316738833e-18 6.21553810670971e-18 5.23508845399418e-17 4.78717557860154e-16 6.91613584915018e-17 1.02348374062721e-16 1.44560598478829e-16 5.8602164191169e-14 2.87953350281632e-16 2.12903255951673e-14 2.06295416404871e-13 2.12147465393497e-12
3.70205081867692e-11 2.7101057509249e-11 3.39805093785284e-11 2.40269193430009e-11 1.10600686595297e-11 2.71230034959435e-11 5.41173252044391e-11 5.2207078937716e-11 5.05271519068984e-11 2.25340059112344e-11 6.41349473529118e-11 6.13602139765135e-07 5.22968994498552e-11 3.85840838446061e-11 2.21979570141917e-11 5.29542729110766e-11 6.36896481734373e-12 2.06928853392629e-12 1.04996913941058e-12 4.86591723945079e-13 2.61695829936737e-13 1.27797281763119e-13 8.90730834902063e-14 1.14129395495897e-13 1.34435404431851e-13 1.27226056296018e-13 1.20323130799183e-13 9.44355135540018e-14 8.36658691004237e-14 1.77675731657771e-13 3.93650064801909e-13 7.75720091460153e-13 2.13247009026724e-13 7.49853954970514e-13 7.35872734275445e-13 7.21932930103364e-13 7.07067108855763e-13 6.9136997559241e-13 6.76621736070415e-13 6.62238438999679e-13 4.30439700809665e-13 2.81278686188038e-14 1.66134797637148e-15 1.60046743034802e-16 7.13068896381745e-18 4.8710690965945e-17 3.88755485551475e-16 2.90493734439345e-16 2.76018093572002e-17 2.36452638666549e-17 7.28966811446647e-17 2.7098315106251e-16 2.63545619450466e-16 1.25243186047813e-13 2.45124938142577e-13
4.49316486794693e-11 6.13621028988653e-11 1.16835716448827e-11 8.65900233459893e-12 8.88535078846786e-12 1.86374871091743e-09 1.69209835032547e-09 4.29205178342773e-11 4.2380838422007e-11 1.26835000835435e-10 -99.9 -99.9 3.01995828344559e-09 2.75291404255862e-11 3.59669599658829e-10 9.95207319332003e-11 1.66704202525514e-11 2.89740475535594e-12 1.54727652131731e-12 7.4847848188439e-13 3.16025580270746e-13 1.25050997660213e-13 8.25823310017688e-14 8.86645561116138e-14 8.34715258610057e-14 7.85198254614657e-14 7.38012353052736e-14 5.29501166220483e-14 4.52302583407727e-14 1.11717635197048e-13 2.67233257007435e-13 5.56326360846848e-13 2.52511499123503e-13 1.28488514858187e-13 1.6827113162067e-13 6.53820151231416e-13 6.4132629328667e-13 6.2924795582453e-13 6.21735573181487e-13 6.83572393567894e-13 6.23999549947962e-13 3.49281205087176e-13 5.42132257055211e-14 4.11466921732689e-15 4.15123409441265e-16 8.15684390225317e-17 4.76611939832398e-16 5.79587323416879e-17 2.52158664372951e-17 2.19945819409135e-17 2.59792760568317e-16 2.89305585442364e-16 6.11134017334094e-15 4.89930548252171e-15 9.17017452099246e-14
1.15713506484982e-11 1.05858195473263e-11 9.84075494703252e-12 9.13740871161250e-12 6.61675271865225e-12 6.93466161230671e-12 7.26441259576993e-12 7.60632095503366e-12 1.01656877360412e-11 -99.9 -99.9 9.1020298936817e-12 1.12480511016422e-11 1.05284475582224e-10 4.64922156329095e-10 1.7335263780005e-10 3.69446556680586e-11 3.96511296019142e-12 2.2125938234363e-12 1.13455089507247e-12 5.19447549210406e-13 2.10438627244389e-13 8.49522749780778e-14 5.24915567013274e-14 4.90570617169093e-14 4.58011382184313e-14 4.04875514625064e-14 2.7322531715411e-14 2.22409947175841e-14 6.66911526545945e-14 1.75084420702895e-13 3.88813520225614e-13 7.6748655174208e-13 5.27899155866682e-14 7.27244395888789e-14 9.85611264370072e-14 1.31089841130631e-13 2.12637321487553e-13 2.86053217788199e-13 8.21515381763116e-13 6.06994489393831e-13 2.77287958219685e-13 1.31779082004208e-13 1.5600374995723e-14 2.08026950801801e-15 5.09457442307196e-16 2.29039800050151e-16 5.34644919905869e-16 5.47997560521275e-17 1.51266373033784e-16 3.13074759310418e-16 2.65031924044881e-16 4.7197178746822e-16 3.37000184287461e-16 7.15836183460671e-15
9.57055528577611e-12 8.88250150515857e-12 8.23381293701964e-12 7.62283465516322e-12 4.82920300970413e-12 5.0779372026688e-12 -99.9 -99.9 -99.9 -99.9 6.47622580562945e-12 8.81748753872591e-12 2.37899110133721e-11 7.16063805472622e-11 3.52733536823635e-10 1.5378440187952e-10 5.58445477361058e-11 1.04418366314585e-11 3.08359913124556e-12 1.72438560826216e-12 9.39372819981632e-13 4.66640506617544e-13 2.2192862239763e-13 1.05500135537395e-13 4.34574861448052e-14 2.48752892064016e-14 2.00166387642493e-14 1.26174612275734e-14 9.60927877254134e-15 3.73059940686656e-14 1.09917053215357e-13 2.63663955035395e-13 5.49982422885092e-13 1.03681375551029e-12 2.60662090599117e-14 7.3735708836474e-14 2.01938251819141e-13 4.61474662736411e-13 1.6255731569853e-12 9.16484770019377e-13 6.30786167656744e-13 4.06801166103615e-13 2.90971592523462e-13 1.62886793896727e-13 4.27178773040535e-14 8.60768010010502e-15 3.2896504446135e-16 3.77341498211542e-17 1.21662518587687e-16 1.96560116546893e-17 2.59197058178381e-16 4.64462575693015e-16 2.44225380258747e-16 5.81382556809026e-16 4.49092368771698e-16
7.99893137837238e-12 7.401760628023e-12 6.84009055992862e-12 6.31236946393998e-12 5.81708682959037e-12 3.63533638955693e-12 -99.9 -99.9 -99.9 -99.9 6.81902754748331e-12 1.93580325380527e-11 4.53112165843539e-11 9.28886481621483e-11 2.62952409846307e-10 1.07948018579496e-10 3.5783702390102e-11 8.59635800043446e-12 3.71422901115914e-12 2.90203559967506e-12 1.69338783446993e-12 9.20130399824359e-13 4.91184512767945e-13 2.64820744543329e-13 1.29751501968915e-13 3.31635963807773e-14 9.02069590628506e-15 5.60986194021555e-15 3.58694651536378e-15 1.91909205540797e-14 8.61659715475395e-14 2.78975925476974e-13 7.11063965954523e-13 9.96789456531033e-13 9.9102278846349e-14 1.97803091180754e-13 4.43898281847488e-13 8.95770382782629e-13 2.96347169893851e-12 3.41658754239582e-12 9.38356922546013e-13 8.41803081234882e-13 6.94981886709828e-13 5.29631406006453e-13 3.86653979233403e-13 1.66326642129372e-13 4.19732671572647e-16 2.37504084486778e-17 2.74471327865074e-18 1.5401716298801e-18 5.34592106078118e-18 2.16468481154138e-16 1.15590073214372e-16 5.01341966699994e-16 4.09930234559781e-15
6.9446583900179e-12 6.12175414527183e-12 5.63832834588052e-12 5.18533046361958e-12 -99.9 2.53550696063809e-12 -99.9 -99.9 -99.9 5.19415630298448e-12 1.56006388363217e-11 3.78938998235601e-11 7.97438295951913e-11 1.51318083063678e-10 1.92146576427632e-10 7.48827042040823e-11 2.34086708350567e-11 4.9277452777996e-12 2.07533165999529e-12 2.19113160775108e-12 2.19458370746828e-12 1.66282829519582e-12 9.67189761440224e-13 4.19431145631116e-13 9.98537868059438e-14 1.22998043905953e-14 1.82373181565666e-15 1.58182793036019e-14 8.96241292443721e-14 2.01875896641696e-13 5.46958854076574e-13 7.81462080375744e-13 6.7577513680403e-13 5.81627356954079e-13 4.98078520701911e-13 4.58022563019217e-13 8.47870656062871e-13 1.29442203483654e-12 4.21738685640882e-12 1.59435745855641e-11 2.9123344361115e-12 5.80486179957429e-13 5.41991256562679e-13 3.97228555387361e-13 1.28419003946403e-13 1.11422178246585e-14 1.90658249050776e-16 4.4335967625446e-17 7.08477051365341e-18 1.76166185339552e-18 1.0328892639567e-17 1.11974513079017e-16 5.06093609775854e-16 9.90560880221529e-16 1.00433405946036e-15
3.52469858855287e-11 5.9699792852308e-12 4.76470599086731e-12 4.2223832937005e-12 3.86196760335245e-12 1.71524274818202e-12 -99.9 -99.9 -99.9 1.24401452680778e-11 3.1463279898114e-11 6.81028844429221e-11 1.05017362861393e-10 8.05308320028786e-11 7.89451004568065e-11 5.32891265836444e-11 1.50386855746198e-11 2.6169522278352e-12 9.56281278122195e-13 1.20518612450882e-12 1.2073476983801e-12 1.20188602993621e-12 7.69273750603205e-13 2.19948340682112e-13 3.92421589201584e-14 6.45766484041891e-15 9.32881599931008e-15 5.72388612744314e-14 2.24963995457302e-13 1.15141500934418e-12 6.19354123109622e-13 5.6838848948651e-13 4.92192820788356e-13 4.24241073044077e-13 3.6386789848547e-13 5.65634128077419e-13 8.87618049807276e-13 1.12012417570473e-12 3.23295860568673e-12 1.04906708320307e-11 3.67571511422637e-12 9.43998568550541e-13 8.41746512986533e-14 5.43238312677736e-14 5.32011018016822e-15 5.0534356210106e-16 4.81879637731372e-16 3.21942664872579e-16 1.52427433520066e-17 1.80111195796455e-18 9.39153156942187e-18 1.26357913381894e-16 5.05400578006322e-16 6.54143851648472e-16 1.9535450411282e-16
4.0843627091558e-11 5.26780008502925e-11 5.10586625063203e-12 4.0426954318884e-12 3.16131777873541e-12 2.81909521768209e-12 1.19881535254329e-12 -99.9 9.80473341405386e-12 8.94277100288443e-12 5.6320581878766e-12 3.36884188080477e-12 1.88925286005726e-12 9.75092944756339e-13 8.59520625246663e-13 1.64863608875798e-12 2.91718602399293e-12 1.25652027845036e-12 3.76667067761988e-13 5.96048167419982e-13 5.94369280355889e-13 3.51285976219265e-13 1.94021881894102e-13 9.88658685626385e-14 2.51493822918695e-14 1.91152686534286e-14 3.48321564191782e-14 9.87093328082278e-13 2.49478215863519e-12 9.42928027325429e-13 4.3815179349288e-13 4.23676122397049e-13 4.09577780762296e-13 3.7282975101291e-13 3.91833592482127e-13 5.16597669589919e-13 5.45038677818993e-13 5.74691878287015e-13 2.23048641188883e-12 2.73695953054154e-12 6.32523981108912e-13 7.3050303328083e-14 3.25524146754883e-14 5.01234694212389e-14 3.98244652722755e-15 4.94063624342474e-16 5.41855129050693e-16 4.91974894034104e-16 2.49870054141364e-17 1.85111295804185e-18 9.29378694515893e-18 1.44835579784222e-16 5.05244776883586e-16 5.1568350504643e-16 4.36285230609213e-16
3.57899057612521e-11 4.47674917969376e-11 5.46586994415454e-12 4.34294744264263e-12 3.40934333716014e-12 2.64081291556639e-12 1.13185340006733e-12 -99.9 3.79925393445904e-13 2.71183927093646e-13 1.88487084013672e-13 1.26990974159968e-13 8.24522877274428e-14 5.11975478559388e-14 4.86870540086261e-14 6.76171561775872e-14 9.07639577645697e-14 1.19701760981604e-13 1.89214922484589e-13 4.03440301999236e-14 1.2642979111549e-13 6.78451977757788e-14 2.70758350635891e-14 5.30315131001477e-14 3.23921153842863e-14 9.48013843533706e-14 8.72202397111943e-12 4.8368557423184e-12 2.1081873226303e-12 7.65243337447208e-13 3.01381288632038e-13 2.90595265949392e-13 2.80113958287323e-13 2.71776877261778e-13 2.4338883230883e-13 2.32039593702632e-13 2.4729442668972e-13 2.63323867918941e-13 1.48967275147294e-12 4.07989939575637e-13 7.92861734382963e-14 4.86416665951804e-14 2.81621700650358e-14 1.21059819070332e-13 7.5818969429587e-15 9.18951232552992e-16 5.05620541874812e-16 5.04173333144869e-16 3.97590912694064e-17 1.99076999676224e-18 1.01623423047712e-17 1.67958560157749e-16 5.06728090392906e-16 5.09184327121266e-16 4.13595123776401e-16
4.17196693858202e-11 4.85710083264479e-11 5.84545996676344e-12 4.66039229776727e-12 3.67235885798123e-12 2.96557006382314e-12 1.71282085736912e-12 1.09186780710563e-12 6.62929834725073e-13 3.78845799132652e-13 2.00390105984521e-13 9.57010011059904e-14 4.48166216594423e-14 2.59094351198362e-14 2.56251708627376e-14 4.24194371035497e-14 5.86875993223608e-14 2.97622678184419e-14 9.00062546059987e-15 1.04946077734069e-14 8.52121040287139e-14 8.73325866376611e-15 7.48553423971432e-15 9.07085211522378e-15 1.41832278885944e-14 1.52515240020579e-12 4.08217556979729e-12 4.95149971371789e-12 1.77017667017665e-12 6.1492591617654e-13 2.00567129094234e-13 1.94155170998682e-13 1.892949772625e-13 1.84530599893311e-13 1.7518609176162e-13 1.31015817227305e-13 9.60876953633345e-14 1.257780229795e-13 2.51310907847802e-13 1.10687934512521e-13 7.03820343477511e-14 4.26001803819666e-14 2.424988920606e-14 3.3189507457447e-13 6.25038012341296e-14 1.44891829654062e-14 1.1619362389396e-16 8.3200916357352e-17 3.30452401229504e-17 2.29479733577396e-18 1.21528920646954e-17 1.94413119636175e-16 5.09858141830807e-16 4.70728766618125e-16 2.72255209260829e-16
