fish_book/data/sediment/Wilson_et_al_2017_data_files_asc/Permeability.asc
NCOLS 200
NROWS 150
XLLCORNER -16
YLLCORNER 44
CELLSIZE 0.125
NODATA_VALUE -99.9
[rows 96 to 119 of 150, columns 55 to 109 of 200]
6.23354381892698e-14 1.03932210060442e-11 3.61181597867757e-13 5.96796036526036e-14 3.72470329522401e-15 1.49972699613443e-15 3.64928898731465e-15 1.82951747420288e-14 6.02838159708026e-14 8.65985682143612e-14 6.48351408368344e-14 4.76097771775173e-14 1.15649989042808e-13 1.57664273347027e-13 9.96849290938427e-14 1.32058914584926e-13 1.72142668500817e-13 2.64639791200741e-13 4.59267443953665e-13 7.514598752284e-13 1.09224504440952e-11 2.86320359782488e-11 1.85424765819509e-11 3.10886420773482e-11 4.94784178906027e-11 8.15966738620943e-11 1.37550276724241e-10 2.19875728735275e-10 2.60629184900552e-10 4.30163266118555e-10 1.09562492411897e-09 2.10119655008612e-09 2.03750660787705e-09 2.47008746789845e-09 3.65339181129798e-09 -99.9 -99.9 -99.9 -99.9 -99.9 -99.9 -99.9 -99.9 -99.9 -99.9 -99.9 -99.9 -99.9 -99.9 -99.9 -99.9 -99.9 -99.9 -99.9 -99.9
2.04020177488329e-13 8.04373047661421e-14 1.13560446853359e-13 9.90985993352261e-14 1.16953421976768e-14 1.93859753011734e-15 1.26613224994064e-15 7.91844621455065e-16 2.11104094444234e-15 4.33428199066036e-15 1.79345640172624e-14 1.63686636944424e-13 7.25349576409517e-13 8.98341026133592e-13 3.74388671106618e-13 1.2700864665538e-13 7.81679205413312e-14 1.29700666439553e-13 4.4156640149895e-12 1.08185280178752e-10 7.02752245285154e-10 1.06894204598973e-09 5.58392720950707e-10 2.62206173440305e-10 2.00093261404355e-10 2.91032614674336e-10 3.41799033520829e-10 3.11744047243323e-10 2.83799789224659e-10 4.64352722939765e-10 1.16634413238614e-09 1.30042332457947e-09 1.25674470830006e-09 -99.9 -99.9 -99.9 -99.9 -99.9 -99.9 -99.9 -99.9 -99.9 -99.9 -99.9 -99.9 1.93820241974063e-12 1.87071603867384e-12 1.80508461910395e-12 1.7412706476358e-12 2.25420336151701e-13 2.36945077274064e-12 1.33150504511015e-11 2.21827035906674e-11 -99.9 1.3830361335343e-11
2.80842650567451e-13 1.22213708337454e-12 4.59372286303744e-13 1.10358750404164e-13 1.38603838218472e-14 2.47222638106342e-15 1.65197121576626e-15 1.06205024921155e-15 7.38225847707091e-16 1.44273105967411e-14 2.26107666118948e-13 9.18619130416132e-13 2.6882283291757e-12 3.1691170954834e-12 1.65367936358352e-12 7.75378079884842e-13 3.39545936939994e-13 2.12449953462812e-11 4.97090313356097e-10 2.04963135352898e-09 6.04994765396327e-09 7.92568499718982e-09 5.25924725991445e-09 3.35292971165302e-09 1.13486042785382e-09 3.93170634938045e-10 3.70397185145421e-10 3.3836994317582e-10 3.08553738115336e-10 5.0063503342912e-10 7.9073347869496e-10 7.61196106147111e-10 -99.9 -99.9 -99.9 -99.9 -99.9 -99.9 -99.9 -99.9 -99.9 -99.9 -99.9 -99.9 -99.9 2.08869261540375e-15 1.30062230923418e-14 1.44867922996159e-13 7.00044080863271e-13 2.56887783614546e-12 1.82425227701621e-10 2.52822509594353e-08 3.74489360410735e-07 2.03040485757811e-06 7.10740488685246e-09
9.49041734955858e-14 1.26316134540561e-14 3.2619577611942e-13 1.01847275459175e-13 1.63274748539097e-14 3.11460049815155e-15 2.3402650006283e-15 1.90840228785538e-15 1.54161796345296e-15 2.15913492461603e-14 4.17902149517368e-13 2.50256261026538e-12 7.44882280856451e-12 8.52149774355215e-12 5.30764494854896e-12 3.29160917272864e-12 1.93164126187362e-12 4.64335132843718e-11 1.293914420053e-09 8.76664341120659e-09 2.61095411957513e-08 3.18958690570526e-08 1.69213141276714e-08 5.27086685409017e-09 1.10245368389883e-09 3.79111964043943e-10 3.67469887851968e-10 3.56109752797096e-10 3.34967859005886e-10 4.52730408717628e-10 4.33683200462553e-10 -99.9 -99.9 -99.9 -99.9 -99.9 -99.9 1.65859614931207e-09 9.20608034249426e-10 4.68771188533168e-10 -99.9 -99.9 -99.9 -99.9 -99.9 2.05462686794777e-12 3.61690842207163e-12 5.98555319891725e-12 1.11885873829709e-11 2.47422343030435e-11 2.2318867587412e-10 2.436807022832e-08 2.41967626379846e-07 1.50663140630058e-06 2.52207109951996e-06
2.3645991306491e-13 6.99179958179273e-14 1.92053092721613e-13 5.08985723306123e-14 1.19164762421835e-14 5.201471357444e-15 4.19352459658448e-15 3.50517628397646e-15 2.90865650724617e-15 3.12823328167938e-14 5.0981999654906e-13 2.86664745760556e-12 7.76371068128556e-12 1.38043751776729e-11 1.49823070616506e-11 1.0271435611775e-11 6.80876709180378e-12 9.05988964405857e-11 1.81266934795588e-09 1.09836300055122e-08 2.82774959003973e-08 3.12834416149599e-08 1.66509028787232e-08 5.16261167149423e-09 1.07077635647101e-09 3.65450142369994e-10 3.54139106928386e-10 -99.9 -99.9 -99.9 -99.9 -99.9 -99.9 -99.9 4.98077690203047e-10 8.58545512461006e-10 1.37487876639142e-09 1.14934295414315e-09 4.92206275737317e-10 1.85666509944227e-10 5.38558329876704e-11 9.87504088917346e-12 6.56602430846448e-13 1.11566333428625e-12 8.4868301622465e-12 1.86507666949387e-11 4.25938069537057e-11 5.5276741517396e-11 7.07433694957516e-11 6.82558898290608e-10 4.25250723523618e-10 2.03492014905216e-10 4.07616607134287e-09 0.00256835483014584 0.00058120588073507
3.03810226759058e-13 5.07055131931423e-14 1.34640779428374e-13 5.78390552683286e-14 2.05436846868875e-14 9.9177080325921e-15 7.91825796147812e-15 6.24930489978972e-15 5.08189317518126e-15 4.40898877194888e-14 3.79444224521755e-13 1.10837912199041e-12 2.64373570778298e-12 5.40769599238766e-12 9.90802925815437e-12 1.69209941197623e-11 1.82990306935027e-11 1.62420077387537e-10 1.2900865931087e-09 3.07529735010803e-09 6.3865437383015e-09 7.33618588100171e-09 4.8603521207724e-09 3.09269831966219e-09 1.03981656618402e-09 3.52177009776966e-10 3.59794360971222e-10 -99.9 -99.9 3.43668732361024e-10 -99.9 -99.9 -99.9 1.23937263230012e-10 2.49254339390603e-10 4.47853837348688e-10 7.53226980787502e-10 6.17945694614264e-10 2.17143900083094e-10 5.60397700466453e-11 9.26938907575003e-12 5.8555948718314e-13 2.42939891294258e-12 6.58275430692745e-12 8.03966528767353e-12 1.48301683433605e-11 5.63231995764912e-11 1.58377810866028e-10 2.73083805568675e-10 1.59637891794517e-09 1.49190271248045e-09 5.15886333651849e-10 3.3293581509497e-05 4.70349823444849e-06 2.47515203000148e-07
6.16374356068872e-13 6.16654757855731e-14 1.87236023126841e-13 8.57064527855222e-14 3.34363104966071e-14 1.74689161248388e-14 1.43225004339137e-14 1.16383885493364e-14 7.65008783859718e-14 7.91437499304132e-14 3.58049297133865e-14 1.90245876777878e-13 6.4683707608898e-13 1.66622737742678e-12 3.58983719486727e-12 6.93107637256274e-12 1.25672848863556e-11 1.39026750181626e-11 3.65461133577938e-11 2.01944697075795e-10 7.01041558137661e-10 8.74707806186592e-10 4.47177489482087e-10 2.03896288741845e-10 2.91855761780369e-10 4.92533513973825e-10 4.2662862131948e-10 4.57815535481743e-10 4.90760598825801e-10 4.09015377123012e-10 2.53745163769636e-10 1.48972043034767e-10 7.60827234547179e-11 5.85602538683005e-11 1.01448793810022e-10 2.04874728293447e-10 3.76988634753772e-10 3.0164737374605e-10 8.66375929331475e-11 1.55912765337218e-11 3.27631151375574e-12 1.42957694293511e-12 1.41590168409311e-12 3.1848623131131e-12 6.11997215058113e-12 1.16517516121628e-11 4.70712704925269e-11 1.37293232338465e-10 2.2324798953921e-10 1.03084496494432e-09 4.21903223468689e-09 2.17993360251967e-07 2.60062097368063e-05 0.000166367230121978 0.000249232078203931
1.32804357788618e-12 1.05059624194714e-13 2.7370686554902e-13 1.26670971888759e-13 5.19454610077054e-14 2.89221839294869e-14 1.43406296494904e-13 1.2890292132306e-12 5.67305187201828e-12 5.75562384211303e-12 1.35999447380825e-12 1.64835511776498e-13 8.44504181212249e-14 3.41698810088845e-13 1.0081551479052e-12 2.48922388777773e-12 5.29869854590248e-12 5.98750172706164e-12 3.73913443610374e-12 2.21330462638059e-12 8.66255938508642e-12 1.50435445350761e-11 2.76568715845693e-11 1.9824963892745e-10 7.84949383270117e-10 1.20088261557072e-09 8.98125129822347e-10 6.58710752610148e-10 5.75617498110859e-10 4.83716622312613e-10 2.90088314480741e-10 1.53214357867526e-10 7.30248778113562e-11 5.59987646531201e-11 7.65646296363443e-11 1.02624624076508e-10 1.66937921819432e-10 1.28998603465824e-10 5.0932855155672e-11 2.98564159506576e-11 3.16340564854301e-11 2.90326651608552e-10 5.34843627719717e-11 4.60523667811241e-11 4.63455628041398e-11 9.0335378066797e-12 5.37183422744114e-11 4.57307594570189e-11 2.6252064411203e-10 4.47533299308134e-09 7.86115270101639e-11 7.84063577952132e-11 5.12157747323272e-08 1.87905661732657e-05 4.66855490230955e-05
1.47428727212406e-13 1.98150821922524e-13 3.97196734053598e-13 1.96078179734438e-13 3.97334644569938e-13 2.03440064273919e-12 7.33893414789355e-12 2.13024979600629e-11 5.06007770406658e-11 5.10919709317825e-11 2.19524520089776e-11 7.7995422620436e-12 2.0901453311184e-12 3.38393945026674e-13 2.01087857845152e-13 6.91340539503427e-13 1.82963952148618e-12 2.13480838909264e-12 1.17555281915066e-12 5.92354182198107e-13 2.28797493104227e-12 2.18328532336498e-11 1.29982219432279e-10 5.75981928818692e-10 1.77200965012503e-09 2.53383114490191e-09 1.98140237550604e-09 1.52810852860341e-09 1.00591845964004e-09 5.35297195458639e-10 2.81329154416810e-10 1.47911238812526e-10 7.00641558659676e-11 5.35258816436457e-11 7.34014932168847e-11 9.8641594892257e-11 3.00542021824945e-11 6.27486673732136e-11 2.67575163415135e-11 4.99432335765437e-11 3.31806006281798e-11 2.55528403991789e-10 6.44080691558635e-11 4.85041798392594e-11 5.31803594217006e-11 5.3547305478574e-11 3.71807376553512e-11 4.69836114458388e-11 3.56210339003127e-11 3.10105621736945e-11 3.40942968302116e-11 9.79645878307345e-11 5.63470901882024e-11 9.32511312612405e-08 3.57664794137236e-06
8.95139471985933e-14 9.91967792629556e-13 5.1263745852459e-13 4.5272859354635e-13 6.29410965621163e-13 8.13997523899102e-13 1.26179990934949e-12 1.04418578818211e-12 7.13759238345213e-13 2.23590077008673e-10 1.2397101400996e-10 1.2632821221395e-12 1.37306691624234e-12 9.46237039460909e-14 1.68921777607411e-12 3.02526254915281e-12 1.69456538644946e-12 5.64530898156806e-13 2.1757680292861e-12 4.18151364228736e-12 5.21437363773525e-12 2.0252046567526e-12 7.4896009533143e-12 1.13566543322174e-11 1.35842448401036e-11 4.81750728198449e-09 3.47857076476998e-09 2.48911724565204e-11 1.95785852807884e-11 1.75461138673949e-11 1.39056086090328e-10 4.98590253528164e-08 3.22485038672937e-10 5.11393705160401e-11 4.61498304848984e-11 1.48589446302694e-10 4.57998639014079e-10 4.0269267087556e-11 1.71955213956743e-10 5.82974571394779e-11 2.81472033181185e-11 8.179845689682e-11 4.29929425393993e-11 5.37340241746342e-11 1.5409890030682e-10 2.71921686556542e-11 1.40112175334162e-11 1.46665127959134e-11 1.85984751904789e-11 3.03138590618257e-11 1.03717381350066e-08 3.08593712361471e-07 3.73970578948501e-08 5.57708830228876e-08 5.1052630567483e-08
1.02718202867058e-12 1.17564150688837e-12 5.45981066347317e-13 4.57772491788133e-13 9.14028509997611e-13 9.14922976789911e-13 1.19753263295302e-12 2.93913699801751e-12 5.92191269979669e-12 1.26009619405565e-12 2.65186093570402e-12 3.82901262779844e-12 2.8388363708387e-12 1.60016097594529e-12 4.58889610338575e-12 7.13072829949812e-12 3.13315172417727e-12 4.07333585264458e-12 6.03290030778969e-12 8.82917003397488e-12 4.57718715360378e-12 4.44281200370766e-12 2.33069293031907e-12 4.57803326497919e-12 6.1663426101366e-12 1.99435832431982e-11 3.06402091199143e-11 2.89192697566776e-11 2.40761889591656e-11 2.03038436757952e-11 2.67423184291404e-11 4.06236884409328e-11 9.79310174620274e-11 1.1755979523187e-10 1.11919508383185e-10 1.25976884479684e-09 5.2969678643322e-10 2.97543156779767e-10 7.57750945323821e-11 5.40709976792897e-11 2.01574618108324e-10 8.15754200300667e-11 5.55365031740251e-10 2.4945791959885e-11 2.25043352009013e-11 1.79176760234379e-11 1.89146337481461e-11 2.21379303777525e-11 1.91666127413725e-11 9.73973679485596e-12 1.31921581214556e-07 4.89368831915749e-12 -99.9 1.12727072121288e-08 2.44416327177532e-08
1.55652682583274e-12 9.16614332178989e-13 1.14612518694462e-12 3.36526444731644e-12 3.32469099993682e-12 2.14743695915731e-12 5.39969978452515e-12 1.79040410969167e-11 2.20769474749971e-12 3.99680158760796e-12 8.50284859882366e-12 2.85381364806964e-13 1.01081946632386e-12 1.86906330798715e-13 8.38804026237483e-12 9.1183024672481e-12 1.37434395461322e-11 1.20315606436106e-11 4.26993032945355e-12 4.23499299864738e-12 4.99548102536607e-12 5.20134543074979e-12 2.937941990383e-12 8.26167172868209e-12 1.07025621004508e-11 1.14814251855888e-11 1.80766894508633e-11 1.80230413926452e-11 2.1669319116846e-11 1.75785774825243e-11 1.51842878548525e-11 1.36378560000594e-07 2.67226185624025e-10 4.82811811364225e-11 2.82977918875105e-10 1.87361667847163e-10 5.45529454942795e-11 9.88053389106014e-11 3.47911388587363e-09 1.34866146028756e-10 4.41749437030126e-09 4.18808099311718e-10 6.9511152389623e-10 8.87242390668064e-10 2.73737832401366e-09 2.75643622510424e-11 3.21619605947454e-11 1.10648761264542e-08 1.3209472404796e-09 3.55687944875172e-07 3.59077176881328e-07 7.3421965680609e-06 1.78740910961039e-09 3.41221806365866e-07 1.38566747409641e-07
1.21391080781103e-12 1.37990953299333e-12 1.74035026841157e-12 4.4551285403871e-12 4.83405546494731e-12 2.17625505290198e-12 3.70623887482879e-12 3.05626986392415e-12 1.90825805677919e-12 1.81308770080824e-11 1.05003714057084e-11 1.29000672990931e-11 2.14665438202921e-12 9.37158857461373e-12 1.06120216780692e-11 1.60538457527615e-11 1.89974685288474e-11 1.31406691084024e-11 7.05119252916719e-12 4.51865237935389e-12 1.06701930277509e-11 5.2771498108839e-12 7.94119631164492e-12 1.82256727071506e-11 1.72613277837907e-11 2.18002785962179e-11 2.30458204603101e-11 2.59759175974539e-11 3.42036850231597e-11 2.84196884775545e-11 2.33605686877913e-11 2.28893085041371e-10 4.96710672592826e-09 3.3487702194579e-11 6.81712575278937e-10 1.14665041350825e-10 2.43028291935232e-10 5.76075942504417e-09 1.2922417580441e-09 3.33343325165103e-10 4.02858052472865e-10 5.10732789393842e-10 5.40499645040882e-09 6.45458264614263e-09 1.5545557729979e-08 1.04100152109599e-10 1.14284981478363e-08 5.05155015040337e-11 3.24169633358906e-08 4.9240888984059e-06 4.84212762330571e-07 2.61195364146261e-05 1.78906157088932e-06 4.06882971759615e-09 1.40380540525342e-09
4.72053689540286e-12 9.95602645464944e-12 2.5193853080141e-12 4.36599627978707e-12 2.73528357082331e-12 4.17724969198341e-12 5.17926326826235e-12 4.97433084306609e-12 2.88258739794545e-12 5.83419380514871e-12 1.18193736048378e-11 1.75762841780891e-11 8.5724856033198e-12 1.83836713213426e-11 1.21009452458409e-11 1.69312255188236e-11 1.28366614213227e-11 1.92350267658181e-11 1.80304902952511e-11 1.86003278751512e-11 1.34589891315207e-11 1.54364368509796e-11 1.87292317072041e-11 2.62241183629497e-11 2.16319739898552e-11 1.95667267111066e-11 6.17897816246327e-11 2.94522323196489e-11 6.31500476910851e-11 1.13022424752529e-10 1.98495109238195e-10 3.36535188605325e-10 1.32604358049626e-10 2.29923480254968e-09 1.67409350271264e-10 3.05990871529715e-10 8.42654945820698e-10 8.90759965788135e-10 8.30778612570526e-10 1.78267323125425e-09 1.70271641231068e-09 3.79307207865054e-09 3.22804161179135e-09 1.41929717756284e-07 7.38904816444119e-07 4.84057181893149e-07 3.11995040647162e-06 5.57592375116656e-06 9.10874496184988e-06 5.51602579434984e-06 5.04029799230921e-07 2.10598082048818e-05 1.89033812603157e-07 4.73599214956266e-07 8.42795452626888e-06
2.94467813848065e-12 2.84959122270889e-12 2.50817725963581e-12 3.75940554728227e-12 1.79035063684052e-12 2.87536314202974e-12 4.10148824625534e-12 9.50209962796711e-12 6.62033015214059e-12 5.95033137346102e-12 4.43491554244502e-12 1.14348999019631e-11 6.52088539415674e-12 1.72606338944004e-11 1.19242549861953e-11 8.25851366459407e-12 3.21392413550614e-12 1.54289775400329e-11 1.61026053602242e-11 7.46939576162786e-12 8.17605531888699e-12 8.12069942540683e-12 1.07959249179279e-11 1.9407005516503e-11 1.73923896118477e-11 2.65870294530179e-11 4.73004413414913e-11 2.89749300941278e-11 9.03360511395057e-11 8.98285126837983e-11 2.28046637129609e-10 7.26728954791866e-10 5.18287801565265e-10 2.96057067750155e-09 8.79440853474023e-10 2.46156234284811e-10 3.3473201987988e-09 9.60222745760575e-09 3.19527195813407e-08 3.8544381908423e-08 1.01628057080916e-08 2.90190396157186e-08 1.58448152376423e-08 4.92183744427166e-07 2.6181367047684e-06 1.23805037333113e-07 1.3395438536179e-08 5.91837578944876e-10 1.37739180061658e-08 4.1216310364689e-08 2.69654577778056e-07 1.5864113720454e-06 7.89139357948443e-06 3.83009934878942e-09 8.56165843288181e-06
4.49090547735564e-12 2.35443283792824e-12 1.64301417523299e-12 1.29908573048149e-12 2.83996849474721e-12 2.71065787003921e-12 2.5891767028996e-12 5.04900852030254e-12 1.66456588096553e-11 8.39911647176894e-12 8.3749543758338e-12 1.09928134303661e-11 1.1398840205068e-11 9.95486332255879e-12 1.07955294009754e-11 1.09012122245788e-11 4.00524231836119e-12 7.70947021500046e-12 6.28448812087234e-12 7.69072739520427e-12 7.5659704196207e-12 1.23274602331636e-11 1.38435946733795e-11 1.45634355269708e-11 2.12096416818408e-11 2.89789130192286e-11 4.39603180246717e-11 4.74248591786353e-11 7.36754962593622e-11 2.34445629576641e-10 2.05785810614145e-09 3.25167470727195e-09 3.15433124065123e-10 1.74300862632037e-09 3.51469452652964e-07 3.37407934924983e-10 1.64784541567542e-08 4.7308759576481e-07 1.04911936915641e-08 1.42347902354345e-08 4.60271465385631e-08 1.19170247003808e-08 6.01646094056107e-11 2.56218952304765e-11 -99.9 -99.9 -99.9 -99.9 -99.9 6.63942456569089e-10 3.58507251663198e-10 1.22165693028364e-06 6.22750758338952e-06 1.61200459842803e-05 2.10966163649573e-06
2.51105863532941e-12 7.20494952761996e-13 2.11699668212217e-12 4.55827476458781e-12 3.33690063428205e-12 5.26555014868091e-12 5.22619664558577e-12 8.55919415204687e-12 4.98294591352866e-12 5.97030367852081e-12 1.54077983011147e-11 5.10502360870357e-12 1.25543507881187e-11 5.42315671536731e-12 5.54478208139586e-12 6.6775664858687e-12 2.34178583642664e-12 1.1278285597105e-11 5.30962253331158e-12 7.98582207306442e-12 1.03174257332084e-11 9.16917410054285e-12 1.1113100023552e-11 2.16668332581049e-11 2.77568194123612e-11 3.37284922213854e-11 2.92119661793322e-11 7.23125795354385e-11 2.62936783457235e-10 1.05729057453541e-10 9.04951491520478e-09 1.42173476547214e-07 1.76050974687314e-07 4.68675587228518e-09 2.8046574129803e-07 1.33853363948333e-08 7.77761854919845e-08 4.3200003574384e-09 3.33954695494465e-12 -99.9 -99.9 -99.9 -99.9 -99.9 -99.9 -99.9 -99.9 -99.9 -99.9 -99.9 9.25837965320975e-12 1.84802954189545e-11 1.10631252422944e-11 1.78002664691368e-11 -99.9
7.17379714659794e-12 2.42182207448038e-12 1.52727234071365e-12 5.50643254951244e-12 3.29051564641747e-12 7.52165343897992e-12 5.48446748085962e-12 7.65339701336298e-12 6.05838946718396e-12 5.18470162635953e-12 4.796807916152e-12 3.76393534395891e-12 4.10519274823828e-12 3.76912867236512e-12 3.46677547780061e-13 5.0504162484033e-12 3.07668864343857e-12 6.14902746776114e-12 6.04009203764022e-12 1.10271765677017e-11 1.31188081231581e-11 1.50710728619163e-11 1.2988405490022e-11 1.83929416835982e-11 2.67061945474767e-11 8.30180507671585e-11 6.68020583294293e-10 1.75315151285105e-10 3.03896108277968e-09 7.94455630170887e-08 3.90246190917765e-09 4.5547022153869e-08 1.04821862301208e-09 1.74138414799074e-09 9.69565205899414e-10 -99.9 -99.9 -99.9 -99.9 -99.9 -99.9 -99.9 -99.9 -99.9 -99.9 -99.9 -99.9 -99.9 -99.9 -99.9 -99.9 -99.9 -99.9 -99.9 -99.9
4.23140949362688e-12 2.25232939937703e-12 2.59619257515775e-12 4.95626976959596e-12 7.2321476064785e-12 6.26152688726345e-12 5.63975125281169e-12 5.03947057695076e-12 5.60488808143411e-12 2.63537282274573e-12 4.51608932541814e-12 2.96257289533752e-12 4.10669111564066e-12 1.53545004401984e-12 5.30372230508891e-12 5.18372844648951e-12 6.09205177623529e-12 1.00780130768419e-11 7.61685506334153e-12 1.3191478291652e-11 1.75486257469881e-11 5.55130733048692e-11 2.30178827387295e-11 1.82625945616133e-11 4.79334870406856e-11 8.07492753218675e-11 2.32839997282852e-11 6.70615438180810e-11 3.67408985180173e-11 2.96689872669731e-09 6.50299425419831e-10 7.92496179791158e-10 5.30973542911539e-10 1.45063139278534e-09 8.58718859908514e-11 -99.9 -99.9 -99.9 -99.9 -99.9 -99.9 -99.9 -99.9 -99.9 -99.9 -99.9 -99.9 -99.9 -99.9 -99.9 -99.9 -99.9 -99.9 -99.9 -99.9
3.43010255615672e-12 1.2150175613887e-12 2.05613087320144e-12 5.25824305971923e-12 1.85080184685049e-12 3.35626003985373e-13 6.06436287905326e-13 3.13991714573358e-12 4.13146123215413e-12 5.57794695849045e-12 3.87190409942284e-12 4.20758610245042e-12 4.29178090635696e-12 4.90207874292992e-12 5.50804324025989e-12 4.82741017299171e-12 7.40000682258879e-12 1.07133841728557e-11 1.03586193442307e-11 1.27190263529697e-11 1.38594379028856e-11 2.94837973480178e-11 1.79907252290112e-11 2.28749241770743e-11 1.03649826499463e-08 2.47315412593707e-09 4.6321502189528e-10 2.36651739871085e-11 2.70978101069019e-11 3.49657941489667e-11 7.615737901423e-11 1.0087342072751e-10 8.00468996642323e-11 3.93277632682043e-11 1.41109207651979e-10 2.64680360961833e-10 -99.9 -99.9 -99.9 -99.9 -99.9 -99.9 -99.9 -99.9 -99.9 -99.9 -99.9 -99.9 -99.9 -99.9 -99.9 -99.9 -99.9 -99.9 -99.9
-99.9 -99.9 1.44886151145183e-13 1.24160637283641e-13 2.83197049795111e-13 7.50879284965034e-13 1.65063720070774e-12 1.68564001732513e-12 3.13420903813588e-12 1.98758587713344e-12 4.10075781925173e-13 3.52424621603842e-12 4.13783460620487e-12 4.17145745029712e-12 3.31679106922722e-12 5.7060610576809e-12 4.65985279876624e-12 6.65308867026093e-12 6.54970825839096e-12 9.7315272160059e-12 1.2305494297149e-11 1.36199046832375e-11 7.48071830175556e-12 1.2080122492597e-11 4.45558612227615e-09 4.51444304161441e-09 8.96691165763741e-10 3.87050530514799e-11 2.25151702837323e-11 2.5167949321836e-11 1.11719758444373e-10 2.72750242530373e-11 1.17261270138336e-10 5.41983784241307e-11 4.87389795189586e-10 2.45006237520329e-10 1.84757192184248e-11 -99.9 -99.9 -99.9 -99.9 -99.9 -99.9 -99.9 -99.9 -99.9 -99.9 -99.9 -99.9 -99.9 -99.9 -99.9 -99.9 -99.9 -99.9
-99.9 -99.9 -99.9 -99.9 -99.9 -99.9 -99.9 9.6214019824209e-13 1.23035642004415e-12 4.28053946455176e-12 3.43427521663775e-12 5.19471564288526e-13 4.13573862656502e-12 5.48983731737951e-12 5.67129806658406e-12 4.95611277712138e-12 9.6868147184126e-12 8.9785028370426e-12 1.13326318815221e-11 8.242415430737e-12 9.43779342871265e-12 6.20174137738738e-12 7.38422517576609e-12 1.61002617488082e-11 3.03783422028747e-11 5.5603566889717e-11 1.56660899530703e-11 1.90078716655329e-11 1.95983056172633e-11 2.88562819472649e-11 3.03788209865541e-11 6.70742142383496e-11 2.83464224315466e-11 1.0822680529543e-09 3.96242427314064e-07 -99.9 -99.9 -99.9 -99.9 -99.9 -99.9 -99.9 -99.9 -99.9 -99.9 -99.9 -99.9 -99.9 -99.9 -99.9 -99.9 -99.9 -99.9 -99.9 -99.9
-99.9 -99.9 -99.9 -99.9 -99.9 -99.9 -99.9 -99.9 -99.9 7.0633510975901e-13 1.46602632919608e-13 2.34258055661907e-12 3.32666793417813e-12 5.38177792261396e-12 3.56535222352516e-12 1.13581592048329e-11 1.17278166344992e-11 1.29918627939096e-11 1.09302584344606e-11 8.41223531805602e-12 1.1220770840259e-11 4.80914396847054e-12 5.35548645361206e-12 1.1056144715027e-11 1.3252227440419e-11 1.53329311053385e-11 1.5549131426873e-11 1.56352188140918e-11 1.75182576778177e-11 2.27866597118931e-11 2.46436916012671e-11 2.961715248051e-11 2.83654176536086e-11 3.59645577208134e-11 2.02611218469428e-07 5.18069001032018e-08 5.28230410801189e-12 4.50313267577607e-12 -99.9 -99.9 -99.9 -99.9 -99.9 -99.9 -99.9 -99.9 -99.9 -99.9 -99.9 -99.9 -99.9 -99.9 -99.9 -99.9 -99.9
-99.9 -99.9 -99.9 -99.9 -99.9 -99.9 -99.9 -99.9 -99.9 -99.9 -99.9 -99.9 1.8222821255437e-12 6.57522159549367e-13 1.62342361775814e-12 1.06156255660905e-11 1.0617881573971e-11 1.37089783969202e-11 1.10443520648373e-11 1.11943015621008e-11 8.87649155567605e-12 5.89043917809118e-12 8.59133771069498e-12 1.31229445712866e-11 1.22636163377154e-11 1.65854916606145e-11 1.55295706849579e-11 1.5551475038289e-11 1.54157641513164e-11 1.65140436048095e-11 1.40498133960332e-11 1.79290315233116e-11 2.70152927805967e-11 2.93313949517593e-11 2.57592697172626e-11 2.34464600512574e-11 6.4214475750668e-12 4.0969233214283e-12 -99.9 -99.9 2.51232520030731e-12 2.3465118736965e-12 -99.9 -99.9 -99.9 -99.9 -99.9 -99.9 -99.9 -99.9 -99.9 -99.9 -99.9 -99.9 -99.9
