fish_book/data/sediment/Wilson_et_al_2017_data_files_asc/Permeability.asc
NCOLS 200
NROWS 150
XLLCORNER -16
YLLCORNER 44
CELLSIZE 0.125
NODATA_VALUE -99.9
[rows 72 to 95 of 150, columns 0 to 54 of 200]
-99.9 -99.9 -99.9 -99.9 -99.9 -99.9 -99.9 -99.9 -99.9 -99.9 -99.9 -99.9 -99.9 -99.9 -99.9 -99.9 1.20722849035124e-13 6.95204527625948e-13 4.99111548531855e-13 4.19197706061358e-12 1.94766685418513e-12 1.70368005727312e-13 1.51456885227885e-12 2.61987534531244e-13 1.5608295092593e-13 1.47368743727214e-13 1.22452341235618e-13 1.09317672373089e-13 1.35417637390015e-13 8.91018080715136e-14 9.21722889527833e-14 2.60413317022508e-14 9.4421554451031e-14 9.44171905372868e-14 2.68213809452231e-13 1.40554438205452e-13 1.15075592284353e-13 1.03773261685147e-12 2.10171268409665e-12 5.21331719113838e-12 8.49716390999289e-12 7.27206272629899e-12 2.61752702845897e-11 1.75132981033999e-11 4.46340013560143e-12 4.60004387012325e-12 7.3644207052026e-12 -99.9 1.16635685484812e-11 -99.9 -99.9 -99.9 -99.9 -99.9 -99.9
-99.9 -99.9 -99.9 -99.9 -99.9 -99.9 -99.9 -99.9 -99.9 -99.9 -99.9 -99.9 -99.9 -99.9 4.02747090235203e-14 3.16694539787433e-14 1.53604735810171e-13 2.38481787486269e-13 1.68538696453807e-12 2.46201214797181e-12 5.08967043857944e-12 1.82803685383481e-11 1.02829333589738e-11 1.00713458840024e-12 1.07411658506387e-13 8.75530794782267e-14 6.61517891788373e-14 3.36388326861638e-14 7.01620090693723e-14 2.57615841636402e-13 6.74045170265085e-14 6.43332162173459e-14 1.14479701217828e-13 3.22603678796704e-13 2.28942602722992e-12 1.92543984228744e-12 1.00388577659039e-12 1.05464447938686e-11 1.66790331546096e-11 1.94697279132239e-11 2.14349510363476e-11 5.40107056301586e-11 3.31440257184124e-11 1.45908632398495e-11 1.35369519413397e-11 3.80242053121815e-11 -99.9 -99.9 -99.9 -99.9 -99.9 -99.9 -99.9 -99.9 -99.9
-99.9 -99.9 -99.9 -99.9 -99.9 -99.9 -99.9 -99.9 -99.9 -99.9 -99.9 -99.9 -99.9 1.08648739961456e-13 6.27141351003391e-13 6.71561493480882e-13 6.01425376514642e-12 7.15697596673226e-12 1.20093149834355e-12 1.20005535456796e-12 2.83540525043355e-13 1.34022135611644e-08 0.00011942905257456 1.90883194667313e-11 4.5470524318459e-14 3.46801817677819e-14 2.57921972896067e-14 1.25683578805881e-14 3.44371409101603e-14 6.40644602864786e-15 5.0257012635703e-14 1.5982008739427e-13 3.04698025707997e-13 2.00876641709424e-12 5.57446450111243e-13 1.6533543197722e-12 2.08399651702162e-11 1.19059779396524e-11 1.82535965509434e-11 1.14402749426534e-11 1.48769919994240e-11 1.66089138969872e-11 2.72141857660113e-11 3.85012403902874e-11 2.97686909844774e-11 5.24808755480999e-12 5.53289488877673e-12 -99.9 -99.9 -99.9 -99.9 -99.9 -99.9 -99.9 -99.9
-99.9 -99.9 -99.9 -99.9 -99.9 -99.9 -99.9 -99.9 -99.9 -99.9 -99.9 -99.9 6.77672707446314e-14 6.76606394609675e-13 3.49268877708475e-12 3.47896922858401e-13 8.79166802292969e-14 3.02552080611029e-12 1.48706966879297e-11 2.32995220339483e-12 6.17413586923021e-09 9.03309191926382e-05 4.04945240006782e-05 3.50497231238478e-08 2.27004304703725e-14 1.43533256569302e-14 8.84261146428958e-15 5.91484335265451e-15 1.6071830146033e-14 9.27740618160942e-14 4.21790965869639e-14 1.51379709006742e-13 8.04897598224996e-13 8.20356532271055e-13 1.62535057027929e-12 3.00310058938547e-12 1.4077737239826e-11 4.93937963447211e-12 1.03396102443809e-11 1.25927861888142e-11 1.8070642204826e-11 2.21351739021491e-11 2.93734099543475e-11 2.32629904922677e-11 1.28353317557783e-11 4.31911581152966e-12 2.1608629816039e-11 8.8836368816736e-12 6.36033413436987e-12 -99.9 -99.9 -99.9 -99.9 -99.9 -99.9
-99.9 -99.9 -99.9 -99.9 -99.9 -99.9 -99.9 -99.9 -99.9 -99.9 -99.9 4.96152767579406e-15 1.95422475944562e-12 1.03121955419283e-11 6.50213823755186e-12 1.06722779485285e-12 1.21603866299475e-12 2.18659595638271e-12 3.20548379506569e-11 4.42092577823683e-11 4.74736153166511e-11 1.76603287549426e-09 2.2096816043593e-10 5.60078927680507e-10 9.70725033016574e-14 6.37636195946023e-15 2.95070766967085e-15 3.37470186988025e-15 8.28869935063032e-15 1.51387257764368e-13 3.06879562451783e-14 1.64706234219957e-13 1.52986737861349e-12 5.2155751505828e-13 4.3189249919473e-12 1.26610354145296e-11 1.54878696673189e-11 9.46090341485961e-12 1.57349099028092e-11 1.69020977769385e-11 1.92362202555696e-11 2.41370673448316e-11 3.17283525841372e-11 3.63576911632801e-11 3.46957566843553e-11 2.46651206403659e-11 2.8218371649763e-12 3.75867609606062e-12 3.92753494657394e-12 1.1737839704113e-13 1.70092271430805e-12 8.93172081434246e-12 5.96905066607006e-13 5.16179438601883e-14 -99.9
-99.9 -99.9 -99.9 -99.9 -99.9 -99.9 -99.9 -99.9 -99.9 -99.9 4.06957216677554e-14 1.07452090353574e-15 6.59847246287093e-11 2.12110277258981e-12 9.33186167229039e-12 8.52219445186819e-13 8.74149277269032e-13 1.02995511425119e-11 3.34803226809122e-11 1.54004170527244e-11 7.23820222509053e-12 5.19808241589148e-12 2.3724865388236e-12 2.57001863367134e-12 8.169621934246e-14 2.58832622252825e-15 1.28380633353893e-15 2.07501070396499e-15 4.5107193770899e-15 7.13937813219285e-15 7.37363729103047e-14 2.8771172185145e-13 9.21568702426379e-13 5.34672295587207e-13 6.09583303973205e-12 1.12401546403795e-11 8.91493476262717e-12 1.68005782896774e-11 1.72015370697443e-11 8.76434341767762e-12 1.4821685545563e-11 1.38800446830567e-11 2.53948268663651e-11 6.52711981685705e-11 5.39601904825382e-11 2.64486644391271e-11 2.02036616603340e-11 2.63448789693255e-12 1.48088670232777e-12 2.0190255107448e-14 2.0504602247888e-13 7.25516814594623e-13 3.89618621653848e-14 -99.9 -99.9
-99.9 -99.9 -99.9 -99.9 -99.9 -99.9 -99.9 -99.9 -99.9 -99.9 6.08408466480154e-16 4.8565023665981e-15 9.64409826412389e-14 9.63617206861667e-13 7.25818927529986e-13 3.72843655905772e-13 1.65046524624318e-13 2.97562918315925e-13 6.39252485581249e-13 9.1740590818512e-13 2.44221120106539e-13 6.72540365412311e-14 3.47779056529725e-14 7.11179026910078e-15 1.52919686055618e-15 7.17038377322709e-16 7.34483603206563e-16 1.28937112824415e-15 2.50876420603442e-15 4.28254098307733e-15 7.44753380060165e-15 2.21103083758445e-13 8.12028666963976e-13 9.98106545330169e-13 5.28521974449414e-12 9.28247409492933e-12 1.30345508692065e-11 3.53278257342327e-12 7.40675576427208e-12 3.90041514711226e-12 2.03099689843889e-11 1.83350747778865e-11 3.88172133325426e-11 1.74010042486294e-11 1.42387013638001e-11 1.29045550287255e-11 9.44812891118252e-12 3.12207616530447e-12 1.83764310192347e-12 2.90535553514742e-13 4.04388892163987e-12 2.33280652824422e-13 -99.9 -99.9 -99.9
-99.9 -99.9 -99.9 -99.9 -99.9 -99.9 -99.9 -99.9 -99.9 -99.9 9.92007506616321e-16 8.14812819792372e-16 3.98792428929744e-15 2.03100963781441e-13 6.63761959892456e-13 1.76253250275954e-12 2.86037977971412e-14 4.76695505985392e-14 1.03327448593843e-13 1.35518915425452e-13 4.8636181209814e-14 1.65482099458982e-14 6.97520747690544e-15 7.75757401143897e-16 5.08134323904026e-16 5.09848400951913e-16 5.13195928099022e-16 6.91868052141219e-16 1.22320059676729e-15 3.36071947350345e-15 7.45752336836839e-14 3.74600442895959e-13 1.47165829869622e-12 8.8652246351198e-13 2.16161919093516e-12 8.31669975942528e-12 1.44451117733979e-11 1.82490880046293e-11 1.88208476581408e-11 1.62215137156085e-11 9.69891701674275e-12 1.23459263645653e-11 4.04878214288473e-11 2.79607673819848e-11 2.46051894137178e-11 2.70544021213626e-11 2.41590220051435e-11 1.93408084686597e-11 9.44757293230847e-12 1.69884570820622e-12 1.21166314828725e-11 8.02196850613335e-12 -99.9 -99.9 -99.9
-99.9 -99.9 -99.9 -99.9 -99.9 -99.9 -99.9 -99.9 -99.9 -99.9 -99.9 6.93440886445152e-16 1.88475312796804e-15 8.22626878725294e-14 1.50422941247105e-13 2.80252438009804e-13 4.06443921487781e-13 1.16021440095234e-14 3.30105375272085e-14 4.29909403974575e-14 1.25648045773744e-14 4.87416003893304e-15 1.40439693193186e-15 5.04035743230499e-16 -99.9 -99.9 -99.9 -99.9 6.79828167010269e-16 3.29530417777818e-15 7.09578283717566e-13 2.09643473371088e-13 9.78903915392626e-13 1.03767341941285e-12 7.00103820402975e-12 4.96149649142907e-12 1.52806569481134e-11 1.95476638348291e-11 1.91354449646797e-11 2.43158861101822e-11 2.953396902039e-11 2.75641939828652e-11 3.89568585723588e-11 3.31234796535629e-11 2.44702261925633e-11 2.07118280859397e-11 7.84837732997756e-12 1.17852966968757e-11 2.04039823231694e-12 9.32987888335735e-12 -99.9 -99.9 -99.9 -99.9 -99.9
-99.9 -99.9 -99.9 -99.9 -99.9 -99.9 -99.9 -99.9 -99.9 -99.9 1.09051510904139e-15 5.40867647452872e-16 7.14607498643208e-16 6.74697385634471e-14 1.79667383943573e-13 1.24373330644828e-13 2.1068632678322e-13 3.07506100017372e-15 9.14170896236044e-15 1.26879580857075e-14 4.00947407802501e-15 8.52948043022773e-16 4.56192569512498e-16 -99.9 -99.9 -99.9 -99.9 -99.9 -99.9 3.03070421406662e-15 3.5965334036674e-14 1.31334518455907e-13 7.93441267549211e-13 7.81557761217466e-13 9.4782671294924e-12 1.49722977071942e-11 5.13933557169666e-12 1.68609865652813e-11 2.64428687279938e-11 3.07424259660127e-11 3.3742387356428e-11 9.38970429187336e-12 2.22061136839757e-11 1.04964124147955e-06 2.25493963779133e-11 2.44199083697383e-12 1.21429439853965e-12 9.55229558646797e-12 -99.9 -99.9 -99.9 -99.9 -99.9 -99.9 -99.9
-99.9 -99.9 -99.9 -99.9 -99.9 -99.9 -99.9 -99.9 -99.9 -99.9 7.46183510488309e-16 4.37323745942106e-15 4.65230339061901e-14 6.45437886080333e-14 2.86725965236226e-13 1.24150364468056e-13 1.15197565028757e-13 5.42693691668475e-16 2.39644382558023e-15 4.26791484166062e-15 6.0573057181741e-16 2.42915126168463e-16 -99.9 -99.9 -99.9 -99.9 -99.9 -99.9 -99.9 -99.9 5.62462741855209e-14 3.1362702690961e-14 9.25756324897387e-13 1.40841483441123e-12 1.79701132446697e-12 6.70331281801828e-12 1.71901156503784e-11 7.52249738195099e-12 1.85653801360042e-11 4.78096598768851e-12 1.60245753298704e-12 4.35724407943372e-11 3.63846765216724e-11 1.8242048099637e-05 3.43522398027485e-11 1.04883332921468e-12 1.21372131095532e-11 1.38093685109197e-06 0.000166331927175634 -99.9 -99.9 -99.9 -99.9 -99.9 -99.9
-99.9 -99.9 -99.9 -99.9 -99.9 -99.9 -99.9 -99.9 -99.9 -99.9 1.33456933570523e-15 1.89786964491451e-15 1.32472149772639e-14 4.17002756381447e-14 4.85727689352507e-14 1.46022449232057e-13 1.77862042907267e-16 3.9224409662386e-16 5.76910275787082e-16 2.08406188628111e-15 4.50332213248241e-16 -99.9 -99.9 -99.9 -99.9 -99.9 -99.9 -99.9 -99.9 -99.9 -99.9 -99.9 1.45328099055743e-13 1.08039824916334e-12 4.0875091397545e-13 8.69792627679333e-13 6.39011359018088e-13 1.72597374760441e-12 1.76151595480262e-12 3.80430306397631e-13 9.41647367719289e-13 1.14251238678142e-11 1.49165471641233e-10 1.87709847665474e-08 1.6717455544879e-11 2.80985261100208e-12 -99.9 2.39233799437244e-10 2.22165872401092e-05 -99.9 -99.9 -99.9 -99.9 -99.9 -99.9
-99.9 -99.9 -99.9 -99.9 -99.9 -99.9 -99.9 -99.9 -99.9 -99.9 6.07266030792545e-16 3.35863005498081e-15 1.04019940379871e-14 2.43388818756303e-14 6.56336828419243e-14 1.01452957905306e-13 8.83264583049756e-17 4.51358340724281e-16 6.07292659390824e-16 4.28863766153387e-16 -99.9 -99.9 -99.9 -99.9 -99.9 -99.9 -99.9 -99.9 -99.9 -99.9 -99.9 -99.9 -99.9 3.81403648897979e-13 1.67796156201432e-13 1.19978126825876e-12 7.56234105284831e-13 5.36711777451848e-12 7.47642139170557e-12 1.50696111405474e-12 1.10301318859835e-12 1.72678364662726e-11 6.49272562797121e-12 1.85290376791825e-11 -99.9 -99.9 -99.9 -99.9 -99.9 -99.9 -99.9 -99.9 -99.9 -99.9 -99.9
-99.9 -99.9 -99.9 -99.9 -99.9 -99.9 -99.9 -99.9 -99.9 1.28055931743892e-14 1.96330569294698e-15 7.77760492186134e-14 1.13581595571986e-14 1.32435566419647e-12 8.72880543886789e-13 3.9771244206966e-17 3.40840578730753e-16 5.58634692917123e-16 4.73293900019766e-16 7.65588241216517e-16 -99.9 -99.9 -99.9 -99.9 -99.9 -99.9 -99.9 -99.9 -99.9 -99.9 -99.9 -99.9 -99.9 -99.9 3.09293362405968e-13 1.63750591320073e-13 2.07695015699838e-12 7.49263498467378e-13 5.19053550140924e-13 3.18168261919174e-13 4.04384940247068e-13 2.58652826804276e-13 3.63601801391025e-14 3.72821958309795e-14 3.46679228293428e-13 7.68905512177342e-12 -99.9 -99.9 -99.9 -99.9 -99.9 -99.9 -99.9 -99.9 -99.9
-99.9 -99.9 -99.9 -99.9 -99.9 -99.9 -99.9 -99.9 -99.9 -99.9 7.23112556466588e-16 4.90967560101582e-16 5.56057605763014e-15 2.6542419029671e-15 4.98304061858842e-15 9.53510745901229e-17 4.49400053489788e-16 5.07945806133703e-16 2.82079997355591e-16 -99.9 -99.9 -99.9 -99.9 -99.9 -99.9 -99.9 -99.9 -99.9 -99.9 -99.9 -99.9 -99.9 -99.9 -99.9 1.90217565548649e-13 2.87412807312495e-13 3.2022656553353e-13 1.09350614500847e-12 6.80035671871138e-13 4.2118885419315e-13 2.5181395055078e-13 3.21488820807792e-13 3.07601383600642e-13 8.8518932513256e-15 2.36195052638567e-15 -99.9 -99.9 -99.9 -99.9 -99.9 -99.9 -99.9 -99.9 -99.9 -99.9
-99.9 -99.9 -99.9 -99.9 -99.9 -99.9 -99.9 -99.9 -99.9 4.99540526673926e-14 -99.9 -99.9 3.33208065428207e-15 4.12174464235399e-16 3.37231477221621e-16 4.22242350786022e-16 3.42588748854767e-16 3.56254725486209e-16 -99.9 -99.9 -99.9 -99.9 -99.9 -99.9 -99.9 -99.9 -99.9 -99.9 -99.9 -99.9 -99.9 -99.9 -99.9 -99.9 6.06674609095366e-14 1.62741727646049e-13 4.03680913566365e-13 1.47218077572314e-12 1.18284310297867e-12 6.33774608314874e-13 7.32866837962337e-13 9.98021869140497e-13 1.81515202174465e-11 2.2904298249693e-11 4.5109844136991e-14 -99.9 -99.9 -99.9 -99.9 -99.9 -99.9 -99.9 -99.9 -99.9 -99.9
-99.9 -99.9 -99.9 -99.9 -99.9 -99.9 -99.9 -99.9 -99.9 -99.9 -99.9 5.60301971394675e-16 8.16394336184014e-16 4.89260841652424e-16 3.90140887346048e-16 4.0515991970139e-16 3.87583403710712e-16 -99.9 -99.9 -99.9 -99.9 -99.9 -99.9 -99.9 -99.9 -99.9 -99.9 -99.9 -99.9 -99.9 -99.9 -99.9 -99.9 -99.9 -99.9 7.87205749804704e-13 4.14554133208733e-13 1.91856404894997e-12 1.07721589894666e-12 8.65616389331136e-13 9.35466873235036e-13 9.80354035798325e-13 3.75024967677606e-12 2.69282200704435e-11 7.84804513043191e-13 4.56409676762373e-14 8.43151503476802e-15 -99.9 -99.9 -99.9 -99.9 -99.9 -99.9 -99.9 -99.9
-99.9 -99.9 -99.9 -99.9 -99.9 -99.9 -99.9 -99.9 -99.9 -99.9 -99.9 -99.9 7.20067367142091e-16 7.72177998727478e-16 4.19062615571809e-16 4.30400336859265e-16 3.19764863755849e-16 -99.9 -99.9 -99.9 -99.9 -99.9 -99.9 -99.9 -99.9 -99.9 -99.9 -99.9 -99.9 -99.9 -99.9 -99.9 -99.9 -99.9 -99.9 3.88656825906636e-13 8.57347992513219e-13 7.47532938327744e-12 1.45647608557065e-11 1.94301541002473e-12 9.15439490704884e-13 9.73214564492508e-13 7.627327588966e-13 2.85640799208009e-11 9.66159444115711e-12 2.70640416544579e-13 7.6529407810888e-12 4.6800884429812e-14 4.95365090465931e-16 -99.9 -99.9 -99.9 -99.9 -99.9 -99.9
-99.9 -99.9 -99.9 -99.9 -99.9 -99.9 -99.9 -99.9 -99.9 -99.9 -99.9 -99.9 5.7690905817722e-16 4.20498071719609e-16 4.56814291695782e-16 3.68740811691905e-16 -99.9 -99.9 -99.9 -99.9 -99.9 -99.9 -99.9 -99.9 -99.9 -99.9 -99.9 -99.9 -99.9 -99.9 -99.9 -99.9 -99.9 -99.9 -99.9 2.86815621979627e-14 6.05424293597528e-13 1.30023856265149e-12 1.78208958007131e-11 4.82250177291643e-12 2.05550160226053e-11 2.91986205179506e-12 1.5218323563132e-12 1.36153085333879e-11 2.1312422313069e-11 2.09568803283267e-11 3.22482041070771e-11 6.85012029738585e-12 1.80477147441148e-13 2.29310147259465e-12 1.34551033509345e-11 6.94729256761617e-12 1.14745738952204e-11 3.2718578280716e-12 5.19752079916613e-12
-99.9 -99.9 -99.9 -99.9 -99.9 -99.9 -99.9 -99.9 -99.9 -99.9 -99.9 -99.9 -99.9 -99.9 -99.9 -99.9 -99.9 -99.9 -99.9 -99.9 -99.9 -99.9 -99.9 -99.9 -99.9 -99.9 -99.9 -99.9 -99.9 -99.9 -99.9 -99.9 -99.9 -99.9 -99.9 -99.9 3.43734616508121e-13 1.14634332842173e-12 1.23989262867247e-12 2.5460796665433e-12 2.99861611235963e-12 2.11140675256127e-12 3.84459434774054e-12 4.39046932490528e-12 6.90599964367489e-12 2.59181790612795e-11 1.42992085186422e-11 8.50566578974865e-12 5.02042808367409e-12 2.048806437005e-11 6.99211608751193e-12 2.16476853803771e-11 1.42807822858804e-11 9.4415300230799e-12 1.32358976209779e-11
-99.9 -99.9 -99.9 -99.9 -99.9 -99.9 -99.9 -99.9 -99.9 -99.9 -99.9 -99.9 -99.9 -99.9 -99.9 -99.9 -99.9 -99.9 -99.9 -99.9 -99.9 -99.9 -99.9 -99.9 -99.9 -99.9 -99.9 -99.9 -99.9 -99.9 -99.9 -99.9 -99.9 -99.9 -99.9 -99.9 1.10656675608636e-13 1.26241996457194e-12 2.35292970003631e-12 1.26257131919522e-12 1.06592967959174e-12 3.13961335228485e-12 7.5068415025803e-12 9.09770436069435e-12 1.40238931578551e-11 1.38439320770956e-11 1.70091232765124e-11 1.64016890347174e-11 7.83510669538634e-12 1.18113626518257e-11 1.58900548968832e-11 2.17389942852586e-11 2.26065971498102e-11 1.73003573272767e-11 9.97955537651585e-12
-99.9 -99.9 -99.9 -99.9 -99.9 -99.9 -99.9 -99.9 -99.9 -99.9 -99.9 -99.9 -99.9 -99.9 -99.9 -99.9 -99.9 -99.9 -99.9 -99.9 -99.9 -99.9 -99.9 -99.9 -99.9 -99.9 -99.9 -99.9 -99.9 -99.9 -99.9 -99.9 -99.9 -99.9 -99.9 -99.9 -99.9 7.81772040224331e-14 1.21909437839768e-12 6.08083191005332e-13 1.57911184128778e-12 1.97122374846759e-12 5.20960878602761e-12 9.33355736448815e-12 1.30788088692491e-11 1.68157675284331e-11 7.39284067990953e-12 3.04000249452818e-12 1.21721981452549e-11 1.13241612267889e-11 1.31370374648054e-11 2.47953480664309e-12 8.4781608816753e-12 6.9685511701334e-12 4.95875562833703e-12
-99.9 -99.9 -99.9 -99.9 -99.9 -99.9 -99.9 -99.9 -99.9 -99.9 -99.9 -99.9 -99.9 -99.9 -99.9 -99.9 -99.9 -99.9 -99.9 -99.9 -99.9 -99.9 -99.9 -99.9 -99.9 -99.9 -99.9 -99.9 -99.9 -99.9 -99.9 -99.9 -99.9 -99.9 -99.9 -99.9 -99.9 -99.9 3.67951025551094e-12 1.6749207272862e-12 1.19521048874e-12 2.94186420016218e-12 4.69833503699557e-12 1.391818951757e-11 7.17819120116259e-12 9.54087156501693e-12 1.80412178252265e-11 2.16499942973236e-11 2.01324547310922e-11 1.10126369828878e-11 2.81138220342703e-11 1.35039644397206e-11 1.22318051954534e-12 4.83019266944718e-12 2.2377412423058e-12
-99.9 -99.9 -99.9 -99.9 -99.9 -99.9 -99.9 -99.9 -99.9 -99.9 -99.9 -99.9 -99.9 -99.9 -99.9 -99.9 -99.9 -99.9 -99.9 -99.9 -99.9 -99.9 -99.9 -99.9 -99.9 -99.9 -99.9 -99.9 -99.9 -99.9 -99.9 -99.9 -99.9 -99.9 -99.9 -99.9 -99.9 -99.9 5.37335258753158e-13 1.87727958178563e-12 1.46763601705652e-12 1.19632981906287e-12 2.160186309344e-12 9.36850163418823e-12 7.3527121891015e-12 6.56778581173412e-12 2.61341686139116e-12 1.54609734303451e-12 6.78910703696967e-13 1.22204954489114e-11 9.94699374951002e-12 1.87389426892226e-12 2.61583549959754e-12 1.89378937878737e-12 4.33105401586101e-13
