fish_book/data/sediment/Wilson_et_al_2017_data_files_asc/Permeability.asc
NCOLS 200
NROWS 150
XLLCORNER -16
YLLCORNER 44
CELLSIZE 0.125
NODATA_VALUE -99.9
[rows 24 to 47 of 150, columns 55 to 109 of 200]
-99.9 -99.9 -99.9 -99.9 -99.9 -99.9 -99.9 -99.9 -99.9 -99.9 -99.9 -99.9 -99.9 -99.9 -99.9 -99.9 -99.9 -99.9 -99.9 -99.9 2.31640466356875e-12 1.22637100127831e-11 1.37692583029869e-11 3.84721976498525e-11 3.28840808749842e-11 3.15476048062813e-11 6.85198911498652e-11 4.49122822265835e-11 4.99223093419765e-11 6.04807107174032e-11 2.77774799689601e-11 2.16280830050986e-11 3.72693854944206e-11 3.82706123736032e-11 5.17559328727657e-11 6.10815176216306e-10 4.14181933194868e-09 1.04738238915214e-10 6.36857988567385e-09 1.84363899147222e-10 2.45569693052561e-11 5.559504939745e-11 3.69121712362475e-11 4.03779942814708e-08 3.55962481712879e-11 3.5917803020008e-12 3.44365681803627e-11 5.45580663979806e-11 5.40961095363279e-11 2.75768657909126e-10 7.80757888896311e-11 8.04893166006515e-11 5.23335715041373e-11 5.38933099536454e-11 6.75173028596987e-10
-99.9 -99.9 -99.9 -99.9 -99.9 -99.9 -99.9 -99.9 -99.9 -99.9 -99.9 -99.9 -99.9 -99.9 -99.9 -99.9 -99.9 -99.9 -99.9 -99.9 2.46408600988735e-12 1.22003431662909e-11 3.14326039155266e-12 3.50370496504659e-11 1.58250648696345e-10 5.38469893673899e-11 3.8278567815464e-11 2.60653774120101e-08 6.40549799868495e-08 5.66479363417471e-11 4.99462624037328e-11 1.2261539006353e-11 2.30788261765258e-12 3.43379213951778e-11 5.06691598400888e-11 9.42353486910186e-11 1.56402790718602e-09 1.65540200214309e-07 1.46167689063503e-10 4.77005969445887e-11 1.99387555077646e-12 9.41700450257654e-12 9.58915225327504e-14 1.55652379006666e-12 8.3126040772985e-12 3.48615927792117e-11 2.43038672520512e-10 5.37883279583262e-11 4.87109408364717e-10 5.03437791454786e-10 2.46939219072928e-10 4.53413057099894e-10 5.13089813691803e-11 2.10935990896388e-10 6.74965949798434e-09
-99.9 -99.9 -99.9 -99.9 -99.9 -99.9 -99.9 -99.9 -99.9 -99.9 -99.9 -99.9 -99.9 -99.9 -99.9 -99.9 -99.9 -99.9 -99.9 -99.9 1.40154563302297e-11 1.07712241903535e-11 3.0460124440107e-12 5.22085196255628e-12 4.18539057578382e-11 4.90438037403784e-11 4.43752604106784e-11 4.25543315862864e-11 3.59746451294995e-07 1.30051663882469e-10 4.87786339098406e-11 3.0062059612479e-12 1.92505668523968e-12 3.21693158222836e-11 6.65580507375196e-11 5.34227870274684e-11 5.33200289476454e-11 3.70911829028486e-10 6.23579660130602e-11 3.16130888827759e-12 1.44656574045665e-12 2.96140119804972e-13 7.06168183282029e-14 4.32366897276312e-13 2.06020270288043e-11 6.42777281054108e-12 1.92389257303027e-10 6.18921788819726e-11 5.24133930701609e-11 1.28312738212344e-09 1.08464084935811e-10 1.00317115725446e-10 1.19915161134188e-10 6.72890909658719e-11 5.57316207072667e-11
-99.9 -99.9 -99.9 -99.9 -99.9 -99.9 -99.9 -99.9 -99.9 -99.9 -99.9 -99.9 -99.9 -99.9 -99.9 -99.9 -99.9 -99.9 2.32317463877418e-11 1.75951284792086e-11 1.10186261156886e-11 9.51064400844803e-12 4.6658202475236e-12 6.14278333060936e-12 1.10765754207653e-11 3.05375724707346e-11 4.12148752626518e-11 2.38162996268887e-11 3.92886591316088e-11 3.38011840739227e-11 1.8037031937479e-11 9.50977924879526e-12 5.63483721488511e-12 5.12005784991665e-11 5.15113507404408e-11 5.43449799050855e-11 3.81800946414046e-09 1.72577549473196e-10 6.39893138476566e-11 2.71843120930315e-11 1.03323643044217e-11 1.25679035321152e-12 1.57826735621563e-12 1.4557482823363e-12 9.65739467562177e-12 1.96612257724604e-11 4.88495043027282e-11 9.46399181245283e-10 3.85944748382272e-11 -99.9 6.84646714321779e-11 5.10560371758118e-10 1.09373637258159e-07 4.35716795976759e-10 1.7007587871376e-07
-99.9 -99.9 -99.9 -99.9 -99.9 -99.9 -99.9 -99.9 -99.9 -99.9 -99.9 -99.9 -99.9 -99.9 2.14344492675822e-12 2.40376707254242e-12 2.49683542070944e-12 2.07380571048965e-11 1.8583769939573e-11 8.69659292496161e-12 1.12841134006225e-11 1.00053715312853e-11 7.73485529098616e-12 9.54665946989453e-12 6.52673488171773e-12 2.61582717292486e-11 5.47916989557251e-11 3.94930685376771e-11 1.07306205587854e-10 6.93720124747554e-12 3.48203792188695e-11 1.51837292738932e-10 1.20391988045476e-10 5.83802450826454e-11 2.88785800828251e-11 3.3812213445783e-11 1.21301644284699e-08 9.14331999002371e-10 7.8199147157676e-10 1.36301499600866e-11 1.67786375071532e-11 2.78800420250302e-12 3.08998876832889e-12 2.88055308772517e-11 3.8307682026506e-10 9.91351223333936e-10 4.7653092138944e-08 3.33345955005893e-11 -99.9 4.23728482856767e-11 -99.9 -99.9 4.15634859862735e-10 4.60020944947903e-11 5.43567413302526e-11
-99.9 -99.9 -99.9 -99.9 -99.9 -99.9 -99.9 -99.9 -99.9 -99.9 -99.9 -99.9 -99.9 1.33249080172537e-11 6.28968665344898e-12 2.84773073178091e-13 3.52188347929605e-11 1.28845658101118e-11 5.01230827676391e-12 2.56170193564664e-12 1.88894906660853e-11 4.62981354643066e-11 1.09297293438004e-11 2.90165530492104e-11 5.11934106217637e-11 4.72623745695344e-11 3.41491349087342e-11 3.46268868613164e-12 4.651055235394e-11 8.52873761197914e-12 3.93525906305925e-11 1.38609390631927e-09 4.10719541710236e-10 4.76834023654948e-11 3.08472102028556e-11 2.16988493145776e-11 5.22454579598985e-11 1.78258130478781e-10 8.52523440730835e-10 3.4104809254476e-11 5.46011326429952e-11 2.3499490547918e-11 4.38932657581548e-12 1.33604967367251e-11 3.64193432356164e-11 5.22510590350578e-10 -99.9 -99.9 -99.9 9.06723047339186e-12 -99.9 5.36354398394945e-11 3.23360505039005e-11 1.59354196505035e-11 8.90018527627268e-12
-99.9 -99.9 -99.9 -99.9 -99.9 -99.9 -99.9 -99.9 -99.9 -99.9 -99.9 -99.9 1.34716647559596e-11 4.90759877180835e-09 2.18506966120913e-06 1.11382812695293e-10 2.26613693088407e-11 8.06843654388434e-12 1.80066150792108e-12 1.7853809793425e-12 8.97070265293287e-12 2.4207696611156e-11 2.95145310101608e-12 2.8692122462648e-12 1.75654855244511e-11 1.24879939722433e-10 2.60793643624968e-12 4.14100915016591e-12 1.30951527399503e-09 2.66484057043215e-11 5.12634622251706e-11 5.23386715911567e-11 5.67555794028785e-11 4.97607823002344e-11 8.48493220129143e-11 1.26336449982056e-11 5.17219218842957e-11 4.76969713725239e-11 3.72167262285839e-11 6.76300820900977e-11 1.35388300570582e-09 5.02236724431171e-11 1.19824267695579e-12 1.03872834812668e-12 3.63748996201618e-11 4.7369230760097e-10 -99.9 -99.9 -99.9 -99.9 -99.9 1.36041080622817e-07 4.38549301040592e-11 3.0462167077e-12 1.93160570004236e-12
-99.9 -99.9 -99.9 -99.9 -99.9 -99.9 -99.9 -99.9 -99.9 -99.9 -99.9 1.6373300285033e-11 8.68601648940093e-11 2.11064985933263e-07 9.85919701435023e-09 4.93004352619675e-11 4.15707052114911e-11 3.21328762209472e-11 4.96103939179315e-12 2.84152237330082e-12 4.97116714112678e-12 1.00807695524452e-11 7.14315976160784e-12 4.00443827403008e-12 1.21489970861255e-11 3.01996795626369e-11 6.52151986926808e-12 5.16421523599764e-11 3.08915698576939e-10 4.90365699434836e-11 4.54650241066279e-11 1.84817872811438e-11 2.18785232986018e-11 4.04568427370133e-11 3.7119734369595e-11 4.0704762477306e-11 4.92221680081784e-11 2.14899400358126e-11 1.38654842815611e-11 5.0261808604013e-11 5.34161673226841e-11 4.55703964147292e-12 2.36281567228547e-11 9.25912211485747e-12 5.18206241806318e-11 3.79088288537943e-11 -99.9 -99.9 6.82289602593755e-09 -99.9 2.06683359316173e-09 6.06122860236091e-11 3.87992112396707e-12 2.2201951648676e-12 1.8033771091025e-12
-99.9 -99.9 -99.9 -99.9 -99.9 -99.9 -99.9 3.03133278027612e-12 1.83825654351266e-12 3.54542176866923e-12 3.19995245579019e-11 5.36322444788517e-11 5.18731411991435e-11 6.82346332214756e-11 4.88708067070132e-11 4.54221174561731e-11 3.81404435811916e-10 4.73844505299859e-11 2.92630641940406e-11 2.61290537817427e-11 1.81336196058979e-11 3.07302863711278e-11 4.92511136040985e-11 1.88435673315057e-11 3.9514576506694e-12 1.14370232034977e-12 6.23680577668817e-12 1.86057835804831e-11 1.25468142819773e-11 4.79074072079477e-11 2.23874793703338e-10 4.06749273151874e-10 1.02199915197332e-09 8.65921986892282e-11 6.68738675546621e-11 5.60233838486912e-11 5.59282134493522e-11 4.84432979841465e-11 3.72272091625492e-12 1.34466483087126e-11 7.71489035850115e-12 7.3693091559579e-12 2.24731119130572e-11 4.75147386713726e-11 5.41608875803679e-11 2.77623722622078e-11 1.72243552754026e-10 6.68976762874252e-10 1.90032628522019e-10 4.59725271184652e-08 5.44511449818152e-11 2.28522565454137e-11 2.22111981584838e-11 1.11183787599844e-13 1.50595424260221e-13
-99.9 -99.9 -99.9 6.39505462474155e-12 7.78376234994438e-12 1.11627269927528e-11 1.19689353914043e-11 1.64351240949934e-11 9.64840013439883e-12 1.192763596225e-11 3.82230185003163e-11 4.08265643514483e-11 5.14858815303665e-11 3.87026209691665e-11 4.43921045756301e-11 1.78347447921112e-10 1.03070640022906e-07 3.26100327296963e-11 5.31458974051269e-11 5.8224876309243e-11 5.31222496547024e-11 5.04054575856117e-11 5.63513957718698e-11 7.1333103269719e-13 1.27185219821191e-12 1.08404713157484e-12 9.72708784179044e-13 9.03402786606167e-13 1.81493427058033e-12 9.95477256182653e-10 8.06970670841345e-11 2.23432342072449e-10 -99.9 -99.9 -99.9 -99.9 -99.9 -99.9 9.10325925751465e-10 -99.9 -99.9 -99.9 -99.9 -99.9 -99.9 -99.9 -99.9 -99.9 1.67418648389095e-10 5.81439618674295e-11 4.56661479464326e-11 2.15540172515682e-11 9.6233273086388e-12 1.14067216501305e-13 6.2245713683233e-14
1.50602186971271e-12 5.61187706547839e-13 2.41011659414536e-12 9.6773188421051e-12 1.46583457177885e-11 1.36400101283241e-11 1.54865807677762e-11 4.51765916342772e-11 4.54967487295566e-11 2.9954554461864e-12 7.63096530409513e-12 1.57582072390916e-11 1.87024076780951e-10 5.15448461690937e-10 5.21804890962763e-11 5.51108984836457e-11 2.9996433115187e-10 5.57569511394629e-11 6.51053308486915e-11 1.01958837206428e-10 7.48811984641051e-11 -99.9 -99.9 -99.9 2.36245072983421e-12 7.66240532395351e-13 6.48671871425477e-13 6.30225851974003e-13 5.02638241358516e-13 1.94966230659954e-11 3.71489991546348e-11 4.42537109388019e-12 -99.9 -99.9 -99.9 -99.9 -99.9 -99.9 -99.9 -99.9 -99.9 -99.9 -99.9 -99.9 -99.9 -99.9 -99.9 -99.9 2.13036827290125e-07 4.75115224940481e-11 2.35947598264952e-11 7.35231580478724e-12 2.98240788619217e-13 1.17008900940747e-13 6.4078665876037e-14
2.56017256006214e-12 2.12809197347452e-12 2.0808166387859e-12 5.15266128375824e-12 4.14877897661481e-12 3.25980041571139e-11 2.21148654944159e-11 3.3645985303421e-11 5.17579416825509e-11 2.0031183742969e-12 3.66383919730984e-12 6.81371885996596e-12 5.34721815437234e-11 4.51979773052891e-11 9.68908026727222e-12 1.06408501801547e-11 2.37087294241434e-11 1.99927106120379e-11 1.06689587719977e-11 -99.9 -99.9 -99.9 -99.9 -99.9 1.67572160032596e-13 1.37229908426378e-14 4.66284129363448e-13 3.79789353178311e-13 1.14815123554435e-12 4.89597685310317e-12 1.82198050049931e-12 -99.9 -99.9 -99.9 -99.9 -99.9 -99.9 -99.9 -99.9 -99.9 -99.9 -99.9 -99.9 -99.9 -99.9 -99.9 -99.9 -99.9 2.5968617881067e-11 2.18707365585991e-12 1.15530089835059e-12 7.61332078109966e-13 3.04474409009922e-13 1.2000967439859e-13 1.08980919178315e-13
1.09883560583945e-11 7.56339782470583e-12 8.41150760155784e-12 2.19491937646088e-12 1.73710460078802e-12 3.61190834186065e-11 3.57441749809784e-11 5.37346868390021e-11 2.41986361504409e-11 4.00461400151819e-11 2.10752530878378e-12 4.06755792242697e-12 2.24735438592027e-11 6.83320197300552e-12 1.38943067121144e-12 3.55520105542462e-12 -99.9 -99.9 -99.9 -99.9 -99.9 -99.9 1.22515509564693e-13 6.4541640532479e-14 2.38747671128412e-16 5.31814771070855e-16 6.0289623228689e-14 7.55863877347981e-14 8.81727579404162e-13 5.82341336610726e-12 -99.9 -99.9 -99.9 -99.9 -99.9 -99.9 -99.9 -99.9 -99.9 -99.9 -99.9 -99.9 -99.9 -99.9 -99.9 4.81734740986894e-09 5.51577047924745e-11 3.48298169819405e-12 2.79983013769941e-13 3.31908871047115e-13 2.57582285579164e-13 1.46190730961754e-13 1.9803937949172e-13 1.30465069628737e-13 1.57047538493736e-13
2.742853166815e-11 2.66418415106884e-11 4.51004511514697e-11 8.33958683360558e-12 1.18228983461005e-12 2.95887446488674e-12 1.80230257801339e-11 1.35996899505719e-11 5.23820674336317e-11 6.44599151833347e-10 5.31407209902746e-11 9.68161054798466e-12 7.58016219237767e-11 4.01314537157305e-11 9.52899217865344e-12 6.30295468595499e-12 -99.9 -99.9 -99.9 -99.9 -99.9 -99.9 2.84910902379268e-13 1.80200396472171e-16 4.05749088841501e-12 4.93741419277383e-12 5.81714191383699e-15 2.483661368203e-14 3.96767986304489e-13 -99.9 -99.9 -99.9 -99.9 -99.9 -99.9 -99.9 -99.9 -99.9 -99.9 -99.9 -99.9 -99.9 -99.9 -99.9 4.5375838503281e-11 3.879841239951e-11 1.44753653508189e-11 1.04527031561524e-12 9.06383735427285e-12 6.23267577956263e-14 8.95833700189502e-14 2.96839647046659e-13 6.37736283053136e-13 5.83032564284783e-14 8.48675378020344e-14
4.15001678855109e-11 3.76981883210004e-11 4.65587707276782e-11 4.65527894011331e-11 2.99599516202786e-12 4.72602035631042e-12 1.79953222462226e-11 5.37369671330112e-12 2.97807577209763e-11 6.34418906297896e-11 2.55024912299007e-09 4.34492242532003e-12 5.35595283401857e-11 2.25576571311059e-10 2.36521132540579e-11 2.88574806411868e-12 -99.9 -99.9 -99.9 -99.9 -99.9 7.81812739547583e-11 1.4532489656105e-09 3.42665721915058e-14 8.42373219789305e-12 7.11978002596036e-12 3.81743638436238e-12 1.18530500085173e-12 5.8156425638764e-13 9.21631477732165e-15 -99.9 -99.9 -99.9 -99.9 -99.9 -99.9 -99.9 -99.9 -99.9 -99.9 -99.9 -99.9 9.1381026010029e-13 1.27448607223357e-11 3.92532707726989e-12 2.47183540996732e-11 1.55059623994924e-12 1.26578034078534e-12 3.43162557560599e-14 8.82159742390115e-14 4.30638326647664e-13 1.04159421972921e-12 2.2555748772652e-14 2.19612553104898e-14 3.47748834394167e-14
3.66108220128947e-11 1.61856118785497e-11 5.06406826195072e-11 7.74086483801284e-09 -99.9 3.57774296300128e-11 5.18094508267231e-12 3.59867056943727e-13 3.33843976768611e-12 2.06494057963802e-11 4.35558290823312e-11 1.35464079190073e-12 5.96056797669275e-12 6.10674401671507e-12 2.95507043314436e-12 2.84887917293211e-13 -99.9 -99.9 -99.9 3.91188643977802e-12 3.09828725175709e-11 4.10636594172509e-11 2.40125319628248e-09 1.4797290996682e-12 1.39864553586836e-14 1.74604597714099e-15 -99.9 -99.9 -99.9 -99.9 -99.9 -99.9 -99.9 -99.9 -99.9 -99.9 -99.9 -99.9 -99.9 -99.9 -99.9 -99.9 -99.9 5.44981906824837e-11 5.2783359280606e-12 1.43827148541692e-12 6.04181255806774e-13 1.97698563249304e-12 2.92998091067087e-12 1.20708629723631e-12 1.55373511365881e-12 2.68318245226495e-12 3.10680111194686e-13 1.004177972464e-14 2.64331301801351e-14
2.02610064142794e-12 1.28731910114394e-12 4.44801973031872e-11 1.48862120546989e-11 1.18189008926906e-12 3.07921006401091e-12 4.49500842363698e-13 2.14142234760545e-13 5.86254525827834e-12 1.69275097411381e-12 1.49505700788172e-12 1.40761501846859e-12 1.36387958218909e-11 8.50019653188955e-13 -99.9 -99.9 2.94329258231432e-13 1.04858538573036e-13 4.72681626912524e-13 7.09526838324481e-12 3.07857732362304e-11 3.81345606134675e-12 -99.9 3.66228297687954e-11 7.86728542453649e-16 4.86546478250833e-18 9.34599145578814e-14 -99.9 -99.9 -99.9 -99.9 -99.9 -99.9 -99.9 -99.9 -99.9 -99.9 -99.9 -99.9 -99.9 -99.9 -99.9 3.95848609967275e-13 8.05501973173521e-14 1.80148173396961e-13 -99.9 -99.9 -99.9 -99.9 -99.9 -99.9 -99.9 -99.9 -99.9 -99.9
1.28415518236419e-12 1.34816105761687e-12 3.79099963226937e-12 1.37559429992662e-12 1.31312614861517e-12 8.56061315585022e-13 4.38787504594695e-12 2.1533705374388e-11 4.9595452744633e-11 1.42061024402396e-11 1.29418188405533e-12 5.6258409389387e-12 2.98231751794109e-11 -99.9 -99.9 -99.9 3.99512996469842e-13 5.32309396214514e-12 2.02505048320367e-12 1.28903951315124e-12 -99.9 1.36177936916327e-16 -99.9 -99.9 6.06191122821422e-18 5.33723452697603e-19 -99.9 -99.9 -99.9 -99.9 -99.9 -99.9 -99.9 -99.9 -99.9 -99.9 -99.9 -99.9 -99.9 -99.9 -99.9 -99.9 -99.9 -99.9 -99.9 -99.9 -99.9 -99.9 -99.9 -99.9 -99.9 -99.9 -99.9 -99.9 -99.9
2.31598420996626e-12 1.28893347817877e-12 1.21608701841164e-12 1.35815198063632e-12 1.35001970540116e-12 1.15506757804307e-12 4.40374750554362e-11 8.00711608128779e-10 1.85465320878819e-09 1.73096328937028e-11 1.45477564456736e-12 4.22869170235707e-11 2.41478243651061e-11 4.30682572938323e-12 -99.9 2.78985378364665e-14 2.57671786468502e-13 1.41189815915099e-12 8.50626860615655e-11 -99.9 -99.9 -99.9 -99.9 -99.9 -99.9 9.01955423822106e-18 -99.9 -99.9 -99.9 -99.9 -99.9 -99.9 -99.9 -99.9 -99.9 -99.9 -99.9 -99.9 -99.9 -99.9 -99.9 -99.9 -99.9 -99.9 -99.9 -99.9 -99.9 -99.9 -99.9 -99.9 -99.9 -99.9 -99.9 -99.9 -99.9
4.33206075178827e-11 1.67965381187019e-11 8.85345887314398e-13 1.70551864731722e-12 1.21275628428563e-11 6.13810781716073e-12 4.37821064125377e-11 3.46953021868046e-11 2.89676980319564e-11 1.40060424196065e-12 7.93219049471938e-12 6.34166399948732e-11 3.43116403345167e-11 6.61884999933471e-12 -99.9 1.91369869170094e-13 6.24651263873843e-13 4.95625404866445e-13 1.52067160946734e-12 2.13084194386481e-12 3.37955045892624e-11 -99.9 -99.9 -99.9 -99.9 -99.9 -99.9 -99.9 -99.9 -99.9 -99.9 -99.9 -99.9 -99.9 -99.9 -99.9 -99.9 -99.9 -99.9 -99.9 -99.9 -99.9 -99.9 -99.9 -99.9 -99.9 -99.9 -99.9 -99.9 -99.9 -99.9 -99.9 -99.9 -99.9 -99.9
1.60047142205855e-10 1.25873825251865e-11 6.26177278431617e-13 6.1262044048771e-11 9.27337984180099e-10 3.70259586879307e-11 1.39698864455584e-12 2.48409843042752e-12 2.70223340231857e-12 1.08989336652932e-12 1.30118971153337e-11 1.8798043677215e-10 6.63134686051947e-11 9.06723047339186e-12 -99.9 2.14236180878791e-13 4.0097586709309e-12 1.3355481881549e-14 4.06932008977044e-14 1.34329166171475e-13 5.03556682571356e-14 2.82565149663933e-13 -99.9 -99.9 -99.9 -99.9 -99.9 -99.9 -99.9 -99.9 -99.9 -99.9 -99.9 -99.9 -99.9 -99.9 -99.9 -99.9 -99.9 -99.9 -99.9 -99.9 -99.9 -99.9 -99.9 -99.9 -99.9 -99.9 -99.9 -99.9 -99.9 -99.9 -99.9 -99.9 -99.9
6.2212693330288e-11 3.22091207871633e-11 2.73911535814131e-12 3.36278817292257e-11 5.22987243789519e-11 1.54501433348442e-12 1.30882457649584e-12 7.41896127864905e-12 9.93870090393312e-12 1.14690147570012e-12 1.05208602246831e-11 5.62044612240076e-11 1.23464337711821e-11 -99.9 -99.9 3.49433108587805e-14 4.31497641572654e-15 4.9379543253555e-16 1.10267265763663e-14 5.71944228089372e-12 -99.9 2.91902678244138e-13 -99.9 1.40706445044101e-15 3.61844964267075e-17 -99.9 -99.9 -99.9 -99.9 -99.9 -99.9 -99.9 -99.9 -99.9 -99.9 -99.9 -99.9 -99.9 -99.9 -99.9 -99.9 -99.9 -99.9 -99.9 -99.9 -99.9 -99.9 -99.9 -99.9 -99.9 -99.9 -99.9 -99.9 -99.9 -99.9
3.84768389025125e-12 3.89571569447966e-11 4.68933433750429e-11 8.64526592675441e-12 6.2139434223174e-12 2.09669955009151e-11 2.27226093843513e-12 1.81355950222561e-12 1.2553184132371e-13 9.6493173423317e-14 1.23368034538052e-11 1.17340182709258e-11 -99.9 -99.9 1.19479058232079e-15 4.23029985547851e-16 1.3711863582568e-15 9.93660025544766e-15 6.76611804778515e-12 7.13280020984974e-13 5.39494501166255e-16 1.32646075113457e-12 -99.9 -99.9 7.10546028600683e-17 3.31943720523664e-15 -99.9 -99.9 -99.9 -99.9 -99.9 -99.9 -99.9 -99.9 -99.9 -99.9 -99.9 -99.9 -99.9 -99.9 -99.9 -99.9 -99.9 -99.9 -99.9 -99.9 -99.9 -99.9 -99.9 -99.9 -99.9 -99.9 -99.9 -99.9 -99.9
-99.9 3.45868785001091e-11 1.65601726775932e-10 5.36092559233481e-11 3.42732196789708e-11 1.50486654387771e-11 3.42194827161746e-12 6.23310040734348e-12 1.31852460807241e-12 4.43018321680255e-12 5.24779039667855e-11 3.64373288486153e-11 6.49547299627629e-12 8.20791947863525e-13 5.71945953326079e-15 3.55840870482137e-15 4.54850816384488e-16 6.1527769192415e-16 3.61601111422494e-17 3.13196387947688e-16 7.11796463784276e-12 7.89070577541379e-13 4.79556628782407e-12 2.61095344563506e-13 1.60716957854317e-16 1.25642903423486e-17 -99.9 -99.9 -99.9 -99.9 -99.9 -99.9 -99.9 -99.9 -99.9 -99.9 -99.9 -99.9 -99.9 -99.9 -99.9 -99.9 -99.9 -99.9 -99.9 -99.9 -99.9 -99.9 -99.9 -99.9 -99.9 -99.9 -99.9 -99.9 -99.9
