fish_book/data/sediment/Wilson_et_al_2017_data_files_asc/POC.asc
NCOLS 200
NROWS 150
XLLCORNER -16
YLLCORNER 44
CELLSIZE 0.125
NODATA_VALUE -99.9
[rows 0 to 24 of 150, columns 116 to 173 of 200]
-99.9 -99.9 -99.9 -99.9 -99.9 -99.9 -99.9 -99.9 -99.9 -99.9 -99.9 -99.9 -99.9 -99.9 -99.9 -99.9 -99.9 -99.9 -99.9 -99.9 -99.9 -99.9 -99.9 -99.9 -99.9 -99.9 -99.9 -99.9 -99.9 -99.9 -99.9 -99.9 -99.9 -99.9 -99.9 -99.9 -99.9 -99.9 -99.9 -99.9 -99.9 -99.9 -99.9 -99.9 -99.9 -99.9 -99.9 -99.9 -99.9 -99.9 -99.9 -99.9 -99.9 -99.9 -99.9 -99.9 -99.9 -99.9
-99.9 -99.9 -99.9 -99.9 -99.9 -99.9 -99.9 -99.9 -99.9 -99.9 -99.9 -99.9 -99.9 -99.9 -99.9 -99.9 -99.9 -99.9 -99.9 -99.9 -99.9 -99.9 -99.9 -99.9 -99.9 -99.9 -99.9 -99.9 -99.9 -99.9 -99.9 -99.9 -99.9 -99.9 -99.9 -99.9 -99.9 -99.9 -99.9 -99.9 -99.9 -99.9 -99.9 -99.9 -99.9 -99.9 -99.9 -99.9 -99.9 -99.9 -99.9 -99.9 -99.9 -99.9 -99.9 -99.9 -99.9 -99.9
-99.9 -99.9 -99.9 -99.9 -99.9 -99.9 -99.9 -99.9 -99.9 -99.9 -99.9 -99.9 -99.9 -99.9 -99.9 -99.9 -99.9 -99.9 -99.9 -99.9 -99.9 -99.9 -99.9 -99.9 -99.9 -99.9 -99.9 -99.9 -99.9 -99.9 -99.9 -99.9 -99.9 -99.9 -99.9 -99.9 -99.9 -99.9 -99.9 -99.9 -99.9 -99.9 -99.9 -99.9 -99.9 -99.9 -99.9 -99.9 -99.9 -99.9 -99.9 -99.9 -99.9 -99.9 -99.9 -99.9 -99.9 -99.9
-99.9 -99.9 -99.9 -99.9 -99.9 -99.9 -99.9 -99.9 -99.9 -99.9 -99.9 -99.9 -99.9 -99.9 -99.9 -99.9 -99.9 -99.9 -99.9 -99.9 -99.9 -99.9 -99.9 -99.9 -99.9 -99.9 -99.9 -99.9 -99.9 -99.9 -99.9 -99.9 -99.9 -99.9 -99.9 -99.9 -99.9 -99.9 -99.9 -99.9 -99.9 -99.9 -99.9 -99.9 -99.9 -99.9 -99.9 -99.9 -99.9 -99.9 -99.9 -99.9 -99.9 -99.9 -99.9 -99.9 -99.9 -99.9
-99.9 -99.9 -99.9 -99.9 -99.9 -99.9 -99.9 -99.9 -99.9 -99.9 -99.9 -99.9 -99.9 -99.9 -99.9 -99.9 -99.9 -99.9 -99.9 -99.9 -99.9 -99.9 -99.9 -99.9 -99.9 -99.9 -99.9 -99.9 -99.9 -99.9 -99.9 -99.9 -99.9 -99.9 -99.9 -99.9 -99.9 -99.9 -99.9 -99.9 -99.9 -99.9 -99.9 -99.9 -99.9 -99.9 -99.9 -99.9 -99.9 -99.9 -99.9 -99.9 -99.9 -99.9 -99.9 -99.9 -99.9 -99.9
-99.9 -99.9 -99.9 -99.9 -99.9 -99.9 -99.9 -99.9 -99.9 -99.9 -99.9 -99.9 -99.9 -99.9 -99.9 -99.9 -99.9 -99.9 -99.9 -99.9 -99.9 -99.9 -99.9 -99.9 -99.9 -99.9 -99.9 -99.9 -99.9 -99.9 -99.9 -99.9 -99.9 -99.9 -99.9 -99.9 -99.9 -99.9 -99.9 -99.9 -99.9 -99.9 -99.9 -99.9 -99.9 -99.9 -99.9 -99.9 -99.9 -99.9 -99.9 -99.9 -99.9 -99.9 -99.9 -99.9 -99.9 -99.9
-99.9 -99.9 -99.9 -99.9 -99.9 -99.9 0.54510098695755 0.539381921291351 0.405284404754639 0.470656186342239 0.492078691720963 0.477846562862396 0.347507297992706 0.359273910522461 0.398604452610016 0.399467080831528 0.351361244916916 0.34167605638504 0.320278227329254 0.32018780708313 0.345026224851608 0.345134317874908 0.352457851171494 0.418603479862213 0.675328373908997 0.740500807762146 0.715062439441681 0.714429318904877 0.746990144252777 0.717606067657471 0.717588663101196 0.731235146522522 0.713615655899048 0.752227127552032 0.780339777469635 0.861780881881714 0.969254970550537 1.02198815345764 1.04356241226196 1.09232401847839 1.03062129020691 1.11246335506439 0.811113297939301 0.816554665565491 0.800970733165741 0.894494891166687 0.884601771831512 1.02061867713928 1.11588394641876 1.01308417320251 1.44992387294769 -99.9 -99.9 -99.9 -99.9 -99.9 -99.9 -99.9
-99.9 -99.9 -99.9 -99.9 0.497115194797516 0.489534765481949 0.522328197956085 0.464478015899658 0.523862719535828 0.328047960996628 0.331658244132996 0.328895181417465 0.323767423629761 0.335292220115662 0.330548018217087 0.353034824132919 0.326422125101089 0.321019679307938 0.376407474279404 0.330563127994537 0.32801741361618 0.325629532337189 0.331826478242874 0.346860140562057 0.588945806026459 0.680912375450134 0.722502887248993 0.728504359722137 0.748807370662689 0.743262827396393 0.71718817949295 0.755444765090942 0.745051503181458 0.789887964725494 0.751628160476685 0.794753611087799 0.951225280761719 1.04791212081909 1.05705738067627 1.10687911510468 1.10029637813568 1.01876842975616 1.02737247943878 0.887265682220459 0.842761933803558 0.952196896076202 0.964388370513916 1.04849290847778 1.09781229496002 1.41047215461731 -99.9 -99.9 -99.9 -99.9 -99.9 -99.9 -99.9 -99.9
-99.9 -99.9 0.581846952438354 0.560110509395599 0.409770905971527 0.464873731136322 0.571913003921509 0.37402406334877 0.305394798517227 0.323059529066086 0.330962985754013 0.329299569129944 0.333389520645142 0.328589707612991 0.333933532238007 0.327241688966751 0.322406798601151 0.353990465402603 0.332717150449753 0.35259684920311 0.340861707925797 0.338860541582108 0.367355108261108 0.341484367847443 0.348472058773041 0.569909393787384 0.646843433380127 0.710730671882629 0.723836898803711 0.700465857982635 0.700540482997894 0.717125594615936 0.746212899684906 0.7596475481987 0.732455968856812 0.777984619140625 0.926307797431946 0.995041728019714 1.11730790138245 1.15259802341461 1.10310566425323 1.12233340740204 1.02098488807678 1.05804347991943 1.04137027263641 0.8741654753685 0.9537553191185 1.27308332920074 1.16532135009766 1.50855243206024 -99.9 -99.9 -99.9 -99.9 -99.9 -99.9 -99.9 -99.9
-99.9 0.353668957948685 0.37179708480835 0.375851780176163 0.401821404695511 0.507782518863678 0.537872910499573 0.531523287296295 0.364780694246292 0.348549485206604 0.366152197122574 0.348798811435699 0.327945500612259 0.322010725736618 0.330120444297791 0.320243805646896 0.337052702903748 0.327741593122482 0.333932340145111 0.34458926320076 0.357495784759521 0.360790818929672 0.369728267192841 0.328991383314133 0.329749166965485 0.33356249332428 0.412772089242935 0.583017826080322 0.60056060552597 0.684334933757782 0.694345414638519 0.696304380893707 0.744019567966461 0.744652450084686 0.830795884132385 0.853303134441376 0.908000707626343 0.93193131685257 1.00620222091675 1.06241512298584 1.0688990354538 1.12166237831116 1.08249700069427 1.06131219863892 1.06175935268402 1.14235293865204 1.1495007276535 1.11502182483673 1.59487450122833 -99.9 -99.9 -99.9 -99.9 -99.9 -99.9 -99.9 -99.9 -99.9
0.388045698404312 0.362449288368225 0.37610724568367 0.414786726236343 0.526054680347443 0.406145125627518 0.532536387443542 0.363879889249802 0.379152864217758 0.367343485355377 0.365377932786942 0.377217888832092 0.389419794082642 0.381540685892105 0.360236823558807 0.339168339967728 0.34155935049057 0.314336657524109 0.317200541496277 0.359852194786072 0.333587110042572 0.350882202386856 0.341707468032837 0.343031257390976 0.338096112012863 0.320079296827316 0.325208306312561 0.346594870090485 0.343222826719284 0.342941492795944 0.59583854675293 0.678853631019592 0.624948680400848 0.760315895080566 0.834559500217438 0.888917446136475 0.912954330444336 0.931024253368378 0.968035280704498 1.04071152210236 1.08795654773712 1.00172460079193 1.02047991752625 1.0501469373703 1.04519259929657 1.12053000926971 1.23298919200897 1.12307620048523 1.13403475284576 1.52383518218994 1.47728621959686 1.36055326461792 -99.9 -99.9 -99.9 -99.9 -99.9 -99.9
0.393909394741058 0.343705862760544 0.355272740125656 0.351713478565216 0.382678687572479 0.381280541419983 0.383532077074051 0.366775691509247 0.381398499011993 0.369105815887451 0.373007267713547 0.372386157512665 0.387163281440735 0.38529708981514 0.382601797580719 0.403019338846207 0.373373508453369 0.347898572683334 0.356383979320526 0.332446813583374 0.370054841041565 0.35561940073967 0.342216670513153 0.327784240245819 0.334474831819534 0.341568738222122 0.343565434217453 0.316124647855759 0.321917742490768 0.339285284280777 0.340021669864655 0.379047095775604 0.580218553543091 0.686902821063995 0.777677953243256 0.89014345407486 0.916072130203247 0.907469630241394 0.920540869235992 0.991790056228638 1.0860790014267 0.990442335605621 1.00278842449188 1.00689268112183 1.09696900844574 1.17453145980835 1.20837426185608 1.29787850379944 1.39089858531952 -99.9 1.4237232208252 -99.9 -99.9 -99.9 -99.9 -99.9 -99.9 -99.9
0.339121758937836 0.358770608901978 0.353506535291672 0.370492994785309 0.372670441865921 0.364235699176788 0.395914882421494 0.363174647092819 0.372700959444046 0.360711693763733 0.370305389165878 0.393180996179581 0.38506093621254 0.395610183477402 0.375057846307755 0.374940305948257 0.401155561208725 0.398973226547241 0.379536986351013 0.334544509649277 0.373032182455063 0.342742174863815 0.328361481428146 0.312505096197128 0.346919506788254 0.342536687850952 0.315203428268433 0.329635590314865 0.306194812059402 0.277370035648346 0.321601241827011 0.329987615346909 0.354760736227036 0.562357246875763 0.713057518005371 0.786513030529022 0.878736615180969 0.877446055412292 0.879370987415314 0.916645526885986 1.00820541381836 1.0496860742569 0.85216212272644 1.00417912006378 1.08263325691223 1.15855073928833 1.13839304447174 0.849191904067993 1.03287816047668 -99.9 -99.9 -99.9 -99.9 -99.9 -99.9 -99.9 -99.9 -99.9
0.35417240858078 0.371094405651093 0.34191620349884 0.346584349870682 0.375686228275299 0.352548748254776 0.348124831914902 0.361115366220474 0.369397222995758 0.352002650499344 0.360770761966705 0.384225994348526 0.377801328897476 0.379863649606705 0.393247783184052 0.397996515035629 0.402434080839157 0.374723017215729 0.354344487190247 0.361061751842499 0.334669530391693 0.323320925235748 0.386648088693619 0.347180157899857 0.348866581916809 0.343406617641449 0.335608124732971 0.308536499738693 0.286655813455582 0.282541960477829 0.293342739343643 0.314530342817307 0.315064966678619 0.347575694322586 0.559001863002777 0.707464694976807 0.849533677101135 0.876716613769531 0.88188773393631 0.954354405403137 1.03695225715637 1.03565990924835 0.955844521522522 0.975102066993713 1.05922389030457 1.18430268764496 1.1783481836319 1.24272215366364 1.34463810920715 -99.9 -99.9 -99.9 -99.9 -99.9 -99.9 -99.9 -99.9 -99.9
0.298976808786392 0.319645464420319 0.346441328525543 0.364201188087463 0.376199007034302 0.334495455026627 0.343645215034485 0.375009506940842 0.344732850790024 0.357973456382751 0.386199474334717 0.367574125528336 0.390685677528381 0.383070707321167 0.360445022583008 0.350188225507736 0.368332833051682 0.386024236679077 0.365772783756256 0.320298463106155 0.332305163145065 0.297765105962753 0.318944871425629 0.396720826625824 0.323145866394043 0.323090970516205 0.309847742319107 0.299324572086334 0.307696521282196 0.295596569776535 0.282004326581955 0.285465598106384 0.268495470285416 0.316509008407593 0.338202863931656 0.617366015911102 0.759701371192932 0.846314609050751 0.903287172317505 1.01904666423798 1.0470255613327 1.04485249519348 1.03422570228577 1.04917550086975 1.04830801486969 1.19746482372284 1.24769711494446 1.33166635036469 1.62477505207062 1.64243364334106 -99.9 -99.9 -99.9 -99.9 -99.9 -99.9 -99.9 -99.9
0.348253548145294 0.366068571805954 0.414662063121796 0.492286562919617 -99.9 -99.9 0.362870782613754 0.368479341268539 0.347553789615631 0.384191900491714 0.334194839000702 0.374820739030838 0.39172574877739 0.372945874929428 0.397782981395721 0.388967335224152 0.363787204027176 0.370983213186264 0.383287400007248 0.333445757627487 0.462366551160812 0.363537102937698 0.373190760612488 0.432943195104599 0.420951694250107 0.322984248399734 0.3048495054245 0.308699607849121 0.322436839342117 0.305646538734436 0.316966682672501 0.298027962446213 0.283442318439484 0.29500812292099 0.315221160650253 0.345574468374252 0.565119028091431 0.736962020397186 0.875549674034119 1.05751502513885 1.04331862926483 1.04477715492249 1.04486072063446 1.03161859512329 1.04359900951385 1.14811646938324 1.20929598808289 1.23979294300079 1.71948349475861 1.53224456310272 -99.9 -99.9 -99.9 -99.9 -99.9 -99.9 -99.9 -99.9
0.441302746534348 0.488551050424576 0.482433497905731 -99.9 -99.9 0.467452585697174 0.383128196001053 0.405997574329376 0.401061534881592 0.353157162666321 0.303172647953033 0.306860983371735 0.370909363031387 0.372450232505798 0.392104864120483 0.377186477184296 0.374072045087814 0.376598060131073 0.38022443652153 0.505102574825287 0.48463699221611 0.46965080499649 0.481088638305664 0.499778032302856 0.544319927692413 0.51172000169754 0.345752090215683 0.288233667612076 0.307103395462036 0.312524050474167 0.341274201869965 0.30198535323143 0.277796775102615 0.271978944540024 0.269163101911545 0.339980185031891 0.498569518327713 0.668493509292603 0.823301196098328 0.999208807945251 1.05242323875427 1.01084625720978 1.03812408447266 1.02653968334198 1.05328285694122 1.11769342422485 1.17885553836823 1.21863734722137 1.48678338527679 1.34418702125549 1.26076853275299 -99.9 -99.9 -99.9 -99.9 -99.9 -99.9 -99.9
-99.9 -99.9 -99.9 -99.9 0.513966381549835 0.491408973932266 0.501668572425842 0.48110768198967 0.386028289794922 0.362183004617691 0.373533338308334 0.335693508386612 0.385671734809875 0.365144371986389 0.374752759933472 0.383381813764572 0.369162917137146 0.371320277452469 0.362745761871338 0.321529150009155 0.314338803291321 0.294033765792847 0.304266899824142 0.330487489700317 0.322675108909607 0.371520668268204 0.27379509806633 0.299977511167526 0.532905876636505 0.547837972640991 0.435271918773651 0.268713921308517 0.240005150437355 0.253124356269836 0.248526558279991 0.280035942792892 0.343156516551971 0.46911633014679 0.672944962978363 0.893376052379608 1.04187107086182 1.05562698841095 1.03840851783752 1.05348801612854 1.05266857147217 1.10541141033173 1.155104637146 1.19341552257538 1.26110363006592 1.89256811141968 -99.9 -99.9 -99.9 -99.9 -99.9 -99.9 -99.9 -99.9
-99.9 -99.9 -99.9 -99.9 0.569184958934784 0.459758430719376 0.460183590650558 0.475187808275223 0.390947788953781 0.364313155412674 0.373513787984848 0.37980791926384 0.377866089344025 0.377511322498322 0.381551325321198 0.379819750785828 0.3709916472435 0.357647269964218 0.362322002649307 0.4775051176548 0.55369621515274 0.516398549079895 0.504034757614136 0.422654211521149 0.29460808634758 0.290386140346527 0.282078415155411 0.250656217336655 0.414760023355484 0.471394121646881 0.400733172893524 0.248767375946045 0.246050462126732 0.241859138011932 0.247811377048492 0.249338254332542 0.295649141073227 0.361196964979172 0.424395322799683 0.55661553144455 1.03048706054688 1.07067215442657 1.10367548465729 1.04899895191193 1.05040407180786 1.0932639837265 1.08288156986237 1.14395344257355 1.22304427623749 1.37905144691467 1.89931726455688 -99.9 -99.9 -99.9 -99.9 -99.9 -99.9 -99.9
-99.9 -99.9 -99.9 0.519055843353271 0.494395762681961 0.386485278606415 0.38088646531105 0.393138110637665 0.364677786827087 0.353911101818085 0.386532008647919 0.38011708855629 0.401504188776016 0.460719525814056 0.489451825618744 0.370681524276733 0.360450118780136 0.531651794910431 0.649169504642487 0.725923180580139 0.72850227355957 0.610968768596649 0.546483397483826 0.396134048700333 0.319798469543457 0.257584273815155 0.259028315544128 0.248222604393959 0.247267171740532 0.276316076517105 0.276218473911285 0.24897426366806 0.244797945022583 0.244980469346046 0.239050224423409 0.267597615718842 0.305748134851456 0.326545268297195 0.527517914772034 0.757518708705902 1.00563585758209 1.13070833683014 1.17575454711914 1.14597284793854 1.11591410636902 1.08069896697998 1.11137294769287 1.15471494197845 1.19715392589569 1.41033887863159 1.96347987651825 -99.9 -99.9 -99.9 -99.9 -99.9 -99.9 -99.9
-99.9 -99.9 -99.9 -99.9 0.561907112598419 0.461283177137375 0.423312038183212 0.408313363790512 0.393689930438995 0.38367760181427 0.367561459541321 0.377295702695847 0.457805544137955 0.58396703004837 0.386841863393784 0.381507754325867 0.502985715866089 0.624491572380066 0.553736329078674 0.470190107822418 0.562678694725037 0.595632910728455 0.349637478590012 0.281237870454788 0.300519049167633 0.278011530637741 0.267405867576599 0.252301663160324 0.243068382143974 0.267930686473846 0.279399007558823 0.292508870363235 0.26656773686409 0.249979928135872 0.270529508590698 0.303839653730392 0.314470320940018 0.512669205665588 0.707619249820709 0.865414142608643 0.940061211585999 1.01262640953064 1.07288777828217 1.09125435352325 1.12044739723206 1.0899955034256 1.09426057338715 1.08261501789093 1.16731524467468 1.26012349128723 1.63831794261932 1.50448215007782 -99.9 -99.9 -99.9 -99.9 -99.9 -99.9
0.577891886234283 -99.9 -99.9 0.573461532592773 0.388858079910278 0.426114708185196 0.409543573856354 0.403460443019867 0.398324400186539 0.388907641172409 0.378042578697205 0.380675733089447 0.543369114398956 0.648939728736877 0.526626229286194 0.37665519118309 0.386578023433685 0.417296707630157 0.382602900266647 0.370546102523804 0.342569231987 0.412883222103119 0.314772248268127 0.268900394439697 0.295313358306885 0.288192272186279 0.291502356529236 0.299237966537476 0.258358180522919 0.264995992183685 0.306255459785461 0.291998773813248 0.283430814743042 0.269330471754074 0.304561674594879 0.317160218954086 0.313685208559036 0.523548603057861 0.674018263816833 0.868863523006439 0.902495980262756 0.984782516956329 1.08542954921722 1.05881726741791 1.04714822769165 1.10023736953735 1.10086023807526 1.07752513885498 1.14493381977081 1.20740699768066 1.31770062446594 1.93013203144073 -99.9 -99.9 -99.9 -99.9 -99.9 -99.9
0.383704155683517 -99.9 0.451375663280487 0.413050949573517 0.402788758277893 0.407239377498627 0.409087777137756 0.394535720348358 0.388626366853714 0.388321399688721 0.385137528181076 0.405009478330612 0.453786015510559 0.611840665340424 0.522226631641388 0.375220566987991 0.363872498273849 0.370255649089813 0.388324618339539 0.372541427612305 0.352545827627182 0.335345059633255 0.337700575590134 0.269620627164841 0.276462733745575 0.28788548707962 0.301036715507507 0.301956325769424 0.258952498435974 0.286419898271561 0.341944962739944 0.3131203353405 0.332909494638443 0.35127717256546 0.308028250932693 0.316875338554382 0.325345098972321 0.459627538919449 0.654960691928864 0.793829739093781 0.906140744686127 0.943481922149658 1.00240278244019 1.03904807567596 1.04271304607391 1.07673799991608 1.07810199260712 1.07333707809448 1.14636933803558 1.19895124435425 1.27112483978271 1.71016716957092 1.47820234298706 -99.9 -99.9 -99.9 -99.9 -99.9
0.326068222522736 0.383896142244339 0.363548934459686 0.381694793701172 0.407192796468735 0.380640059709549 0.377810031175613 0.372023224830627 0.387268453836441 0.38213050365448 0.430677086114883 0.474260538816452 0.630386650562286 0.584865391254425 0.405692726373672 0.37852019071579 0.558279991149902 0.538379311561584 0.355570703744888 0.304824829101562 0.327172756195068 0.280671805143356 0.32371386885643 0.339854001998901 0.31850665807724 0.291847556829453 0.309546262025833 0.31241238117218 0.310236304998398 0.289300709962845 0.333496630191803 0.401783883571625 0.417902201414108 0.353595018386841 0.338618069887161 0.300512254238129 0.293270438909531 0.340819388628006 0.506336271762848 0.67229288816452 0.919992029666901 0.952369213104248 0.969258427619934 1.01062071323395 1.08389890193939 1.06784248352051 1.11165869235992 1.08015418052673 1.09995245933533 1.19993782043457 1.2588095664978 1.84879899024963 -99.9 -99.9 -99.9 -99.9 -99.9 -99.9
0.281224250793457 0.289430439472198 0.322323471307755 0.380213886499405 0.384668469429016 0.361436814069748 0.387372881174088 0.395793914794922 0.388151586055756 0.358566284179688 0.528177320957184 0.60838919878006 0.690657913684845 0.647999703884125 0.554947435855865 0.541484713554382 0.547283113002777 0.513652265071869 0.417089402675629 0.374436289072037 0.296499878168106 0.30731663107872 0.360538184642792 0.358704447746277 0.344201385974884 0.325655877590179 0.443953663110733 0.300319850444794 0.300535976886749 0.343158394098282 0.401400059461594 0.467650473117828 0.367382019758224 0.340268552303314 0.341576397418976 0.309031963348389 0.30117267370224 0.325542658567429 0.5638787150383 0.698900997638702 0.938747107982635 0.927902638912201 0.983364284038544 1.0724401473999 1.09185338020325 1.05906784534454 1.11223542690277 1.10481369495392 1.11506712436676 1.19247257709503 1.31690263748169 1.62000143527985 2.07920575141907 -99.9 -99.9 -99.9 -99.9 -99.9
