fish_book/data/sediment/Wilson_et_al_2017_data_files_asc/POC.asc
NCOLS 200
NROWS 150
XLLCORNER -16
YLLCORNER 44
CELLSIZE 0.125
NODATA_VALUE -99.9
[rows 0 to 24 of 150, columns 58 to 115 of 200]
-99.9 -99.9 -99.9 -99.9 -99.9 -99.9 0.514859080314636 0.475751340389252 0.382731884717941 0.531613945960999 0.580459237098694 0.589552819728851 0.601432859897614 0.605166971683502 0.603110373020172 0.554197609424591 0.533320188522339 0.552962005138397 0.647471904754639 0.558754086494446 0.604214489459991 0.591618716716766 0.62333881855011 0.625360012054443 0.625687479972839 -99.9 -99.9 -99.9 -99.9 -99.9 -99.9 -99.9 -99.9 -99.9 -99.9 -99.9 -99.9 -99.9 -99.9 -99.9 -99.9 -99.9 -99.9 -99.9 -99.9 -99.9 -99.9 -99.9 -99.9 -99.9 -99.9 -99.9 -99.9 -99.9 -99.9 -99.9 -99.9 -99.9
-99.9 0.512941002845764 0.494343489408493 0.496505200862885 0.452026426792145 0.385421454906464 0.321320444345474 0.320535331964493 0.311191618442535 0.310722887516022 0.306894034147263 0.303801566362381 0.308370590209961 0.318802356719971 0.296887636184692 0.313918828964233 0.316741555929184 0.313581019639969 0.316486269235611 0.310821354389191 0.319934070110321 0.463388115167618 0.561827540397644 0.603290557861328 0.599732756614685 0.592922627925873 0.595302939414978 0.592352449893951 0.625999271869659 -99.9 -99.9 -99.9 -99.9 -99.9 -99.9 -99.9 -99.9 -99.9 -99.9 -99.9 -99.9 -99.9 -99.9 -99.9 -99.9 -99.9 -99.9 -99.9 -99.9 -99.9 -99.9 -99.9 -99.9 -99.9 -99.9 -99.9 -99.9 -99.9
0.498337775468826 0.38769006729126 0.494304031133652 0.465934842824936 0.358686000108719 0.309815555810928 0.285021901130676 0.276230543851852 0.277946382761002 0.295492172241211 0.32195708155632 0.335885941982269 0.366211116313934 0.359033226966858 0.377713352441788 0.351135045289993 0.350992053747177 0.384242504835129 0.364817768335342 0.380065679550171 0.342236816883087 0.326361060142517 0.329968988895416 0.385264754295349 0.466280996799469 0.534780085086823 0.514687180519104 0.385177820920944 0.607255458831787 0.554754614830017 0.619099617004395 0.599063754081726 0.621723234653473 -99.9 -99.9 -99.9 -99.9 -99.9 -99.9 -99.9 -99.9 -99.9 -99.9 -99.9 -99.9 -99.9 -99.9 -99.9 -99.9 -99.9 -99.9 -99.9 -99.9 -99.9 -99.9 -99.9 -99.9 -99.9
0.37718540430069 0.333707720041275 0.315112173557281 0.323638051748276 0.300243943929672 0.295823842287064 0.299519389867783 0.273228347301483 0.292066752910614 0.332433372735977 0.355438947677612 0.442312806844711 -99.9 -99.9 -99.9 -99.9 -99.9 -99.9 -99.9 -99.9 0.441452145576477 0.348021984100342 0.368631929159164 0.347033351659775 0.525245845317841 0.489342898130417 0.414982289075851 0.358696967363358 0.36626324057579 0.561202883720398 0.395384013652802 0.54078996181488 0.608199536800385 0.615124821662903 0.585614204406738 0.485707193613052 0.51482355594635 0.555819034576416 -99.9 -99.9 -99.9 -99.9 -99.9 -99.9 -99.9 -99.9 -99.9 -99.9 -99.9 -99.9 -99.9 -99.9 -99.9 -99.9 -99.9 -99.9 -99.9 -99.9
0.343264400959015 0.323405265808105 0.301766097545624 0.2963527739048 0.298844546079636 0.307160526514053 0.337476283311844 0.351701080799103 0.330621331930161 0.357361197471619 0.383980482816696 0.407528877258301 -99.9 -99.9 -99.9 -99.9 -99.9 -99.9 -99.9 0.442367315292358 0.381502449512482 0.336068570613861 0.306881606578827 0.389620989561081 0.535705864429474 0.510207295417786 0.382181525230408 0.392100781202316 0.417915314435959 0.458057522773743 0.510420441627502 0.514409005641937 0.718297064304352 0.696707963943481 0.563679277896881 0.540980458259583 0.540424525737762 0.549393713474274 0.592221796512604 0.655544519424438 0.655300617218018 -99.9 -99.9 -99.9 -99.9 -99.9 -99.9 -99.9 -99.9 -99.9 -99.9 -99.9 -99.9 -99.9 -99.9 -99.9 -99.9 -99.9
0.37741893529892 0.345851689577103 0.333780109882355 0.303016096353531 0.296327263116837 0.321127384901047 0.3386609852314 0.389102965593338 0.377168595790863 0.375799357891083 0.40138190984726 -99.9 -99.9 -99.9 -99.9 -99.9 -99.9 0.439978510141373 0.3570456802845 0.368637204170227 0.350668609142303 0.324881374835968 0.360291987657547 0.475189328193665 0.550723969936371 0.552008390426636 0.37622082233429 0.349746525287628 0.344361037015915 0.413178563117981 0.496351778507233 0.512193620204926 0.435940682888031 0.537784814834595 0.574946820735931 0.537968754768372 0.585859715938568 0.534363687038422 -99.9 -99.9 -99.9 -99.9 -99.9 -99.9 -99.9 -99.9 -99.9 -99.9 -99.9 -99.9 -99.9 -99.9 -99.9 -99.9 -99.9 -99.9 -99.9 -99.9
0.403113335371017 0.4122034907341 0.483480244874954 0.399970948696136 0.331330806016922 0.319707363843918 0.299470216035843 0.324946641921997 0.335965931415558 0.33522555232048 0.358372867107391 0.368021100759506 0.394403696060181 0.413178354501724 -99.9 -99.9 0.444214582443237 0.445900529623032 0.36708402633667 0.335943400859833 0.304728090763092 0.334697782993317 0.46109327673912 0.427473664283752 0.411124467849731 0.375124245882034 0.373586177825928 0.35498782992363 0.384528398513794 0.356438845396042 0.592023849487305 0.512709736824036 0.52232962846756 0.492716401815414 0.536309719085693 -99.9 -99.9 -99.9 -99.9 -99.9 -99.9 -99.9 -99.9 -99.9 -99.9 -99.9 -99.9 -99.9 -99.9 -99.9 -99.9 -99.9 -99.9 -99.9 -99.9 -99.9 -99.9 -99.9
-99.9 0.53104966878891 0.525794386863708 0.42048117518425 0.319703757762909 0.315808266401291 0.339427709579468 0.382116973400116 0.364570677280426 0.339443445205688 0.31391504406929 0.341077089309692 0.338810414075851 0.360454499721527 0.429232060909271 -99.9 -99.9 0.473252266645432 0.317464649677277 0.303008645772934 0.298879116773605 0.35396420955658 0.433964163064957 0.536192953586578 0.383991271257401 0.424580931663513 0.515019655227661 0.534684121608734 0.430545747280121 0.568613946437836 0.537863671779633 0.468470811843872 0.338805258274078 0.598306834697723 -99.9 -99.9 -99.9 -99.9 -99.9 -99.9 -99.9 -99.9 -99.9 -99.9 -99.9 -99.9 -99.9 -99.9 -99.9 -99.9 -99.9 -99.9 -99.9 -99.9 -99.9 -99.9 -99.9 -99.9
-99.9 -99.9 -99.9 0.525851905345917 0.537246942520142 0.401282340288162 0.49552658200264 0.382780522108078 0.362614691257477 0.361490279436111 0.365905493497849 0.345603108406067 0.339618712663651 0.402442276477814 -99.9 0.446121513843536 0.464194774627686 0.36444553732872 0.314254343509674 0.303571045398712 0.469857841730118 0.393959373235703 0.386979550123215 0.518456816673279 0.363876283168793 0.368727535009384 0.48856845498085 0.350776195526123 0.360679179430008 0.651195466518402 0.530974447727203 0.450885981321335 0.479203253984451 0.517956912517548 -99.9 -99.9 -99.9 -99.9 -99.9 -99.9 -99.9 -99.9 -99.9 -99.9 -99.9 -99.9 -99.9 -99.9 -99.9 -99.9 -99.9 -99.9 -99.9 -99.9 -99.9 -99.9 -99.9 -99.9
-99.9 -99.9 -99.9 -99.9 0.692580819129944 0.503920555114746 0.366434633731842 0.415260016918182 0.477943658828735 0.370284110307693 0.512146234512329 0.507755756378174 0.343921631574631 0.406518340110779 -99.9 -99.9 0.449651151895523 0.363879323005676 0.353783190250397 0.580927550792694 0.485836207866669 0.394571781158447 0.504083812236786 0.391170054674149 0.371404558420181 0.376672714948654 0.372677475214005 0.654804468154907 0.573599100112915 0.514678001403809 0.535251140594482 0.384386390447617 0.453351050615311 -99.9 -99.9 -99.9 -99.9 -99.9 -99.9 -99.9 -99.9 -99.9 -99.9 -99.9 -99.9 -99.9 -99.9 -99.9 -99.9 -99.9 -99.9 -99.9 -99.9 -99.9 -99.9 -99.9 -99.9 -99.9
0.514503180980682 -99.9 -99.9 -99.9 -99.9 -99.9 -99.9 0.594232738018036 0.610071241855621 0.642183899879456 0.582714378833771 0.547254681587219 0.439173758029938 0.350592821836472 0.401401311159134 -99.9 -99.9 0.388131737709045 0.385566979646683 0.520106315612793 0.695149600505829 0.497110307216644 0.390850245952606 0.392692923545837 0.629342317581177 0.384125113487244 0.389955252408981 0.375325620174408 0.486876398324966 0.663424789905548 0.644201159477234 0.371655076742172 -99.9 -99.9 -99.9 -99.9 -99.9 -99.9 -99.9 -99.9 -99.9 -99.9 -99.9 -99.9 -99.9 -99.9 -99.9 -99.9 -99.9 -99.9 -99.9 -99.9 -99.9 -99.9 -99.9 -99.9 -99.9 -99.9
0.492572635412216 0.35890719294548 0.507930815219879 0.489952683448792 -99.9 -99.9 -99.9 -99.9 -99.9 -99.9 0.646521747112274 0.581718802452087 0.413098722696304 0.315657526254654 0.313203930854797 0.337932944297791 0.350837498903275 0.341216027736664 0.326168149709702 0.324841916561127 0.381243169307709 0.353056758642197 0.38666170835495 0.431370109319687 0.400147438049316 0.522263288497925 0.393181502819061 0.57960319519043 0.376834779977798 0.473170906305313 0.420340418815613 -99.9 -99.9 -99.9 -99.9 -99.9 -99.9 -99.9 -99.9 -99.9 -99.9 -99.9 -99.9 -99.9 -99.9 -99.9 -99.9 -99.9 -99.9 -99.9 -99.9 -99.9 -99.9 -99.9 -99.9 -99.9 0.38201716542244 0.39612603187561
0.30813392996788 0.442420035600662 0.461393564939499 0.548945844173431 0.542186200618744 0.614237725734711 -99.9 -99.9 -99.9 -99.9 -99.9 0.623751699924469 0.555408537387848 0.335927844047546 0.31396159529686 0.302914202213287 0.293386310338974 0.285332202911377 0.298942804336548 0.308156996965408 0.336909711360931 0.586387872695923 0.542989552021027 0.658978879451752 0.414234310388565 0.386472940444946 0.360144287347794 0.372336447238922 0.529773533344269 -99.9 -99.9 -99.9 -99.9 -99.9 -99.9 -99.9 -99.9 -99.9 -99.9 -99.9 -99.9 -99.9 -99.9 -99.9 -99.9 -99.9 -99.9 -99.9 -99.9 -99.9 -99.9 -99.9 -99.9 -99.9 0.390548527240753 0.364747822284698 0.355939328670502 0.327052563428879
0.486911863088608 0.434482634067535 0.452003002166748 0.533373892307281 0.460205465555191 0.673612773418427 0.581539750099182 0.6265869140625 -99.9 -99.9 -99.9 -99.9 0.594906449317932 0.556574165821075 0.33757746219635 0.317510068416595 0.302822381258011 0.283643931150436 0.293903589248657 0.320799022912979 0.375299274921417 0.618259489536285 0.552299380302429 0.571600794792175 0.41690269112587 0.397740244865417 0.536439716815948 0.371210694313049 -99.9 -99.9 -99.9 -99.9 -99.9 -99.9 -99.9 -99.9 -99.9 -99.9 -99.9 -99.9 -99.9 -99.9 -99.9 -99.9 -99.9 -99.9 -99.9 -99.9 -99.9 -99.9 -99.9 0.408014327287674 0.387712836265564 0.370873868465424 0.356583058834076 0.356773644685745 0.351922750473022 0.355814635753632
0.372018188238144 0.425052553415298 0.420344710350037 0.407936364412308 0.65605241060257 0.393510013818741 0.559139728546143 -99.9 -99.9 -99.9 -99.9 -99.9 -99.9 0.539445042610168 0.383717566728592 0.372680932283401 0.32091036438942 0.318186163902283 0.29871854186058 0.286195129156113 0.345367223024368 0.3789342045784 0.537838578224182 0.39398255944252 0.735174715518951 0.384129583835602 0.66222470998764 -99.9 -99.9 -99.9 -99.9 -99.9 -99.9 -99.9 -99.9 -99.9 -99.9 -99.9 -99.9 -99.9 -99.9 -99.9 -99.9 -99.9 -99.9 -99.9 -99.9 -99.9 0.396962344646454 0.386963307857513 0.372049301862717 0.394809722900391 0.372548788785934 0.325170576572418 0.313193380832672 0.321547746658325 0.313989549875259 0.315876960754395
0.3677639067173 0.413332015275955 0.338589936494827 0.353774577379227 0.460219889879227 -99.9 -99.9 -99.9 -99.9 -99.9 -99.9 -99.9 -99.9 0.543498516082764 0.38179886341095 0.384021192789078 0.333176612854004 0.314502984285355 0.313721090555191 0.377247363328934 0.337822020053864 0.395293444395065 0.383449405431747 0.375283390283585 -99.9 -99.9 -99.9 -99.9 -99.9 -99.9 -99.9 -99.9 -99.9 -99.9 -99.9 -99.9 -99.9 -99.9 -99.9 -99.9 -99.9 -99.9 -99.9 -99.9 -99.9 0.540684819221497 0.371317744255066 0.383130341768265 0.363515108823776 0.338342875242233 0.345777928829193 0.308217585086823 0.297138929367065 0.317235916852951 0.306977808475494 0.33876633644104 0.329044252634048 0.332972556352615
0.399221271276474 0.32022699713707 -99.9 -99.9 -99.9 -99.9 -99.9 -99.9 -99.9 -99.9 -99.9 -99.9 -99.9 -99.9 0.504990637302399 0.367791712284088 0.361065000295639 0.333368390798569 0.332711935043335 0.318653285503387 0.353498011827469 0.391820460557938 -99.9 -99.9 -99.9 -99.9 -99.9 -99.9 -99.9 -99.9 -99.9 -99.9 -99.9 -99.9 -99.9 -99.9 -99.9 -99.9 -99.9 -99.9 -99.9 -99.9 -99.9 0.385677099227905 0.387609452009201 0.385653495788574 0.36648690700531 0.364935904741287 0.34759047627449 0.319839715957642 0.301271915435791 0.370562046766281 0.36454564332962 0.335319191217422 0.357327282428741 0.372501015663147 0.398895293474197 0.378520965576172
0.420654088258743 -99.9 -99.9 -99.9 -99.9 -99.9 -99.9 -99.9 -99.9 -99.9 -99.9 -99.9 -99.9 -99.9 -99.9 0.363483905792236 0.336331695318222 0.348847329616547 0.31925442814827 0.327613413333893 0.463899940252304 0.354097664356232 0.503086447715759 -99.9 -99.9 -99.9 -99.9 -99.9 -99.9 -99.9 -99.9 -99.9 -99.9 -99.9 -99.9 -99.9 -99.9 -99.9 -99.9 -99.9 -99.9 0.39375376701355 0.39038610458374 0.397745072841644 0.397694200277328 0.388136714696884 0.371517986059189 0.359591394662857 0.312353760004044 0.316628307104111 0.349847346544266 0.388768702745438 0.380721718072891 0.356757193803787 0.391556352376938 0.421922564506531 0.409424006938934 0.427143186330795
0.49996018409729 -99.9 -99.9 -99.9 -99.9 -99.9 -99.9 -99.9 -99.9 -99.9 -99.9 -99.9 -99.9 -99.9 -99.9 -99.9 -99.9 -99.9 0.480024009943008 0.374433577060699 0.373727887868881 0.443940341472626 0.355757921934128 -99.9 -99.9 -99.9 -99.9 -99.9 -99.9 -99.9 -99.9 -99.9 -99.9 -99.9 -99.9 -99.9 -99.9 0.495682239532471 0.337273597717285 0.340893000364304 0.368915200233459 0.371588200330734 0.400884330272675 0.386530131101608 0.382029712200165 0.366513133049011 0.385344684123993 0.355683177709579 0.372394859790802 0.395428091287613 0.334210515022278 0.382885426282883 0.375613927841187 0.370392501354218 0.411491394042969 0.441554218530655 0.506556928157806 0.509270787239075
-99.9 -99.9 -99.9 -99.9 -99.9 -99.9 -99.9 -99.9 -99.9 -99.9 -99.9 -99.9 -99.9 -99.9 -99.9 -99.9 -99.9 -99.9 -99.9 -99.9 -99.9 -99.9 -99.9 -99.9 -99.9 -99.9 -99.9 -99.9 -99.9 -99.9 -99.9 -99.9 -99.9 -99.9 -99.9 0.370070964097977 0.35372993350029 0.363278299570084 0.359870344400406 0.31941494345665 0.335395157337189 0.310539305210114 0.30149781703949 0.390253454446793 0.369982033967972 0.386446058750153 0.39726734161377 0.415178209543228 0.382396668195724 0.32675576210022 0.336438864469528 0.327218979597092 0.370290726423264 0.338820040225983 0.307010114192963 0.380787342786789 -99.9 0.591967463493347
-99.9 -99.9 -99.9 -99.9 -99.9 -99.9 -99.9 -99.9 -99.9 -99.9 -99.9 -99.9 -99.9 -99.9 -99.9 -99.9 -99.9 -99.9 -99.9 -99.9 -99.9 -99.9 -99.9 -99.9 -99.9 -99.9 -99.9 -99.9 -99.9 -99.9 -99.9 -99.9 -99.9 0.363166958093643 0.356244653463364 0.315995335578918 0.290590792894363 0.295891225337982 0.279749125242233 0.32294425368309 0.302531003952026 0.298881947994232 0.296144396066666 0.298434108495712 0.364503175020218 0.390136241912842 0.346356183290482 0.318265676498413 0.27639165520668 0.305934190750122 0.339694738388062 0.339372634887695 0.430560410022736 0.359388291835785 0.331632137298584 0.342859864234924 0.377984255552292 0.51552814245224
-99.9 -99.9 -99.9 -99.9 -99.9 -99.9 -99.9 -99.9 -99.9 -99.9 -99.9 0.605500757694244 0.437541842460632 -99.9 -99.9 -99.9 -99.9 -99.9 -99.9 -99.9 -99.9 -99.9 -99.9 -99.9 -99.9 -99.9 -99.9 -99.9 -99.9 -99.9 0.476035356521606 0.346547216176987 0.360138088464737 0.398212015628815 0.308345019817352 0.328807324171066 0.295864045619965 0.292897075414658 0.276753693819046 0.277646720409393 0.284386783838272 0.322983056306839 0.306270241737366 0.339237570762634 0.366104334592819 0.28655594587326 0.276051014661789 0.239122718572617 0.254946321249008 0.284466952085495 0.320401728153229 0.327993541955948 0.334672302007675 0.395065188407898 0.338004469871521 0.299026221036911 0.369161903858185 0.418155372142792
-99.9 -99.9 -99.9 -99.9 -99.9 -99.9 -99.9 -99.9 -99.9 -99.9 -99.9 -99.9 -99.9 -99.9 -99.9 -99.9 -99.9 0.343874335289001 0.323273569345474 -99.9 -99.9 -99.9 -99.9 -99.9 -99.9 -99.9 -99.9 -99.9 0.379792481660843 0.353389054536819 0.32085657119751 0.300238698720932 0.268908023834229 0.25610226392746 0.264143347740173 0.273236304521561 0.273242056369781 0.325286000967026 0.382697463035583 0.331758320331573 0.300391882658005 0.297528445720673 0.354683876037598 0.348283499479294 0.267631351947784 0.23773068189621 0.23803548514843 0.240809082984924 0.252116650342941 0.247782066464424 0.255356520414352 0.276429623365402 0.257017940282822 0.264765799045563 0.267591089010239 0.299396574497223 0.334369987249374 0.347173899412155
-99.9 -99.9 -99.9 -99.9 -99.9 -99.9 -99.9 -99.9 -99.9 -99.9 -99.9 -99.9 -99.9 -99.9 -99.9 -99.9 -99.9 -99.9 0.389121562242508 0.363821297883987 0.394783288240433 0.381001383066177 0.377438426017761 -99.9 -99.9 0.410840451717377 0.407077193260193 0.389056295156479 0.344823181629181 0.362083673477173 0.324618130922318 0.271897941827774 0.269963830709457 0.259401082992554 0.275664061307907 0.292742550373077 0.301121801137924 0.316908448934555 0.295006513595581 0.28810441493988 0.301971077919006 0.313248127698898 0.30483266711235 0.242965817451477 0.231531739234924 0.225918129086494 0.231724768877029 0.231927275657654 0.227383524179459 0.225777044892311 0.221380233764648 0.221180379390717 0.231755509972572 0.256976455450058 0.25859734416008 0.261752247810364 0.291301071643829 0.312141597270966
-99.9 -99.9 -99.9 -99.9 -99.9 -99.9 -99.9 -99.9 -99.9 -99.9 -99.9 -99.9 -99.9 -99.9 -99.9 -99.9 -99.9 0.497545748949051 0.341667652130127 0.358325630426407 0.366188526153564 0.364259630441666 0.3550945520401 0.335714399814606 0.308554500341415 0.314612299203873 0.328004419803619 0.329467982053757 0.316865980625153 0.31496787071228 0.315930962562561 0.306705892086029 0.276918768882751 0.250769197940826 0.281433582305908 0.276581197977066 0.281334221363068 0.282561659812927 0.282579272985458 0.343151032924652 0.299237728118896 0.286191076040268 0.316132694482803 0.222701072692871 0.201665118336678 0.237619936466217 0.232234567403793 0.237633496522903 0.236595928668976 0.220053300261497 0.226575300097466 0.240658655762672 0.235857546329498 0.266203582286835 0.272354006767273 0.285651236772537 0.312461286783218 0.299312084913254
