fish_book/data/sediment/Wilson_et_al_2017_data_files_asc/POC.asc
NCOLS 200
NROWS 150
XLLCORNER -16
YLLCORNER 44
CELLSIZE 0.125
NODATA_VALUE -99.9
[rows 100 to 124 of 150, columns 58 to 115 of 200]
0.522771179676056 0.536109566688538 0.528541207313538 0.574498176574707 0.556473553180695 0.494351416826248 0.367879122495651 0.341377645730972 0.388335824012756 0.473557233810425 0.492611587047577 0.497461646795273 0.655385911464691 0.382160812616348 0.278679877519608 0.285878300666809 0.259542614221573 0.211969017982483 0.200053215026855 0.214841306209564 0.191414073109627 0.216053009033203 0.174080848693848 0.195758804678917 -99.9 -99.9 -99.9 -99.9 -99.9 -99.9 -99.9 0.387105584144592 0.297483652830124 0.260072261095047 0.361283212900162 0.45255646109581 0.571684539318085 0.397182315587997 0.395026117563248 0.354305148124695 0.274577438831329 0.182995676994324 0.214911863207817 0.196996212005615 0.183320373296738 0.176016822457314 0.111172385513783 0.149798259139061 0.144046694040298 0.169682413339615 0.194892108440399 0.158161416649818 0.166236713528633 0.148619636893272 0.141027584671974 0.119580693542957 0.126925766468048 0.132942527532578
0.458867758512497 0.538138806819916 0.534543454647064 0.645599782466888 0.560801148414612 0.524266362190247 0.39115047454834 0.500216126441956 0.535799145698547 0.492882490158081 0.530504286289215 0.505161225795746 0.553554177284241 0.341464459896088 0.26607558131218 0.260745823383331 0.252230793237686 0.201503545045853 0.213384404778481 0.223920166492462 0.21491177380085 0.168481513857841 0.172748625278473 0.207283824682236 -99.9 -99.9 0.339408814907074 -99.9 -99.9 -99.9 0.304994285106659 0.266036421060562 0.269725054502487 0.258015692234039 0.24883708357811 0.236835941672325 0.222745046019554 0.184908881783485 0.152795553207397 0.12538169324398 0.0987617969512939 0.171266481280327 0.191859945654869 0.192227944731712 0.175367638468742 0.139966130256653 0.146484524011612 0.131526187062263 0.127614557743073 0.136232674121857 0.140586420893669 0.188616439700127 0.173784732818604 0.303375571966171 0.172828912734985 0.128953412175179 0.134902983903885 0.133497774600983
0.465631753206253 0.517601609230042 0.499635487794876 0.522251129150391 0.524035096168518 0.513542890548706 0.442763417959213 0.483744472265244 0.508358061313629 0.513610899448395 0.503588557243347 0.462861776351929 0.449162930250168 0.285311549901962 0.24141900241375 0.250653803348541 0.226940631866455 0.355552345514297 0.33317106962204 -99.9 0.240775689482689 0.192987933754921 0.169696807861328 0.207652345299721 0.24446801841259 0.253986537456512 0.228493645787239 0.252125591039658 0.27289953827858 0.24036106467247 0.208863794803619 0.219760119915009 0.219763413071632 0.208602711558342 0.217390269041061 0.218522697687149 0.234224081039429 0.18409489095211 0.133912831544876 0.0992190539836884 0.159874990582466 0.15500009059906 0.150538384914398 0.155799299478531 0.157107010483742 0.140703186392784 0.127489641308784 0.111834146082401 0.13700532913208 0.143284693360329 0.144439607858658 0.171680420637131 0.183633491396904 0.167679727077484 0.151516363024712 0.166920036077499 0.166484162211418 0.152296379208565
0.317297220230103 0.371971607208252 0.422608703374863 0.488243609666824 0.487463802099228 0.288207232952118 0.285039454698563 0.457307994365692 0.463247835636139 0.556558191776276 0.400265783071518 0.513352870941162 0.482818931341171 0.444611787796021 0.231693029403687 0.247753456234932 0.247422456741333 0.230078130960464 0.220894441008568 0.221436768770218 0.197292387485504 0.172033354640007 0.142635762691498 0.175600588321686 0.210263699293137 0.204431638121605 0.221435993909836 0.211564168334007 0.1980941593647 0.210450977087021 0.210385084152222 0.204628720879555 0.194581553339958 0.212259471416473 0.205732241272926 0.201740369200706 0.226010799407959 0.207482099533081 0.191169515252113 0.164892300963402 0.165149763226509 0.152957752346992 0.155028402805328 0.16126337647438 0.143593892455101 0.124778896570206 0.116635225713253 0.122804574668407 0.134739443659782 0.17677815258503 0.179323777556419 0.180588394403458 0.209017440676689 0.189658313989639 0.201361075043678 0.211163997650146 0.188091143965721 0.174825474619865
0.37276366353035 0.389435440301895 0.397702395915985 0.332696050405502 0.391039848327637 0.301911681890488 0.396422237157822 0.406617224216461 0.390110582113266 0.433232247829437 0.415806829929352 0.483580052852631 0.423367351293564 0.34407114982605 0.259285271167755 0.236083328723907 0.389871835708618 0.242258846759796 0.259970664978027 0.241090133786201 0.225235089659691 0.232968553900719 0.134031891822815 0.139532923698425 0.169664338231087 0.203381165862083 0.209420368075371 0.206976860761642 0.191385209560394 0.195909455418587 0.194300264120102 0.194934472441673 0.208745136857033 0.201996609568596 0.213629856705666 0.212559670209885 0.226862981915474 0.211524695158005 0.207026422023773 0.18157185614109 0.175067260861397 0.167357429862022 0.155715763568878 0.165584787726402 0.141010522842407 0.135384872555733 0.194074332714081 0.148877263069153 0.162472113966942 0.153337895870209 0.182306408882141 0.262580960988998 0.278298884630203 0.227467313408852 -99.9 -99.9 -99.9 0.276404649019241
0.313329011201859 0.309071660041809 0.286653339862823 0.282330840826035 0.269004553556442 0.278942674398422 0.26512748003006 0.270242184400558 0.288567334413528 0.266940593719482 0.419111490249634 0.286715179681778 0.286842852830887 0.271458238363266 0.232734456658363 0.249217942357063 0.242013663053513 0.224369123578072 0.236756071448326 0.244795352220535 0.248370751738548 0.228554621338844 0.141369208693504 0.132762312889099 0.133486747741699 0.213103488087654 0.210055738687515 0.188496753573418 0.177744999527931 0.184688031673431 0.196658432483673 0.19901642203331 0.194368302822113 0.222582414746284 0.204379186034203 0.222105771303177 0.205551773309708 0.227253034710884 0.202004089951515 0.180029854178429 0.170944586396217 0.179281398653984 0.17732261121273 0.183256417512894 0.169700562953949 0.167381063103676 0.176403850317001 0.177523344755173 0.198842063546181 0.221886053681374 0.227323770523071 0.165313437581062 0.197465017437935 0.220441266894341 0.310282737016678 -99.9 -99.9 -99.9
0.315328329801559 0.302194744348526 0.299001902341843 0.287992894649506 0.274687558412552 0.283334851264954 0.283621579408646 0.276816934347153 0.27622064948082 0.272982031106949 0.276068150997162 0.264523178339005 0.264703452587128 0.251051366329193 0.249817490577698 0.248733907938004 0.24035656452179 0.2295932918787 0.227532163262367 0.225434854626656 0.239101231098175 0.22190734744072 0.224636346101761 0.229916274547577 0.245814114809036 0.236290827393532 0.206386283040047 0.214014962315559 0.19449146091938 0.190142661333084 0.204670906066895 0.203154757618904 0.203221574425697 0.203870937228203 0.21092164516449 0.201826006174088 0.20641864836216 0.19427777826786 0.201208680868149 0.180602297186852 0.207711935043335 0.187493115663528 0.165037736296654 0.171885371208191 0.164834499359131 0.160038903355598 0.181822061538696 0.21583379805088 0.35113263130188 -99.9 0.281061232089996 0.312329322099686 0.216913551092148 0.218104720115662 0.233029365539551 -99.9 -99.9 -99.9
0.29686963558197 0.302417993545532 0.270468682050705 0.287526279687881 0.279798477888107 0.293876528739929 0.281703442335129 0.290654689073563 0.453717887401581 0.277879446744919 0.37036669254303 0.259184390306473 0.254377245903015 0.230319693684578 0.24154981970787 0.233717083930969 0.247783496975899 0.232944399118423 0.245595395565033 0.221280485391617 0.227017283439636 0.224866971373558 0.216436862945557 0.225091397762299 0.215318858623505 0.213441088795662 0.188461855053902 0.185308784246445 0.196225792169571 0.187689423561096 0.204299181699753 0.190415322780609 0.184165865182877 0.18846669793129 0.192864581942558 0.180363982915878 0.184216544032097 0.176649123430252 0.190330922603607 0.188328921794891 0.171324089169502 0.166166320443153 0.149093627929688 0.146653398871422 0.147208824753761 0.161145687103271 0.16165092587471 0.184912115335464 0.205025196075439 0.172417342662811 0.193560257554054 0.249558851122856 0.259405314922333 0.271653026342392 0.289763927459717 0.361289024353027 -99.9 -99.9
0.276731163263321 0.263259708881378 0.259047329425812 0.258671224117279 0.26726508140564 0.275984555482864 0.274016708135605 0.266736894845963 0.247620016336441 0.27670431137085 0.25549390912056 0.24776653945446 0.242673829197884 0.229363277554512 0.2471032589674 0.238950252532959 0.230602562427521 0.221310839056969 0.216527432203293 0.234701633453369 0.225048691034317 0.217163220047951 0.208154559135437 0.214526236057281 0.203709334135056 0.200928792357445 0.186529293656349 0.184584408998489 0.191732883453369 0.187780767679214 0.18850639462471 0.191175982356071 0.174602642655373 0.167769894003868 0.164108842611313 0.160062849521637 0.161429569125175 0.165981099009514 0.17441514134407 0.166921406984329 0.160323664546013 0.167554169893265 0.178941816091537 0.168178170919418 0.13121734559536 0.176161527633667 0.162410616874695 0.162591204047203 0.176040410995483 0.165472656488419 0.185751378536224 0.254765540361404 -99.9 -99.9 0.338442087173462 0.208538100123405 0.384562224149704 -99.9
0.271872222423553 0.251119464635849 0.247807398438454 0.249423772096634 0.240168929100037 0.2639439702034 0.244081124663353 0.255908906459808 0.245344310998917 0.248305708169937 0.222303003072739 0.232306823134422 0.215284109115601 0.224003434181213 0.222310289740562 0.220482066273689 0.225671827793121 0.21846367418766 0.215701475739479 0.21664647758007 0.224226847290993 0.231507167220116 0.205984726548195 0.207892954349518 0.222222924232483 0.19578443467617 0.183340013027191 0.183851420879364 0.174500957131386 0.180508017539978 0.190336987376213 0.172719731926918 0.195369824767113 0.180903658270836 0.199300438165665 0.188967511057854 0.197871327400208 0.193471625447273 0.183466538786888 0.18135592341423 0.171361178159714 0.169672980904579 0.16289396584034 0.16537880897522 0.185574129223824 0.186293989419937 0.175794094800949 0.17205522954464 0.172598659992218 0.168855905532837 0.186093851923943 0.225275695323944 0.2551129758358 0.251322835683823 0.257128894329071 0.266964584589005 0.25437867641449 -99.9
0.245747491717339 0.263583391904831 0.250748783349991 0.238536149263382 0.267071783542633 0.245091333985329 0.245627880096436 0.243321225047112 0.252202212810516 0.22932468354702 0.238227725028992 0.239260211586952 0.222140371799469 0.22264501452446 0.234344393014908 0.239832445979118 0.217139258980751 0.226915180683136 0.216947063803673 0.2269077450037 0.213518545031548 0.216784834861755 0.199512645602226 0.194695442914963 0.196165382862091 0.201354071497917 0.19303360581398 0.168717160820961 0.17694003880024 0.19056311249733 0.203830748796463 0.196707382798195 0.185725763440132 0.19215227663517 0.189355298876762 0.196928799152374 0.203483387827873 0.202935084700584 0.189008340239525 0.171848341822624 0.178368389606476 0.187035337090492 0.200239181518555 0.186195597052574 0.21339824795723 0.251528769731522 0.208158701658249 0.205134510993958 0.201441824436188 0.186180874705315 0.15929614007473 0.210634723305702 0.263750791549683 0.2717205286026 0.2953160405159 0.354531168937683 0.353971630334854 -99.9
0.243345230817795 0.225976154208183 0.234641060233116 0.255299955606461 0.233470916748047 0.249462902545929 0.238646030426025 0.226771056652069 0.221278488636017 0.243896439671516 0.233882367610931 0.218354284763336 0.241349592804909 0.219450294971466 0.222532421350479 0.218315914273262 0.237583205103874 0.21750670671463 0.213436305522919 0.228375062346458 0.204911738634109 0.203712597489357 0.197837814688683 0.194858953356743 0.194698065519333 0.187700763344765 0.180937379598618 0.166303083300591 0.189625695347786 0.209909245371819 0.198230564594269 0.197229370474815 0.190709054470062 0.192228555679321 0.197338789701462 0.214181125164032 0.188750818371773 0.221021384000778 0.200342625379562 0.223055794835091 0.216677248477936 -99.9 -99.9 -99.9 -99.9 -99.9 0.341086357831955 0.28841033577919 0.195322841405869 0.203371733427048 0.212598711252213 0.242147520184517 0.243687719106674 0.238703191280365 0.235658213496208 0.31485703587532 0.402114033699036 -99.9
0.217544496059418 0.239459961652756 0.210139125585556 0.230060338973999 0.240443050861359 0.246447131037712 0.242017760872841 0.240287601947784 0.243695423007011 0.224514409899712 0.223468154668808 0.243734255433083 0.222699627280235 0.225809514522552 0.243068844079971 0.223097711801529 0.218151777982712 0.213339388370514 0.210016682744026 0.20981827378273 0.209491431713104 0.207097992300987 0.218638136982918 0.196033358573914 0.197724878787994 0.183191135525703 0.181127607822418 0.180655747652054 0.20134548842907 0.199662908911705 0.197804346680641 0.216954857110977 0.200368791818619 0.244847491383553 0.268767803907394 0.401604861021042 -99.9 -99.9 -99.9 -99.9 -99.9 -99.9 -99.9 -99.9 -99.9 -99.9 -99.9 0.297790586948395 0.257220357656479 0.267501831054688 0.30217519402504 -99.9 0.242045566439629 0.285999089479446 -99.9 0.449936717748642 0.529842913150787 -99.9
0.224924355745316 0.237840041518211 0.221253395080566 0.229983404278755 0.274360954761505 0.237568497657776 0.247862234711647 0.243374571204185 0.254619866609573 0.238369300961494 0.227650761604309 0.325846195220947 0.223138093948364 0.222012639045715 0.207729175686836 0.214330479502678 0.20439201593399 0.197572380304337 0.222886890172958 0.207166165113449 0.221150636672974 0.227227419614792 0.200273707509041 0.191065177321434 0.18436586856842 0.188664674758911 0.19382119178772 0.190901607275009 0.229283094406128 0.214140713214874 0.209565937519073 0.282866209745407 -99.9 -99.9 -99.9 -99.9 -99.9 -99.9 -99.9 -99.9 -99.9 -99.9 -99.9 -99.9 -99.9 -99.9 -99.9 -99.9 -99.9 -99.9 -99.9 -99.9 -99.9 -99.9 -99.9 -99.9 -99.9 -99.9
0.302412122488022 0.280238002538681 0.295380085706711 0.286303162574768 0.25423875451088 0.239853978157043 0.240255534648895 0.222781255841255 0.226486533880234 0.240537330508232 0.235473960638046 0.231421425938606 0.212356805801392 0.199726432561874 0.201979279518127 0.205824941396713 0.193115293979645 0.190763562917709 0.201477989554405 0.206449285149574 0.212564647197723 0.207754880189896 0.203584507107735 0.197461858391762 0.205708786845207 0.177818670868874 0.186645805835724 0.187962606549263 0.213504359126091 0.321745812892914 0.27769336104393 -99.9 -99.9 -99.9 -99.9 -99.9 -99.9 -99.9 -99.9 -99.9 -99.9 -99.9 -99.9 -99.9 -99.9 -99.9 -99.9 -99.9 -99.9 -99.9 -99.9 -99.9 -99.9 -99.9 -99.9 -99.9 -99.9 -99.9
0.276147276163101 0.33837816119194 0.3884656727314 0.408624470233917 0.303101748228073 0.257855623960495 0.23588627576828 0.225760146975517 0.224926576018333 0.221056416630745 0.22727207839489 0.21941003203392 0.218422755599022 0.221253484487534 0.206402242183685 0.206939294934273 0.199643179774284 0.191257685422897 0.212630167603493 0.23679031431675 0.22700446844101 0.221237823367119 0.230144396424294 0.205327540636063 0.189990043640137 0.185306876897812 0.174771592020988 0.170114949345589 0.180906608700752 0.183066457509995 0.33176189661026 0.339919567108154 0.270253539085388 -99.9 -99.9 -99.9 -99.9 -99.9 -99.9 -99.9 -99.9 -99.9 -99.9 -99.9 -99.9 -99.9 -99.9 -99.9 -99.9 -99.9 -99.9 -99.9 -99.9 -99.9 -99.9 -99.9 -99.9 -99.9
0.549175620079041 0.455687075853348 0.488921642303467 0.392068773508072 0.402052611112595 0.301452428102493 0.307402580976486 0.403162956237793 0.237254902720451 0.229897692799568 0.225543424487114 0.22816526889801 0.22159631550312 0.225985124707222 0.206797987222672 0.208106994628906 0.207979097962379 0.200132116675377 0.195047348737717 0.22119303047657 0.214201718568802 0.231528863310814 0.216636642813683 0.192899942398071 0.197385996580124 0.197677165269852 0.17981281876564 0.177023932337761 0.184954300522804 0.177145346999168 0.177283897995949 0.186052322387695 0.207096487283707 0.415752738714218 -99.9 -99.9 -99.9 -99.9 -99.9 -99.9 -99.9 -99.9 -99.9 -99.9 -99.9 -99.9 -99.9 -99.9 -99.9 -99.9 -99.9 -99.9 -99.9 -99.9 -99.9 -99.9 -99.9 -99.9
-99.9 -99.9 -99.9 -99.9 0.482697904109955 0.422703564167023 0.29720202088356 0.306961834430695 0.394587814807892 0.231123983860016 0.222099453210831 0.215726658701897 0.220284968614578 0.204940140247345 0.20144872367382 0.196466773748398 0.205695867538452 0.20151761174202 0.220493465662003 0.20627161860466 0.189443454146385 0.203437611460686 0.192770659923553 0.219259083271027 0.194579571485519 0.19474470615387 0.20818991959095 0.179355561733246 0.190329909324646 0.214469820261002 0.291055411100388 0.282764166593552 -99.9 -99.9 -99.9 -99.9 -99.9 -99.9 -99.9 -99.9 -99.9 -99.9 -99.9 -99.9 -99.9 -99.9 -99.9 -99.9 -99.9 -99.9 -99.9 -99.9 -99.9 -99.9 -99.9 -99.9 -99.9 -99.9
-99.9 -99.9 -99.9 -99.9 -99.9 -99.9 0.521039664745331 0.512978851795197 0.343922764062881 0.307450175285339 0.277539879083633 0.23168933391571 0.230499908328056 0.201106667518616 0.203546822071075 0.192447975277901 0.194863364100456 0.206652969121933 0.215310335159302 0.21394944190979 0.225285455584526 0.197874292731285 0.198991939425468 0.206973522901535 0.215367749333382 0.214684948325157 0.209190279245377 0.190627485513687 0.172467321157455 0.176011711359024 0.191106468439102 0.20911106467247 0.218932792544365 0.364662647247314 0.635842382907867 -99.9 -99.9 -99.9 -99.9 -99.9 -99.9 -99.9 -99.9 -99.9 -99.9 -99.9 -99.9 -99.9 -99.9 -99.9 -99.9 -99.9 -99.9 -99.9 -99.9 -99.9 -99.9 -99.9
-99.9 -99.9 -99.9 -99.9 -99.9 -99.9 -99.9 -99.9 -99.9 0.439163476228714 0.397400230169296 0.252177655696869 0.211672514677048 0.215080097317696 0.223196223378181 0.216451421380043 0.200848937034607 0.215249925851822 0.206317037343979 0.206657290458679 0.193122044205666 0.196044072508812 0.191846117377281 0.21842235326767 0.203363507986069 0.217679992318153 0.230447039008141 0.231168821454048 0.214200437068939 0.202710494399071 0.190847024321556 0.187483698129654 0.210343673825264 0.264411807060242 0.33353778719902 -99.9 -99.9 0.380586415529251 0.337377637624741 -99.9 -99.9 -99.9 -99.9 -99.9 -99.9 -99.9 -99.9 -99.9 -99.9 -99.9 -99.9 -99.9 -99.9 -99.9 -99.9 -99.9 -99.9 -99.9
-99.9 -99.9 -99.9 -99.9 -99.9 -99.9 -99.9 -99.9 -99.9 -99.9 0.465816974639893 0.541167914867401 0.504723489284515 0.609809517860413 0.517370343208313 0.358813166618347 0.22691310942173 0.23586305975914 0.221565067768097 0.205904319882393 0.188074305653572 0.1924217492342 0.186295196413994 0.205775752663612 0.21184054017067 0.227088436484337 0.230855286121368 0.243356049060822 0.249347031116486 0.253034144639969 0.345687240362167 0.286771386861801 0.33941251039505 0.269127070903778 0.290635138750076 0.313663512468338 0.38663575053215 0.313664823770523 0.434473991394043 0.675290286540985 0.818150401115417 0.879469513893127 -99.9 -99.9 -99.9 -99.9 -99.9 -99.9 -99.9 -99.9 -99.9 -99.9 -99.9 -99.9 -99.9 -99.9 -99.9 -99.9
-99.9 -99.9 -99.9 -99.9 -99.9 -99.9 -99.9 -99.9 -99.9 -99.9 -99.9 -99.9 0.542680740356445 -99.9 0.395836710929871 0.498924612998962 0.290328353643417 0.286480784416199 0.23327961564064 0.206470668315887 0.205367609858513 0.185139834880829 0.188125237822533 0.208902522921562 0.211669906973839 0.20814536511898 0.232858017086983 0.257701009511948 0.361420571804047 0.392207384109497 0.318895220756531 0.356411010026932 0.292590498924255 0.286382913589478 0.275841474533081 0.285355299711227 0.292619585990906 0.30688813328743 0.441364735364914 0.434396207332611 0.441818803548813 0.581228017807007 0.850913345813751 0.691015362739563 0.834790050983429 -99.9 -99.9 -99.9 -99.9 -99.9 -99.9 -99.9 -99.9 -99.9 -99.9 -99.9 -99.9 -99.9
-99.9 -99.9 -99.9 -99.9 -99.9 -99.9 -99.9 -99.9 -99.9 -99.9 -99.9 -99.9 -99.9 -99.9 -99.9 -99.9 -99.9 -99.9 0.441064476966858 0.468793332576752 0.477246135473251 0.31218883395195 0.23072238266468 0.36706218123436 0.295204341411591 0.251941233873367 0.233736410737038 0.261528491973877 0.38899490237236 0.404736876487732 0.340837121009827 0.41240668296814 0.314358651638031 0.308214753866196 0.30600979924202 0.284761726856232 0.271352142095566 0.290198236703873 0.302815347909927 0.292951703071594 0.314657360315323 0.465058386325836 0.573251247406006 0.728551089763641 0.757586300373077 0.990551948547363 0.53410941362381 0.714849889278412 0.554291844367981 0.562609493732452 -99.9 -99.9 -99.9 -99.9 -99.9 -99.9 -99.9 -99.9
-99.9 -99.9 -99.9 -99.9 -99.9 -99.9 -99.9 -99.9 -99.9 -99.9 -99.9 -99.9 -99.9 -99.9 -99.9 -99.9 -99.9 -99.9 -99.9 -99.9 -99.9 0.500316143035889 0.502353250980377 0.548051297664642 0.494544893503189 0.513882517814636 0.232335090637207 0.259415775537491 0.260222226381302 0.409603506326675 0.403635680675507 0.356783986091614 0.311858713626862 0.304175227880478 0.332117736339569 0.313856363296509 0.284432470798492 0.284512102603912 0.294264882802963 0.300003498792648 0.30868923664093 0.34615632891655 0.454456120729446 0.621718883514404 -99.9 -99.9 0.637132346630096 0.407087415456772 0.357671916484833 0.462744444608688 -99.9 -99.9 -99.9 -99.9 -99.9 -99.9 -99.9 -99.9
-99.9 -99.9 -99.9 -99.9 -99.9 -99.9 -99.9 -99.9 -99.9 -99.9 -99.9 -99.9 -99.9 -99.9 -99.9 -99.9 -99.9 -99.9 -99.9 -99.9 -99.9 -99.9 -99.9 -99.9 -99.9 0.468224465847015 0.382179409265518 0.393828779459 0.366720259189606 0.282515615224838 0.319342494010925 0.420160859823227 0.404540240764618 0.333761066198349 0.336501985788345 0.318700104951859 0.315403461456299 0.291200488805771 0.300799161195755 0.298846185207367 0.305513978004456 0.306501179933548 0.343098074197769 0.355930775403976 0.333426624536514 0.415797501802444 0.278768062591553 0.244632288813591 0.264078438282013 0.328498929738998 0.423088669776917 0.551038861274719 -99.9 -99.9 -99.9 -99.9 -99.9 -99.9
