fish_book/data/sediment/Wilson_et_al_2017_data_files_asc/POC.asc
NCOLS 200
NROWS 150
XLLCORNER -16
YLLCORNER 44
CELLSIZE 0.125
NODATA_VALUE -99.9
[rows 25 to 49 of 150, columns 58 to 115 of 200]
-99.9 -99.9 -99.9 -99.9 -99.9 -99.9 -99.9 -99.9 -99.9 -99.9 -99.9 -99.9 -99.9 -99.9 -99.9 -99.9 -99.9 0.475266396999359 0.381277918815613 0.38410359621048 0.352854996919632 0.344715088605881 0.335245341062546 0.305926859378815 0.302213251590729 0.295147299766541 0.302958369255066 0.322867959737778 0.314554184675217 0.334821075201035 0.310089588165283 0.307391464710236 0.317524462938309 0.27394363284111 0.269465863704681 0.271980136632919 0.287607640028 0.292886972427368 0.352184057235718 0.515367448329926 0.312093406915665 0.346153825521469 0.298791825771332 0.274661093950272 0.255655705928802 0.242727100849152 0.236411660909653 0.224698901176453 0.22120089828968 0.227310210466385 0.246674507856369 0.247680887579918 0.246502265334129 0.277496933937073 0.28251639008522 0.321561068296432 0.352635890245438 0.382529348134995
-99.9 -99.9 -99.9 -99.9 -99.9 -99.9 -99.9 -99.9 -99.9 -99.9 -99.9 -99.9 -99.9 -99.9 -99.9 -99.9 -99.9 0.37915050983429 0.351652085781097 0.366893619298935 0.360015243291855 0.318926483392715 0.32742714881897 0.298550069332123 0.297804206609726 0.305153071880341 0.295177578926086 0.295376867055893 0.32016709446907 0.363326013088226 0.353997111320496 0.283365428447723 0.260415136814117 0.268748551607132 0.278887808322906 0.281741797924042 0.299450546503067 0.289619535207748 0.361743062734604 0.511872351169586 0.514358341693878 0.368047058582306 0.28989851474762 0.272661805152893 0.256868422031403 0.285927653312683 0.37040376663208 0.312425643205643 0.23264168202877 0.265251904726028 0.338009625673294 0.333062738180161 0.29219064116478 0.264494955539703 0.297958463430405 0.297340333461761 0.317909747362137 0.328158438205719
-99.9 -99.9 -99.9 -99.9 -99.9 -99.9 -99.9 -99.9 -99.9 -99.9 -99.9 -99.9 -99.9 -99.9 -99.9 0.396108031272888 0.390279024839401 0.374301373958588 0.357248395681381 0.360226482152939 0.318102329969406 0.329778283834457 0.32260400056839 0.305917710065842 0.304507195949554 0.294409513473511 0.292037844657898 0.291390180587769 0.296750545501709 0.282278209924698 0.270284682512283 0.270735681056976 0.278922438621521 0.272765338420868 0.285977154970169 0.295029044151306 0.289526730775833 0.299473315477371 0.286500006914139 0.33850160241127 0.35640674829483 0.321711212396622 0.300004541873932 0.314595401287079 0.340394496917725 0.434581845998764 -99.9 0.348975390195847 0.380047559738159 0.375817179679871 -99.9 0.318867355585098 0.266046702861786 0.239152193069458 0.254027813673019 0.248421967029572 0.268736720085144 0.273255288600922
-99.9 -99.9 -99.9 -99.9 -99.9 -99.9 -99.9 -99.9 -99.9 -99.9 -99.9 0.529649257659912 0.486893892288208 0.408072233200073 0.37685152888298 0.375322192907333 0.334701925516129 0.327587485313416 0.309448093175888 0.307830274105072 0.314262062311172 0.323229074478149 0.319955438375473 0.396332114934921 0.312734216451645 0.291291624307632 0.257717311382294 0.259376138448715 0.281475365161896 0.276472955942154 0.280028134584427 0.256256222724915 0.253781795501709 0.272023528814316 0.269225895404816 0.276494741439819 0.301571905612946 0.289343118667603 0.275330096483231 0.336001038551331 0.312275618314743 0.285279840230942 0.339020222425461 0.316365420818329 0.328881204128265 -99.9 0.362235069274902 -99.9 -99.9 0.327015429735184 0.323899358510971 0.259265720844269 0.271899580955505 0.257686644792557 0.239760309457779 0.254399985074997 0.257777005434036 0.324501872062683
-99.9 -99.9 -99.9 -99.9 -99.9 -99.9 -99.9 -99.9 -99.9 -99.9 0.35050955414772 0.366380393505096 0.506213068962097 0.3949294090271 0.374868243932724 0.387556135654449 0.372760415077209 0.30487447977066 0.314177393913269 0.265537917613983 0.249707594513893 0.294656902551651 0.338258147239685 0.359189808368683 0.320315480232239 0.307686656713486 0.253582119941711 0.261194914579391 0.241150364279747 0.221371203660965 0.208082526922226 0.264969795942307 0.253377377986908 0.227227464318275 0.227289542555809 0.175908640027046 0.219581812620163 0.241645365953445 0.257436752319336 0.303902894258499 0.323752999305725 0.378509342670441 0.424361944198608 -99.9 -99.9 -99.9 -99.9 -99.9 0.376897126436234 0.340568840503693 0.303301602602005 0.270224541425705 0.263895004987717 0.233900219202042 0.239234641194344 0.251031458377838 0.316591680049896 0.339231729507446
-99.9 -99.9 -99.9 -99.9 -99.9 -99.9 -99.9 -99.9 -99.9 0.38124805688858 0.305606335401535 0.345267713069916 0.328909337520599 0.368200123310089 0.36122652888298 0.370418667793274 0.350084125995636 0.316656917333603 0.290061444044113 0.299176007509232 0.278581857681274 0.282837003469467 0.30088859796524 0.305839568376541 0.293112367391586 0.29470220208168 0.262939393520355 0.276076763868332 0.248376786708832 0.235808074474335 0.212361410260201 0.182212948799133 0.256432563066483 0.21545147895813 0.210914760828018 0.209637880325317 0.18044900894165 0.191176950931549 0.214959189295769 0.245514571666718 0.315097808837891 0.350017696619034 0.375082820653915 -99.9 -99.9 -99.9 -99.9 -99.9 0.337724089622498 0.283128350973129 0.297699958086014 0.330720603466034 0.307544201612473 0.286564707756042 0.337228059768677 0.365727782249451 0.354187071323395 0.353522956371307
-99.9 -99.9 -99.9 -99.9 -99.9 -99.9 -99.9 -99.9 0.387682348489761 0.300420105457306 0.344864070415497 0.330191940069199 0.311839371919632 0.316085368394852 0.365676552057266 0.361660748720169 0.340124487876892 0.312298715114594 0.315745711326599 0.31254780292511 0.297868579626083 0.306811630725861 0.277405679225922 0.27242836356163 0.263000786304474 0.259492039680481 0.249358683824539 0.2485072016716 0.236942917108536 0.268664568662643 0.226083248853683 0.222651541233063 0.223838582634926 0.215551897883415 0.189026564359665 0.166034266352654 0.200597107410431 0.234967842698097 0.258623510599136 0.248555958271027 0.264142483472824 0.296515375375748 0.311752885580063 -99.9 -99.9 0.388491153717041 -99.9 0.380169898271561 0.291376113891602 0.309240221977234 0.307327270507812 0.291243106126785 0.330553084611893 0.328528791666031 0.348094910383224 0.354916125535965 0.39876452088356 0.386955857276917
-99.9 -99.9 -99.9 -99.9 0.514118015766144 0.585110008716583 0.393048375844955 0.383054822683334 0.357988893985748 0.331812798976898 0.317153304815292 0.29284542798996 0.281800806522369 0.299672156572342 0.295402765274048 0.284115880727768 0.29769441485405 0.330299645662308 0.32230418920517 0.306490659713745 0.332579135894775 0.357983440160751 0.345740139484406 0.308751374483109 0.256712406873703 0.261620670557022 0.254579544067383 0.24988842010498 0.302710592746735 0.382199585437775 0.362265318632126 0.32596218585968 0.330347985029221 0.276205271482468 0.27656477689743 0.285587280988693 0.299254983663559 0.305609107017517 0.341493129730225 0.301561713218689 0.376999735832214 0.347092419862747 0.386461198329926 0.370028078556061 0.369762748479843 0.369166940450668 -99.9 0.28312149643898 0.244449570775032 0.233981192111969 0.245990127325058 0.25016662478447 0.253117769956589 0.322989165782928 0.324822664260864 0.343862652778625 0.365066528320312 0.554395139217377
0.401079267263412 0.384337961673737 0.382657766342163 0.388211369514465 0.392424672842026 0.371391445398331 0.355024188756943 0.328448891639709 0.327211529016495 0.329591035842896 0.272832065820694 0.285092651844025 0.270018607378006 0.293138056993484 0.289102613925934 0.277633965015411 0.281280398368835 0.29035496711731 0.275708764791489 0.32106027007103 0.457617908716202 0.335714668035507 0.351012527942657 0.330210387706757 0.33449524641037 0.344290763139725 0.306695759296417 0.285337448120117 0.423701912164688 -99.9 -99.9 -99.9 -99.9 -99.9 -99.9 0.461131870746613 -99.9 -99.9 -99.9 -99.9 -99.9 -99.9 -99.9 -99.9 -99.9 -99.9 0.280289202928543 0.247089892625809 0.183752119541168 0.219251409173012 0.284137755632401 0.260403871536255 0.267086118459702 0.32514426112175 0.364974617958069 0.537085235118866 0.58215743303299 0.69942307472229
0.391860246658325 0.39421671628952 0.380605012178421 0.362301558256149 0.332647234201431 0.35132160782814 0.34350523352623 0.300581187009811 0.300079047679901 0.278882175683975 0.277658134698868 0.260148674249649 0.261889070272446 0.247050255537033 0.27624237537384 0.272979289293289 0.339073210954666 0.326982468366623 -99.9 -99.9 -99.9 0.390665352344513 0.404330998659134 0.412523210048676 0.434371739625931 0.418690979480743 0.417125403881073 0.451909273862839 0.500207006931305 -99.9 -99.9 -99.9 -99.9 -99.9 -99.9 -99.9 -99.9 -99.9 -99.9 -99.9 -99.9 -99.9 -99.9 -99.9 -99.9 -99.9 0.303844600915909 0.242916524410248 0.200434267520905 0.203751310706139 0.229898720979691 0.277492463588715 0.300315350294113 0.312042593955994 0.366711437702179 0.523140549659729 0.637720704078674 0.666153132915497
0.367279171943665 0.357429355382919 0.333621293306351 0.335256695747375 0.339419066905975 0.285688370466232 0.253058582544327 0.267786026000977 0.291179090738297 0.248807206749916 0.276449292898178 0.322023570537567 0.307051360607147 0.340849161148071 0.395312160253525 0.449406653642654 -99.9 -99.9 -99.9 -99.9 -99.9 0.628141939640045 0.852257370948792 0.537799596786499 0.537519991397858 0.467296630144119 0.500812828540802 0.996953010559082 -99.9 -99.9 -99.9 -99.9 -99.9 -99.9 -99.9 -99.9 -99.9 -99.9 -99.9 -99.9 -99.9 -99.9 -99.9 -99.9 -99.9 0.314746290445328 0.279622316360474 0.232546627521515 0.23707127571106 0.194007590413094 0.207860916852951 0.213041737675667 0.240946605801582 0.354946255683899 0.507214546203613 0.585881948471069 0.654475271701813 0.536443173885345
0.357766568660736 0.329970985651016 0.319435447454453 0.325852334499359 0.275232940912247 0.272397369146347 0.258995294570923 0.276150077581406 0.238012596964836 0.2479547560215 0.250048637390137 0.312778651714325 0.399432629346848 -99.9 -99.9 -99.9 -99.9 -99.9 -99.9 1.16805839538574 0.884308576583862 1.33984863758087 1.03383147716522 0.785997569561005 0.760124325752258 0.812187433242798 0.769525766372681 -99.9 -99.9 -99.9 -99.9 -99.9 -99.9 -99.9 -99.9 -99.9 -99.9 -99.9 -99.9 -99.9 -99.9 -99.9 0.608498156070709 0.484504163265228 0.345989346504211 0.318935930728912 0.19307978451252 0.175479963421822 0.206600025296211 0.206828862428665 0.186790302395821 0.315606206655502 0.26511338353157 0.286954551935196 0.323919177055359 0.336740165948868 0.368064641952515 0.442903161048889
0.332935482263565 0.355897665023804 0.370975613594055 0.342642098665237 0.301695048809052 0.282816797494888 0.281376004219055 0.254592150449753 0.237343013286591 0.287938326597214 0.328379333019257 0.365383714437485 0.374615788459778 -99.9 -99.9 -99.9 -99.9 -99.9 -99.9 1.55434846878052 1.32535755634308 0.642284333705902 0.776930868625641 1.15950286388397 0.859714508056641 1.28912115097046 -99.9 -99.9 -99.9 -99.9 -99.9 -99.9 -99.9 -99.9 -99.9 -99.9 -99.9 -99.9 -99.9 -99.9 -99.9 0.558104515075684 0.492375731468201 0.457442194223404 0.362757652997971 0.2650126516819 0.268681108951569 0.241503432393074 0.291075021028519 0.314915001392365 0.29671910405159 0.300037205219269 0.277785331010818 0.288196355104446 0.324866890907288 0.312817633152008 0.237689405679703 0.238722279667854
0.32439461350441 0.368163824081421 0.383137673139572 0.383512198925018 0.334500670433044 0.289339065551758 0.295462369918823 0.305324673652649 0.302599489688873 0.276307821273804 0.244272664189339 0.275093644857407 0.316718071699142 -99.9 -99.9 -99.9 -99.9 -99.9 0.516978204250336 0.887866914272308 0.999398708343506 0.540294051170349 0.55708783864975 0.513326704502106 0.613176703453064 0.827163577079773 1.49660170078278 -99.9 -99.9 -99.9 -99.9 -99.9 -99.9 -99.9 -99.9 -99.9 -99.9 -99.9 -99.9 0.946793615818024 0.689962983131409 0.579725921154022 0.468012392520905 0.401628047227859 0.432807385921478 0.791677296161652 0.833692014217377 0.816287398338318 0.567586421966553 0.499675422906876 0.324044585227966 0.359271794557571 0.380377799272537 0.383120685815811 0.564831256866455 0.317153632640839 0.312178015708923 0.317759126424789
0.394678711891174 -99.9 0.36849120259285 0.349149584770203 0.515191078186035 0.289860367774963 0.2745361328125 0.320362567901611 0.291337102651596 0.308459252119064 0.342718899250031 0.491171270608902 0.476305097341537 -99.9 -99.9 -99.9 0.532759487628937 0.415301501750946 0.350495904684067 0.347891390323639 0.638256788253784 1.04655230045319 1.48484575748444 -99.9 -99.9 -99.9 -99.9 -99.9 -99.9 -99.9 -99.9 -99.9 -99.9 -99.9 -99.9 -99.9 -99.9 -99.9 -99.9 -99.9 0.724886357784271 0.694412112236023 0.672259271144867 0.690536558628082 0.617136776447296 0.933437705039978 0.521236836910248 0.547642052173615 0.696574985980988 0.777031004428864 0.828540027141571 0.868253529071808 0.610947132110596 0.428079903125763 0.605398952960968 0.401120811700821 0.220177829265594 0.205216974020004
0.400883406400681 0.416953235864639 0.398174256086349 0.381672382354736 0.504771411418915 0.275584489107132 0.284430116415024 0.268501818180084 0.275288850069046 0.327243715524673 0.42340412735939 -99.9 -99.9 -99.9 0.754843473434448 0.740897178649902 0.395334422588348 0.38308846950531 -99.9 -99.9 0.671696126461029 1.66025364398956 1.81659007072449 1.16011869907379 -99.9 -99.9 -99.9 -99.9 -99.9 -99.9 -99.9 -99.9 -99.9 -99.9 -99.9 -99.9 -99.9 -99.9 -99.9 1.02884376049042 1.32833671569824 1.04826807975769 -99.9 -99.9 -99.9 -99.9 -99.9 -99.9 -99.9 -99.9 -99.9 -99.9 -99.9 -99.9 0.45258641242981 0.481446892023087 0.298142433166504 0.295759469270706
0.386251270771027 0.398673087358475 0.392934054136276 0.324007481336594 0.332646131515503 0.278090924024582 0.312838286161423 0.316751003265381 0.316304534673691 0.330048531293869 -99.9 -99.9 -99.9 0.764328837394714 0.448732256889343 0.518355309963226 0.717513740062714 -99.9 1.42978429794312 -99.9 -99.9 2.06862306594849 1.74351584911346 -99.9 -99.9 -99.9 -99.9 -99.9 -99.9 -99.9 -99.9 -99.9 -99.9 -99.9 -99.9 -99.9 -99.9 -99.9 -99.9 -99.9 -99.9 -99.9 -99.9 -99.9 -99.9 -99.9 -99.9 -99.9 -99.9 -99.9 -99.9 -99.9 -99.9 -99.9 -99.9 -99.9 0.348144501447678 0.32020491361618
0.370327800512314 0.371429592370987 0.392497599124908 0.322006523609161 0.294531494379044 0.34077525138855 0.323867440223694 0.332675933837891 0.346129477024078 0.329324901103973 0.374342173337936 -99.9 -99.9 0.666920244693756 0.477718412876129 0.413376867771149 -99.9 -99.9 -99.9 -99.9 -99.9 -99.9 2.21039581298828 -99.9 -99.9 -99.9 -99.9 -99.9 -99.9 -99.9 -99.9 -99.9 -99.9 -99.9 -99.9 -99.9 -99.9 -99.9 -99.9 -99.9 -99.9 -99.9 -99.9 -99.9 -99.9 -99.9 -99.9 -99.9 -99.9 -99.9 -99.9 -99.9 -99.9 -99.9 -99.9 -99.9 0.415096640586853 0.322421997785568
0.343225032091141 0.336804509162903 0.356381684541702 0.314079701900482 0.318376451730728 0.316451132297516 0.309421509504318 0.301785588264465 0.314856320619583 0.369848728179932 0.464404493570328 -99.9 0.683809578418732 0.71268093585968 0.505470216274261 0.511241853237152 0.644145786762238 0.692413330078125 -99.9 -99.9 -99.9 -99.9 -99.9 -99.9 -99.9 -99.9 -99.9 -99.9 -99.9 -99.9 -99.9 -99.9 -99.9 -99.9 -99.9 -99.9 -99.9 -99.9 -99.9 -99.9 -99.9 -99.9 -99.9 -99.9 -99.9 -99.9 -99.9 -99.9 -99.9 -99.9 -99.9 -99.9 -99.9 -99.9 0.511551856994629 0.40910217165947 0.353755533695221 0.301061898469925
0.343540817499161 0.305690944194794 0.302619993686676 0.322343975305557 0.309226751327515 0.311527699232101 0.285333842039108 0.273086458444595 0.326397061347961 0.348240435123444 0.407433360815048 -99.9 0.623290240764618 0.762605905532837 0.881086230278015 0.857703030109406 0.952399551868439 0.931262016296387 0.645705044269562 -99.9 -99.9 -99.9 -99.9 -99.9 -99.9 -99.9 -99.9 -99.9 -99.9 -99.9 -99.9 -99.9 -99.9 -99.9 -99.9 -99.9 -99.9 -99.9 -99.9 -99.9 -99.9 -99.9 -99.9 -99.9 -99.9 -99.9 -99.9 -99.9 -99.9 -99.9 -99.9 -99.9 -99.9 -99.9 0.448122918605804 0.346776813268661 0.286238580942154 0.258084684610367
0.354409277439117 0.322093933820724 0.32285675406456 0.314659208059311 0.313883394002914 0.314025074243546 0.31025692820549 0.2956203520298 0.341492801904678 0.390051990747452 -99.9 -99.9 0.784775972366333 0.893227398395538 0.892045080661774 0.828679502010345 0.501477897167206 -99.9 0.982441246509552 -99.9 1.88657426834106 1.31271851062775 -99.9 -99.9 -99.9 -99.9 -99.9 -99.9 -99.9 -99.9 -99.9 -99.9 -99.9 -99.9 -99.9 -99.9 -99.9 -99.9 -99.9 -99.9 -99.9 -99.9 -99.9 -99.9 -99.9 -99.9 -99.9 -99.9 -99.9 -99.9 -99.9 -99.9 -99.9 0.474591583013535 0.465958207845688 0.367710024118423 0.329000800848007 0.291683971881866
0.329709082841873 0.299903303384781 0.304586708545685 0.288375228643417 0.299116045236588 0.43057769536972 0.449396312236786 0.286935657262802 0.310618758201599 -99.9 -99.9 0.79294091463089 0.883380949497223 0.804707825183868 0.783708274364471 0.567257821559906 0.754922807216644 1.08288204669952 0.929320096969604 -99.9 -99.9 1.59291291236877 -99.9 -99.9 -99.9 -99.9 -99.9 -99.9 -99.9 -99.9 -99.9 -99.9 -99.9 -99.9 -99.9 -99.9 -99.9 -99.9 -99.9 -99.9 -99.9 -99.9 -99.9 -99.9 -99.9 -99.9 -99.9 -99.9 -99.9 -99.9 -99.9 -99.9 -99.9 0.420407474040985 0.304175764322281 0.346325427293777 0.303176730871201 0.263966500759125
0.304721832275391 0.309974998235703 0.291179329156876 0.300649672746658 0.307867109775543 0.30148109793663 0.320877373218536 0.283369034528732 0.307708978652954 0.3272405564785 0.556426048278809 0.744527459144592 0.75859797000885 0.845502436161041 0.927465975284576 0.985558331012726 1.01520538330078 0.99051696062088 0.629618346691132 0.517565667629242 1.00903308391571 1.40606379508972 1.2534886598587 -99.9 -99.9 -99.9 -99.9 -99.9 -99.9 -99.9 -99.9 -99.9 -99.9 -99.9 -99.9 -99.9 -99.9 -99.9 -99.9 -99.9 -99.9 -99.9 -99.9 -99.9 -99.9 -99.9 -99.9 -99.9 -99.9 -99.9 -99.9 -99.9 0.457204699516296 0.315569818019867 0.269286304712296 0.296738177537918 0.229795187711716 0.213392168283463
0.322462439537048 0.454524397850037 0.360588103532791 0.324718594551086 0.312596678733826 0.278886944055557 0.271828234195709 0.274525970220566 0.276492327451706 0.389305293560028 0.607835173606873 0.602639973163605 0.782808661460876 0.80512809753418 0.788790225982666 0.402425289154053 0.448396563529968 0.692334055900574 0.510865151882172 0.472835540771484 -99.9 -99.9 -99.9 -99.9 -99.9 -99.9 -99.9 -99.9 -99.9 -99.9 -99.9 -99.9 -99.9 -99.9 -99.9 -99.9 -99.9 -99.9 -99.9 -99.9 -99.9 -99.9 -99.9 -99.9 -99.9 -99.9 -99.9 -99.9 -99.9 -99.9 -99.9 0.470383614301682 0.589471518993378 0.271224617958069 0.216216012835503 0.23686695098877 0.2221619784832 0.214969635009766
0.28120282292366 0.465308487415314 0.578927278518677 0.525302648544312 0.483304619789124 0.317897498607635 0.257804363965988 0.260634422302246 0.48245096206665 0.345298796892166 0.536423861980438 0.512801826000214 0.451368629932404 0.45464488863945 0.42883312702179 0.409597665071487 -99.9 0.416863143444061 0.476973712444305 -99.9 -99.9 -99.9 -99.9 -99.9 -99.9 -99.9 -99.9 -99.9 -99.9 -99.9 -99.9 -99.9 -99.9 -99.9 -99.9 -99.9 -99.9 -99.9 -99.9 -99.9 -99.9 -99.9 -99.9 -99.9 -99.9 -99.9 -99.9 -99.9 -99.9 -99.9 0.755415618419647 0.427123606204987 0.343136310577393 0.256682336330414 0.20499025285244 0.224094465374947 0.191367626190186 0.234144315123558
