fish_book/data/sediment/Wilson_et_al_2017_data_files_asc/Porosity.asc
NCOLS 200
NROWS 150
XLLCORNER -16
YLLCORNER 44
CELLSIZE 0.125
NODATA_VALUE -99.9
[rows 25 to 49 of 150, columns 58 to 115 of 200]
-99.9 -99.9 -99.9 -99.9 -99.9 -99.9 -99.9 -99.9 -99.9 -99.9 -99.9 -99.9 -99.9 -99.9 -99.9 -99.9 -99.9 0.387528836727142 0.378564924001694 0.38584691286087 0.374776303768158 0.371242046356201 0.373578935861588 0.374515354633331 0.36692863702774 0.366690933704376 0.373448759317398 0.373776108026505 0.378543615341187 0.388004153966904 0.37483686208725 0.373738020658493 0.372259318828583 0.368395954370499 0.366508811712265 0.371386468410492 0.373899221420288 0.389102131128311 0.379716902971268 0.427332699298859 0.391081392765045 0.380308032035828 0.374791353940964 0.370526164770126 0.373581737279892 0.369568020105362 0.369528025388718 0.370501577854156 0.369656562805176 0.373704940080643 0.370751023292542 0.367459326982498 0.369663298130035 0.37359493970871 0.381415247917175 0.381540447473526 0.381456524133682 0.381373316049576
-99.9 -99.9 -99.9 -99.9 -99.9 -99.9 -99.9 -99.9 -99.9 -99.9 -99.9 -99.9 -99.9 -99.9 -99.9 -99.9 -99.9 0.377987414598465 0.379106849431992 0.38605672121048 0.382738828659058 0.374259799718857 0.373824656009674 0.374096512794495 0.37421315908432 0.366398692131042 0.371606171131134 0.373839169740677 0.386145174503326 0.389373511075974 0.375035643577576 0.373049527406693 0.37359943985939 0.373604416847229 0.369916588068008 0.373208314180374 0.385808944702148 0.391697287559509 0.409071773290634 0.433327436447144 0.404144167900085 0.376516550779343 0.381606012582779 0.370903044939041 0.373226821422577 0.373649090528488 0.368563145399094 0.371965348720551 0.372126847505569 0.371764004230499 0.373023241758347 0.373490393161774 0.366469323635101 0.370623469352722 0.380500197410583 0.379747539758682 0.379678666591644 0.379610359668732
-99.9 -99.9 -99.9 -99.9 -99.9 -99.9 -99.9 -99.9 -99.9 -99.9 -99.9 -99.9 -99.9 -99.9 -99.9 0.376095294952393 0.377096146345139 0.379006385803223 0.379671037197113 0.383383870124817 0.381846517324448 0.378983289003372 0.375197410583496 0.374303311109543 0.376010239124298 0.374440044164658 0.374884456396103 0.377002984285355 0.379671454429626 0.382314205169678 0.373710513114929 0.373694598674774 0.373555123806 0.367769241333008 0.371088832616806 0.3731449842453 0.375569313764572 0.379292815923691 0.392919898033142 0.390966385602951 0.391643524169922 0.379600375890732 0.376685082912445 0.373835295438766 0.368843615055084 0.374491512775421 -99.9 0.372981786727905 0.369511097669601 0.366580963134766 0.369706690311432 0.366504460573196 0.37149652838707 0.372541606426239 0.381365180015564 0.380086034536362 0.378970593214035 0.37815260887146
-99.9 -99.9 -99.9 -99.9 -99.9 -99.9 -99.9 -99.9 -99.9 -99.9 -99.9 0.388552665710449 0.387707531452179 0.387434214353561 0.376493036746979 0.376891851425171 0.380091220140457 0.378901869058609 0.379438370466232 0.380660653114319 0.379653543233871 0.381525784730911 0.375695556402206 0.373534023761749 0.374425113201141 0.371987283229828 0.381209522485733 0.374794900417328 0.37131679058075 0.371756166219711 0.373372495174408 0.3753741979599 0.374883472919464 0.367198348045349 0.368877291679382 0.369035065174103 0.378101348876953 0.37727677822113 0.386659115552902 0.385960787534714 0.375382274389267 0.369873583316803 0.368798941373825 0.366761088371277 0.374926686286926 -99.9 0.37422513961792 -99.9 -99.9 0.369767010211945 0.37399759888649 0.373554557561874 0.373763769865036 0.383210927248001 0.382316648960114 0.380910784006119 0.379690676927567 0.380861818790436
-99.9 -99.9 -99.9 -99.9 -99.9 -99.9 -99.9 -99.9 -99.9 -99.9 0.378194719552994 0.381720721721649 0.409613221883774 0.374760836362839 0.378334522247314 0.382970064878464 0.387251526117325 0.376831591129303 0.373980104923248 0.379042118787766 0.37535896897316 0.373710870742798 0.373924136161804 0.374853491783142 0.385214000940323 0.37396764755249 0.380184412002563 0.37443533539772 0.368496596813202 0.369782358407974 0.373900204896927 0.375165849924088 0.376332581043243 0.373657494783401 0.371032744646072 0.368946880102158 0.374857395887375 0.373542994260788 0.376055985689163 0.383744478225708 0.37818369269371 0.374661237001419 0.369483441114426 -99.9 -99.9 -99.9 0.379893690347672 -99.9 0.373589128255844 0.375019729137421 0.377476066350937 0.379981368780136 0.378032028675079 0.384357571601868 0.383366972208023 0.383807897567749 0.385319411754608 0.387048810720444
-99.9 -99.9 -99.9 -99.9 -99.9 -99.9 -99.9 -99.9 -99.9 0.378149479627609 0.367625117301941 0.366233170032501 0.371911406517029 0.376181066036224 0.380452960729599 0.389898091554642 0.389965802431107 0.379944086074829 0.375954836606979 0.386269390583038 0.386461824178696 0.37710252404213 0.371684551239014 0.387125015258789 0.38409498333931 0.368545442819595 0.375634431838989 0.373707264661789 0.373652815818787 0.373443931341171 0.373785972595215 0.372487992048264 0.378417074680328 0.373683869838715 0.373899430036545 0.374597489833832 0.373011112213135 0.368516683578491 0.373761415481567 0.393347024917603 0.394664704799652 0.374664843082428 0.369602262973785 -99.9 -99.9 -99.9 -99.9 -99.9 0.366541683673859 0.374129176139832 0.386056274175644 0.38934713602066 0.385907024145126 0.387094795703888 0.389395505189896 0.392405420541763 0.395304918289185 0.398749858140945
-99.9 -99.9 -99.9 -99.9 -99.9 -99.9 -99.9 -99.9 0.377370864152908 0.372436225414276 0.366471081972122 0.367284625768661 0.373810738325119 0.374278962612152 0.375039130449295 0.383028864860535 0.386528253555298 0.383017182350159 0.379404246807098 0.381060034036636 0.384299844503403 0.378582894802094 0.375232368707657 0.381529986858368 0.373687922954559 0.370169520378113 0.373825073242188 0.374029755592346 0.376912236213684 0.376303613185883 0.374356061220169 0.374605149030685 0.374338656663895 0.373814970254898 0.376366645097733 0.378031253814697 0.373759388923645 0.373599737882614 0.383522272109985 0.376037299633026 0.379795581102371 0.373678863048553 0.374543607234955 -99.9 -99.9 0.367454022169113 -99.9 0.368179053068161 0.373278588056564 0.384494870901108 0.388289988040924 0.389886140823364 0.393116652965546 0.395466476678848 0.399475514888763 0.406185925006866 0.415319055318832 0.425771176815033
-99.9 -99.9 -99.9 -99.9 0.38608917593956 0.389734625816345 0.385062575340271 0.375051945447922 0.373589277267456 0.373676210641861 0.37298983335495 0.373834103345871 0.374032318592072 0.369879394769669 0.373917162418365 0.375332027673721 0.375699251890182 0.376983046531677 0.375177711248398 0.373813390731812 0.376840561628342 0.384381830692291 0.393770307302475 0.38176554441452 0.37688747048378 0.378446161746979 0.373887568712234 0.370655208826065 0.369794964790344 0.368770003318787 0.372443020343781 0.373038113117218 0.373477041721344 0.37348136305809 0.373857647180557 0.384753227233887 0.378157138824463 0.380673468112946 0.380902379751205 0.376210004091263 0.373909741640091 0.373563885688782 0.375500947237015 0.371092230081558 0.369201302528381 0.370923787355423 0.36677011847496 0.373550087213516 0.376152038574219 0.376250833272934 0.424602031707764 0.419332087039948 0.404770642518997 0.410777181386948 0.418817102909088 0.433306515216827 0.455107510089874 0.473094463348389
0.381632894277573 0.380629479885101 0.378949254751205 0.37864676117897 0.377356320619583 0.379604667425156 0.378661602735519 0.37451958656311 0.374330163002014 0.373695880174637 0.374483406543732 0.374095469713211 0.371031880378723 0.366592198610306 0.374993801116943 0.373612940311432 0.373379230499268 0.373614072799683 0.373751819133759 0.37346214056015 0.398422092199326 0.392814248800278 0.394264668226242 0.395290285348892 0.396009802818298 0.389835506677628 0.368794977664948 0.372600257396698 0.370658367872238 -99.9 -99.9 -99.9 -99.9 -99.9 -99.9 0.368881613016129 -99.9 -99.9 -99.9 -99.9 -99.9 -99.9 -99.9 -99.9 -99.9 0.371141970157623 0.373382717370987 0.374017655849457 0.376356154680252 0.379616647958755 0.424140393733978 0.435940712690353 0.451943188905716 0.442524135112762 0.464089214801788 0.485054969787598 0.491869240999222 0.459719508886337
0.37959086894989 0.377806276082993 0.378098368644714 0.377587974071503 0.374047219753265 0.374027818441391 0.386169344186783 0.380727797746658 0.377519756555557 0.370950728654861 0.369499683380127 0.373660743236542 0.373519092798233 0.370211690664291 0.373489230871201 0.373102873563766 0.37209290266037 0.372771233320236 -99.9 -99.9 -99.9 0.387833386659622 0.397672891616821 0.399442613124847 0.3997583091259 0.402331620454788 0.376715689897537 0.374602824449539 0.383695781230927 -99.9 -99.9 -99.9 -99.9 -99.9 -99.9 -99.9 -99.9 -99.9 -99.9 -99.9 -99.9 -99.9 -99.9 -99.9 -99.9 0.366469711065292 0.373909950256348 0.376042127609253 0.380914002656937 0.408974647521973 0.423684448003769 0.435332208871841 0.451106488704681 0.45433497428894 0.450489073991776 0.484124809503555 0.512455105781555 0.472794890403748
0.382813066244125 0.384083598852158 0.374994933605194 0.376266002655029 0.37489840388298 0.373682051897049 0.389066606760025 0.3848537504673 0.381301999092102 0.373597025871277 0.37404590845108 0.379585295915604 0.379161030054092 0.376025676727295 0.376624494791031 0.379149258136749 -99.9 -99.9 -99.9 -99.9 -99.9 0.41757869720459 0.474144220352173 0.403225034475327 0.405771046876907 0.393734782934189 0.383104652166367 0.389804840087891 -99.9 -99.9 -99.9 -99.9 -99.9 -99.9 -99.9 -99.9 -99.9 -99.9 -99.9 -99.9 -99.9 -99.9 -99.9 -99.9 -99.9 0.375719606876373 0.388401865959167 0.393678098917007 0.39773952960968 0.408691555261612 0.423234075307846 0.424965053796768 0.418664395809174 0.414459258317947 0.413773685693741 0.434473425149918 0.484783619642258 0.516077399253845
0.388375163078308 0.390184879302979 0.374685734510422 0.374716699123383 0.37358433008194 0.37595608830452 0.374385207891464 0.388679921627045 0.384204030036926 0.376209944486618 0.38128724694252 0.392042130231857 0.38504496216774 -99.9 -99.9 -99.9 -99.9 -99.9 -99.9 0.422868847846985 0.435181945562363 0.630439579486847 0.596269607543945 0.436615318059921 0.431953459978104 0.396249830722809 0.382134258747101 -99.9 -99.9 -99.9 -99.9 -99.9 -99.9 -99.9 -99.9 -99.9 -99.9 -99.9 -99.9 -99.9 -99.9 -99.9 0.367635369300842 0.373516917228699 0.385176420211792 0.409849792718887 0.407529085874557 0.411029726266861 0.419828623533249 0.414939105510712 0.421770185232162 0.418637245893478 0.417856425046921 0.417093694210052 0.418655902147293 0.449969887733459 0.475073516368866 0.477110832929611
0.380292385816574 0.393468171358109 0.386252403259277 0.377005904912949 0.378110527992249 0.373650670051575 0.369242191314697 0.373613178730011 0.379588842391968 0.372743010520935 0.374379128217697 0.379662126302719 0.381709575653076 -99.9 -99.9 -99.9 -99.9 -99.9 -99.9 0.409606486558914 0.642293214797974 0.384219169616699 0.383056223392487 0.501687407493591 0.457595556974411 0.405215293169022 -99.9 -99.9 -99.9 -99.9 -99.9 -99.9 -99.9 -99.9 -99.9 -99.9 -99.9 -99.9 -99.9 -99.9 -99.9 0.374035120010376 0.374476253986359 0.377856731414795 0.394605547189713 0.379895448684692 0.435913324356079 0.428624927997589 0.409039348363876 0.399628341197968 0.437329024076462 0.429668486118317 0.4232217669487 0.419961601495743 0.428699135780334 0.430030107498169 0.420911252498627 0.413682013750076
0.373965173959732 0.386168122291565 0.383309096097946 0.377011656761169 0.382577031850815 0.375276416540146 0.373165994882584 0.368028819561005 0.383805185556412 0.373592793941498 0.370643138885498 0.376033842563629 0.386422544717789 -99.9 -99.9 -99.9 -99.9 -99.9 0.372672110795975 0.368456661701202 0.449470907449722 0.380243957042694 0.381076723337173 0.38459587097168 0.39344510436058 0.400652408599854 0.486398637294769 -99.9 -99.9 -99.9 -99.9 -99.9 -99.9 -99.9 -99.9 -99.9 -99.9 -99.9 -99.9 0.39589723944664 0.378380239009857 0.384422808885574 0.37588432431221 0.391113132238388 0.392856627702713 0.44943568110466 0.428920239210129 0.404193520545959 0.394638746976852 0.460143208503723 0.460859149694443 0.449113339185715 0.439468920230865 0.425730764865875 0.411025822162628 0.399252563714981 0.395904451608658 0.393064945936203
0.367393493652344 -99.9 0.374713957309723 0.382782131433487 0.406465649604797 0.385450631380081 0.376508325338364 0.374148190021515 0.392261385917664 0.382008194923401 0.381877988576889 0.386261105537415 0.409607589244843 -99.9 -99.9 -99.9 0.384443998336792 0.375152140855789 0.374313712120056 0.368070751428604 0.391505211591721 0.473581880331039 0.546758115291595 -99.9 -99.9 -99.9 -99.9 -99.9 -99.9 -99.9 -99.9 -99.9 -99.9 -99.9 -99.9 -99.9 -99.9 -99.9 -99.9 -99.9 0.373547852039337 0.382677257061005 0.39174622297287 0.400225192308426 0.389167577028275 0.386318951845169 0.393280774354935 0.391096323728561 0.386925309896469 0.408417075872421 0.483680784702301 0.455976486206055 0.437144994735718 0.423803001642227 0.418839961290359 0.397959887981415 0.387720227241516 0.383753418922424
0.377744615077972 0.393471240997314 0.385984122753143 0.403668612241745 0.413745820522308 0.382097899913788 0.39039334654808 0.39141833782196 0.391930371522903 0.378098756074905 0.39661517739296 -99.9 -99.9 0.409156233072281 0.425670087337494 0.403061389923096 0.38109427690506 0.375172078609467 0.38460236787796 -99.9 0.374644786119461 0.579639554023743 0.765707075595856 0.427817732095718 -99.9 -99.9 -99.9 -99.9 -99.9 -99.9 -99.9 -99.9 -99.9 -99.9 -99.9 -99.9 -99.9 -99.9 -99.9 0.405244588851929 0.430690079927444 0.416420072317123 -99.9 -99.9 -99.9 -99.9 -99.9 -99.9 -99.9 -99.9 -99.9 -99.9 -99.9 -99.9 0.421601504087448 0.40238282084465 0.390049815177917 0.383276790380478
0.392128467559814 0.392532885074615 0.396544188261032 0.383746445178986 0.376359462738037 0.373794823884964 0.377932548522949 0.392660558223724 0.382322996854782 0.375271916389465 -99.9 -99.9 -99.9 0.405128329992294 0.382629901170731 0.388983219861984 0.392695635557175 -99.9 0.653925836086273 -99.9 -99.9 0.760202050209045 0.807100355625153 -99.9 -99.9 -99.9 -99.9 -99.9 -99.9 -99.9 -99.9 -99.9 -99.9 -99.9 -99.9 -99.9 -99.9 -99.9 -99.9 -99.9 -99.9 -99.9 -99.9 -99.9 -99.9 -99.9 -99.9 -99.9 -99.9 -99.9 -99.9 -99.9 -99.9 -99.9 -99.9 -99.9 0.39280840754509 0.384917885065079
0.392238914966583 0.392291069030762 0.393679946660995 0.37411767244339 0.369010657072067 0.368260860443115 0.377158015966415 0.391649186611176 0.374230831861496 0.375963240861893 0.383857935667038 -99.9 0.454592347145081 0.411024749279022 0.391904354095459 0.372482419013977 -99.9 -99.9 -99.9 -99.9 -99.9 -99.9 0.749550879001617 -99.9 -99.9 -99.9 -99.9 -99.9 -99.9 -99.9 -99.9 -99.9 -99.9 -99.9 -99.9 -99.9 -99.9 -99.9 -99.9 -99.9 -99.9 -99.9 -99.9 -99.9 -99.9 -99.9 -99.9 -99.9 -99.9 -99.9 -99.9 -99.9 -99.9 -99.9 -99.9 -99.9 0.396111816167831 0.387346804141998
0.390332609415054 0.378590434789658 0.381850570440292 0.374133795499802 0.374805718660355 0.37536433339119 0.391973257064819 0.380536377429962 0.373166978359222 0.374839156866074 0.381452560424805 -99.9 0.415470361709595 0.399856090545654 0.402497291564941 0.391275763511658 0.388597011566162 0.374884963035583 -99.9 -99.9 -99.9 -99.9 -99.9 -99.9 -99.9 -99.9 -99.9 -99.9 -99.9 -99.9 -99.9 -99.9 -99.9 -99.9 -99.9 -99.9 -99.9 -99.9 -99.9 -99.9 -99.9 -99.9 -99.9 -99.9 -99.9 -99.9 -99.9 -99.9 -99.9 -99.9 -99.9 -99.9 -99.9 -99.9 0.416672319173813 0.423722416162491 0.400118201971054 0.390319645404816
0.373252123594284 0.368863433599472 0.37461256980896 0.391995459794998 0.387470811605453 0.386875927448273 0.394214659929276 0.378293454647064 0.370942115783691 0.373058378696442 0.379893690347672 -99.9 0.413739204406738 0.384291678667068 0.474950611591339 0.44537290930748 0.421266436576843 0.440521866083145 0.409721612930298 -99.9 -99.9 -99.9 -99.9 -99.9 -99.9 -99.9 -99.9 -99.9 -99.9 -99.9 -99.9 -99.9 -99.9 -99.9 -99.9 -99.9 -99.9 -99.9 -99.9 -99.9 -99.9 -99.9 -99.9 -99.9 -99.9 -99.9 -99.9 -99.9 -99.9 -99.9 -99.9 -99.9 -99.9 -99.9 0.415181219577789 0.424568772315979 0.405504167079926 0.394118696451187
0.374900043010712 0.373654812574387 0.391143143177032 0.392561674118042 0.38086861371994 0.37946879863739 0.393744736909866 0.379211664199829 0.373468786478043 0.378514289855957 -99.9 -99.9 0.448996275663376 0.512227952480316 0.599436581134796 0.480764389038086 0.382232517004013 -99.9 0.409270435571671 -99.9 0.555482089519501 0.705214858055115 -99.9 -99.9 -99.9 -99.9 -99.9 -99.9 -99.9 -99.9 -99.9 -99.9 -99.9 -99.9 -99.9 -99.9 -99.9 -99.9 -99.9 -99.9 -99.9 -99.9 -99.9 -99.9 -99.9 -99.9 -99.9 -99.9 -99.9 -99.9 -99.9 -99.9 -99.9 0.405795395374298 0.413758337497711 0.422699093818665 0.414573222398758 0.395568639039993
0.380119472742081 0.381785094738007 0.376453906297684 0.388118505477905 0.389841496944427 0.422441571950912 0.427215099334717 0.378517627716064 0.378732025623322 -99.9 -99.9 0.562190055847168 0.606048405170441 0.556536257266998 0.484012126922607 0.381338238716125 0.398422837257385 0.595657825469971 0.392444461584091 -99.9 -99.9 0.680006623268127 0.521857857704163 -99.9 -99.9 -99.9 -99.9 -99.9 -99.9 -99.9 -99.9 -99.9 -99.9 -99.9 -99.9 -99.9 -99.9 -99.9 -99.9 -99.9 -99.9 -99.9 -99.9 -99.9 -99.9 -99.9 -99.9 -99.9 -99.9 -99.9 -99.9 -99.9 -99.9 0.410051017999649 0.404334187507629 0.401346474885941 0.387171238660812 0.397142052650452
0.373590379953384 0.374842554330826 0.37770140171051 0.385290324687958 0.381768703460693 0.392496943473816 0.383689314126968 0.373645901679993 0.374659776687622 0.381550967693329 0.396968096494675 0.502272367477417 0.519272863864899 0.602947354316711 0.590057611465454 0.705238938331604 0.618894875049591 0.381078034639359 0.397370189428329 0.383224278688431 0.410836100578308 0.647068619728088 0.739968001842499 -99.9 -99.9 -99.9 -99.9 -99.9 -99.9 -99.9 -99.9 -99.9 -99.9 -99.9 -99.9 -99.9 -99.9 -99.9 -99.9 -99.9 -99.9 -99.9 -99.9 -99.9 -99.9 -99.9 -99.9 -99.9 -99.9 -99.9 -99.9 -99.9 0.411208033561707 0.414949595928192 0.405387222766876 0.39654466509819 0.389036267995834 0.390888839960098
0.366524457931519 0.377204656600952 0.393493860960007 0.382615387439728 0.388420730829239 0.392726302146912 0.374225318431854 0.37430739402771 0.375622451305389 0.396851569414139 0.454488605260849 0.456368058919907 0.505089700222015 0.486051738262177 0.496248304843903 0.382780760526657 0.380459427833557 0.387914896011353 0.384483009576797 0.378781735897064 -99.9 -99.9 -99.9 -99.9 -99.9 -99.9 -99.9 -99.9 -99.9 -99.9 -99.9 -99.9 -99.9 -99.9 -99.9 -99.9 -99.9 -99.9 -99.9 -99.9 -99.9 -99.9 -99.9 -99.9 -99.9 -99.9 -99.9 -99.9 -99.9 -99.9 -99.9 0.412413954734802 0.416406959295273 0.420718282461166 0.409431457519531 0.393906354904175 0.391180157661438 0.393483847379684
0.375756829977036 0.388665735721588 0.428407460451126 0.427217036485672 0.418188124895096 0.397437691688538 0.379216849803925 0.382527053356171 0.410080879926682 0.401338905096054 0.441065102815628 0.402204036712646 0.379100799560547 0.384800255298615 0.3760906457901 0.372287511825562 -99.9 0.37607079744339 0.376290947198868 -99.9 -99.9 -99.9 -99.9 -99.9 -99.9 -99.9 -99.9 -99.9 -99.9 -99.9 -99.9 -99.9 -99.9 -99.9 -99.9 -99.9 -99.9 -99.9 -99.9 -99.9 -99.9 -99.9 -99.9 -99.9 -99.9 -99.9 -99.9 -99.9 -99.9 -99.9 0.413671612739563 0.417887687683105 0.422458350658417 0.427635222673416 0.41417670249939 0.389164209365845 0.392274409532547 0.396231383085251
