fish_book/data/sediment/Wilson_et_al_2017_data_files_asc/Porosity.asc
NCOLS 200
NROWS 150
XLLCORNER -16
YLLCORNER 44
CELLSIZE 0.125
NODATA_VALUE -99.9
[rows 100 to 124 of 150, columns 58 to 115 of 200]
0.440284311771393 0.478384107351303 0.505579769611359 0.513259589672089 0.519831359386444 0.526832699775696 0.451710879802704 0.402165025472641 0.386467933654785 0.380642235279083 0.378049314022064 0.377718985080719 0.379319459199905 0.381305754184723 0.372344136238098 0.368278563022614 0.367238909006119 0.366903930902481 0.366874217987061 0.36707791686058 0.36759752035141 0.368726283311844 0.369936525821686 0.369979083538055 -99.9 -99.9 -99.9 -99.9 -99.9 -99.9 -99.9 0.369540959596634 0.368939787149429 0.368503510951996 0.368661224842072 0.369555354118347 0.370963096618652 0.373578488826752 0.379498153924942 0.399310439825058 0.393998354673386 0.380208045244217 0.376878529787064 0.374210566282272 0.373511373996735 0.372904092073441 0.369179397821426 0.369737654924393 0.37080979347229 0.367730468511581 0.366060018539429 0.366070955991745 0.366091579198837 0.366088569164276 0.36608162522316 0.36611196398735 0.366079449653625 0.366095781326294
0.437500208616257 0.462665855884552 0.484072089195251 0.491311311721802 0.499229401350021 0.506397366523743 0.443518102169037 0.405782669782639 0.39405882358551 0.387029051780701 0.382541865110397 0.379482924938202 0.377244472503662 0.376949191093445 0.371195584535599 0.368558436632156 0.367903888225555 0.36748680472374 0.36741891503334 0.367630451917648 0.367900252342224 0.368753731250763 0.369986653327942 0.369957596063614 -99.9 -99.9 0.370020151138306 -99.9 -99.9 -99.9 0.371699303388596 0.370487213134766 0.369672030210495 0.369074165821075 0.369289308786392 0.370704084634781 0.373476296663284 0.379790425300598 0.400575369596481 0.387630879878998 0.38148108124733 0.380470424890518 0.377759665250778 0.373463422060013 0.371240586042404 0.370349168777466 0.368379294872284 0.36843478679657 0.369498670101166 0.366117179393768 0.366188794374466 0.366448044776917 0.366720467805862 0.367523491382599 0.366116613149643 0.366096884012222 0.366092801094055 0.366080939769745
0.429477572441101 0.4500692486763 0.467163890600204 0.472882747650146 0.479104727506638 0.431712985038757 0.431037873029709 0.448408126831055 0.415562242269516 0.399473488330841 0.390521496534348 0.38498318195343 0.381214052438736 0.378439277410507 0.378020316362381 0.374650985002518 0.370822370052338 0.369150519371033 0.368921130895615 0.369673937559128 0.37080654501915 0.370251357555389 0.36955451965332 0.369733512401581 0.369644492864609 0.369558930397034 0.369787752628326 0.370459884405136 0.371351540088654 0.372734487056732 0.373364746570587 0.372103363275528 0.370798677206039 0.36989489197731 0.370203614234924 0.372441858053207 0.377561509609222 0.385573387145996 0.391797930002213 0.391880095005035 0.385759770870209 0.38186639547348 0.378762423992157 0.373935133218765 0.371503174304962 0.370659679174423 0.368761867284775 0.367710411548615 0.36646631360054 0.366123765707016 0.366085737943649 0.36608025431633 0.366083472967148 0.366106808185577 0.366109371185303 0.36614003777504 0.366140604019165 0.366093277931213
0.422283589839935 0.439834952354431 0.453677237033844 0.420152455568314 0.392695724964142 0.382277101278305 0.382198065519333 0.392227172851562 0.417845606803894 0.429764300584793 0.407143950462341 0.394947737455368 0.387456059455872 0.382655650377274 0.381983876228333 0.384725600481033 0.388313084840775 0.380109935998917 0.37770277261734 0.375513285398483 0.370852947235107 0.36903116106987 0.368621706962585 0.368894904851913 0.36921826004982 0.36937004327774 0.369576543569565 0.370260208845139 0.371300369501114 0.372829586267471 0.373478144407272 0.372719943523407 0.372079372406006 0.371147036552429 0.371621787548065 0.373724311590195 0.375268399715424 0.375087469816208 0.370259016752243 0.373596429824829 0.373994618654251 0.373977333307266 0.379911214113235 0.373585104942322 0.374013781547546 0.370408296585083 0.367676615715027 0.372659623622894 0.372665554285049 0.366743326187134 0.366133332252502 0.366109043359756 0.366121709346771 0.366145581007004 0.366665422916412 0.366160273551941 0.366118520498276 0.36611345410347
0.415092915296555 0.405197292566299 0.388948023319244 0.380923181772232 0.376397579908371 0.37374159693718 0.373716115951538 0.376291811466217 0.380619466304779 0.388742506504059 0.407272338867188 0.414703845977783 0.398755133152008 0.389771699905396 0.38858300447464 0.393519997596741 0.400445938110352 0.388067752122879 0.37631094455719 0.371607184410095 0.369369328022003 0.368296205997467 0.36803326010704 0.368210583925247 0.368414998054504 0.368785053491592 0.369454771280289 0.370305120944977 0.371364653110504 0.372926890850067 0.373594433069229 0.372817575931549 0.372162222862244 0.375247567892075 0.373192936182022 0.375621020793915 0.373776257038116 0.374940782785416 0.370449215173721 0.373129069805145 0.373854279518127 0.373611241579056 0.373593389987946 0.374600321054459 0.373940169811249 0.374726980924606 0.375149339437485 0.374858349561691 0.372176766395569 0.373462319374084 0.366611629724503 0.366203308105469 0.367888331413269 0.366765707731247 -99.9 -99.9 -99.9 0.378629058599472
0.403581649065018 0.399772524833679 0.397052496671677 0.392884582281113 0.394615322351456 0.398415744304657 0.370657235383987 0.371698766946793 0.392874151468277 0.392144352197647 0.427583634853363 0.390410274267197 0.386102646589279 0.390384674072266 0.400988698005676 0.388440549373627 0.384035915136337 0.382745832204819 0.388982623815536 0.380821108818054 0.378873884677887 0.378115206956863 0.36763533949852 0.367825955152512 0.375860899686813 0.376700401306152 0.377106666564941 0.37147918343544 0.366749882698059 0.370108634233475 0.373713672161102 0.37398886680603 0.371356278657913 0.369644016027451 0.374369323253632 0.371095150709152 0.373376071453094 0.375456482172012 0.372569739818573 0.374184459447861 0.373584359884262 0.371289938688278 0.375568360090256 0.377988636493683 0.377804070711136 0.376888930797577 0.375220477581024 0.367262959480286 0.366418153047562 0.366824209690094 0.366722881793976 0.366744101047516 0.366151005029678 0.366492837667465 0.369484007358551 -99.9 -99.9 -99.9
0.403447359800339 0.395894885063171 0.395885288715363 0.39335235953331 0.386297762393951 0.382043331861496 0.392896562814713 0.387007534503937 0.384577006101608 0.386534750461578 0.390852630138397 0.383481293916702 0.381068915128708 0.385868340730667 0.384195357561111 0.381943225860596 0.380019307136536 0.383496314287186 0.383672416210175 0.387932121753693 0.383495211601257 0.38182607293129 0.376633405685425 0.375186890363693 0.375369697809219 0.37597331404686 0.376568824052811 0.375622898340225 0.374344348907471 0.372177481651306 0.371803253889084 0.37190169095993 0.368579268455505 0.369467228651047 0.370223373174667 0.37274381518364 0.373568177223206 0.370825409889221 0.372575879096985 0.369411587715149 0.375853538513184 0.376205205917358 0.377027839422226 0.376826703548431 0.376262366771698 0.376778066158295 0.379561334848404 0.366547048091888 0.383107334375381 -99.9 0.367228150367737 0.366948664188385 0.366314262151718 0.368914812803268 0.375547081232071 -99.9 -99.9 -99.9
0.38539856672287 0.385477542877197 0.388538718223572 0.382550090551376 0.377030700445175 0.388331949710846 0.384311556816101 0.380198985338211 0.409583538770676 0.394922614097595 0.415839374065399 0.380264401435852 0.379867315292358 0.378067404031754 0.37862440943718 0.383909642696381 0.383959114551544 0.382989257574081 0.382759928703308 0.386300534009933 0.380337804555893 0.379135251045227 0.378826290369034 0.376994788646698 0.377005904912949 0.376337349414825 0.377099692821503 0.377665817737579 0.366541266441345 0.370381563901901 0.373866647481918 0.370296537876129 0.370947688817978 0.373545289039612 0.372158735990524 0.367825865745544 0.37153685092926 0.367684006690979 0.369757205247879 0.369159668684006 0.36890697479248 0.367980599403381 0.375524133443832 0.375036329030991 0.367235839366913 0.368537902832031 0.366400092840195 0.366398930549622 0.366167992353439 0.368289470672607 0.36640527844429 0.366538494825363 0.366349428892136 0.366211324930191 0.378356218338013 0.378715813159943 -99.9 -99.9
0.383655965328217 0.383178025484085 0.388438880443573 0.384781152009964 0.386034190654755 0.389441698789597 0.37698358297348 0.379220396280289 0.378329515457153 0.388541430234909 0.379739344120026 0.379173129796982 0.377447247505188 0.376810610294342 0.378252446651459 0.381126075983047 0.383572161197662 0.379148751497269 0.382678508758545 0.380530804395676 0.376964151859283 0.377168625593185 0.37631618976593 0.376122921705246 0.375718683004379 0.374848663806915 0.375425487756729 0.376076310873032 0.370620012283325 0.367618530988693 0.374912738800049 0.369180738925934 0.371852964162827 0.370526224374771 0.367539465427399 0.368556976318359 0.370062351226807 0.369807451963425 0.36951071023941 0.367572963237762 0.367481499910355 0.367102921009064 0.372049748897552 0.367222517728806 0.373746067285538 0.366863995790482 0.366186499595642 0.366363823413849 0.366123646497726 0.366246819496155 0.367731511592865 0.368485808372498 -99.9 -99.9 0.36918368935585 0.368216782808304 0.387077927589417 -99.9
0.383776277303696 0.386791318655014 0.384042114019394 0.382783949375153 0.383013516664505 0.386430025100708 0.382124215364456 0.378700792789459 0.377100199460983 0.380159884691238 0.37693202495575 0.37859982252121 0.377242147922516 0.378350138664246 0.376765012741089 0.377004355192184 0.376888543367386 0.37815335392952 0.377600759267807 0.3768630027771 0.37568724155426 0.376343429088593 0.376702606678009 0.373230904340744 0.375311553478241 0.373177289962769 0.371881932020187 0.370850890874863 0.370049118995667 0.371569007635117 0.368101537227631 0.37114205956459 0.370183110237122 0.368958622217178 0.368903040885925 0.368972986936569 0.368291527032852 0.368327617645264 0.367773175239563 0.367872834205627 0.366534382104874 0.366320013999939 0.366363853216171 0.366211086511612 0.36618047952652 0.366158992052078 0.366180986166 0.366359382867813 0.366129845380783 0.366487801074982 0.366366297006607 0.366162151098251 0.366153746843338 0.366117656230927 0.376469939947128 0.370739549398422 0.371485859155655 -99.9
0.384691655635834 0.389943689107895 0.386447191238403 0.384153336286545 0.379675179719925 0.381451398134232 0.382017463445663 0.3836829662323 0.37884396314621 0.381530493497849 0.377168774604797 0.378662794828415 0.380339652299881 0.385699778795242 0.37760266661644 0.377435445785522 0.380834639072418 0.380388379096985 0.380421459674835 0.379096657037735 0.376732498407364 0.377139955759048 0.375642001628876 0.37392196059227 0.375363558530807 0.372350424528122 0.372362673282623 0.370625883340836 0.369112014770508 0.369493126869202 0.367928594350815 0.368915766477585 0.370506465435028 0.367849916219711 0.367296099662781 0.366868138313293 0.36681604385376 0.3672716319561 0.366896212100983 0.367095917463303 0.366362005472183 0.366221606731415 0.366558283567429 0.367159187793732 0.369338184595108 0.36714842915535 0.366798251867294 0.366436153650284 0.36625549197197 0.366164892911911 0.367767363786697 0.366161525249481 0.379637390375137 0.379566550254822 0.381084412336349 0.373587369918823 0.383321672677994 -99.9
0.392627269029617 0.386532008647919 0.386854231357574 0.387175977230072 0.382928431034088 0.377307325601578 0.380258053541183 0.380271941423416 0.379016727209091 0.37885770201683 0.379461407661438 0.379096835851669 0.379053682088852 0.384298622608185 0.380676954984665 0.381725132465363 0.380689024925232 0.380770415067673 0.37852081656456 0.378037720918655 0.377832353115082 0.37641304731369 0.375363111495972 0.374122530221939 0.373914867639542 0.372808903455734 0.370582282543182 0.368182301521301 0.367868214845657 0.370139837265015 0.368309170007706 0.366401582956314 0.37004554271698 0.367081671953201 0.366366416215897 0.367258131504059 0.367135882377625 0.366769820451736 0.367205500602722 0.373297065496445 0.375764220952988 -99.9 -99.9 -99.9 -99.9 -99.9 0.369209587574005 0.369962424039841 0.366275668144226 0.366175293922424 0.366138249635696 0.366235494613647 0.366137325763702 0.366129636764526 0.36612531542778 0.370209932327271 0.374619781970978 -99.9
0.383520692586899 0.385453641414642 0.382690876722336 0.382733076810837 0.380167305469513 0.383003622293472 0.381999373435974 0.377608060836792 0.382865697145462 0.378443628549576 0.382525950670242 0.382402986288071 0.38140657544136 0.387897431850433 0.37890413403511 0.38264411687851 0.380503326654434 0.379299342632294 0.379841238260269 0.378968805074692 0.376337766647339 0.375501602888107 0.374890983104706 0.375337600708008 0.372852504253387 0.370405912399292 0.372017711400986 0.36732217669487 0.366534113883972 0.366498947143555 0.367650628089905 0.366430819034576 0.367159485816956 0.366648644208908 0.367696762084961 0.385448485612869 -99.9 -99.9 -99.9 -99.9 -99.9 -99.9 -99.9 -99.9 -99.9 -99.9 -99.9 0.379795968532562 0.376912534236908 0.37898862361908 0.377052515745163 -99.9 0.370146125555038 0.374708980321884 -99.9 0.373414307832718 0.376495093107224 -99.9
0.382441371679306 0.385545045137405 0.380799740552902 0.38246351480484 0.380713194608688 0.381920576095581 0.382778018712997 0.383222788572311 0.38468411564827 0.384147822856903 0.384675472974777 0.406953513622284 0.382926851511002 0.385989606380463 0.381841093301773 0.381936818361282 0.379002958536148 0.378259360790253 0.377695500850677 0.378300994634628 0.376930147409439 0.375627338886261 0.372536569833755 0.369202882051468 0.371061503887177 0.367911577224731 0.366644203662872 0.367756187915802 0.366772472858429 0.368746161460876 0.368309885263443 0.368820250034332 -99.9 -99.9 -99.9 -99.9 -99.9 -99.9 -99.9 -99.9 -99.9 -99.9 -99.9 -99.9 -99.9 -99.9 -99.9 -99.9 -99.9 -99.9 -99.9 -99.9 -99.9 -99.9 -99.9 -99.9 -99.9 -99.9
0.383034378290176 0.380997210741043 0.381744533777237 0.382309406995773 0.382939219474792 0.382343530654907 0.387051314115524 0.383575528860092 0.386243939399719 0.384145617485046 0.39119490981102 0.382650345563889 0.382779091596603 0.381890863180161 0.379405498504639 0.380737006664276 0.378236413002014 0.377106130123138 0.373500436544418 0.376127123832703 0.376956611871719 0.373886078596115 0.372598797082901 0.376087576150894 0.373031377792358 0.374635308980942 0.367927193641663 0.369232445955276 0.369021266698837 0.369464367628098 0.368458181619644 0.372461467981339 -99.9 -99.9 -99.9 -99.9 -99.9 -99.9 -99.9 -99.9 -99.9 -99.9 -99.9 -99.9 -99.9 -99.9 -99.9 -99.9 -99.9 -99.9 -99.9 -99.9 -99.9 -99.9 -99.9 -99.9 -99.9 -99.9
0.382698684930801 0.389681071043015 0.407381147146225 0.400183737277985 0.385854005813599 0.384108990430832 0.382370054721832 0.384507685899734 0.383998334407806 0.383878946304321 0.383097469806671 0.382439732551575 0.383185982704163 0.380881458520889 0.379130750894547 0.379281401634216 0.37838876247406 0.378033041954041 0.375308156013489 0.377012610435486 0.376148611307144 0.36726325750351 0.368050098419189 0.369629919528961 0.376031965017319 0.375579684972763 0.374782413244247 0.372732222080231 0.372115254402161 0.372618526220322 0.374437153339386 0.371451795101166 0.370395958423615 -99.9 -99.9 -99.9 -99.9 -99.9 -99.9 -99.9 -99.9 -99.9 -99.9 -99.9 -99.9 -99.9 -99.9 -99.9 -99.9 -99.9 -99.9 -99.9 -99.9 -99.9 -99.9 -99.9 -99.9 -99.9
0.422634154558182 0.409690469503403 0.397883296012878 0.390598058700562 0.390427440404892 0.385866075754166 0.389126420021057 0.404800802469254 0.385100871324539 0.384099632501602 0.384050518274307 0.385493069887161 0.38224533200264 0.383391350507736 0.381425678730011 0.381507396697998 0.379565209150314 0.378528416156769 0.378104448318481 0.380827039480209 0.378607183694839 0.367679119110107 0.36767166852951 0.368896484375 0.374483227729797 0.376203507184982 0.375823825597763 0.371905297040939 0.375558435916901 0.371808290481567 0.373562097549438 0.369567304849625 0.370513707399368 0.376913458108902 -99.9 -99.9 -99.9 -99.9 -99.9 -99.9 -99.9 -99.9 -99.9 -99.9 -99.9 -99.9 -99.9 -99.9 -99.9 -99.9 -99.9 -99.9 -99.9 -99.9 -99.9 -99.9 -99.9 -99.9
-99.9 -99.9 -99.9 -99.9 0.39539560675621 0.393109440803528 0.383894711732864 0.385267108678818 0.401945888996124 0.384102702140808 0.382458090782166 0.382278800010681 0.383034557104111 0.37958636879921 0.379940003156662 0.378883123397827 0.3803491294384 0.379706650972366 0.381795555353165 0.380892217159271 0.377436012029648 0.375213801860809 0.373496264219284 0.377542704343796 0.376808613538742 0.376696735620499 0.375376641750336 0.375213772058487 0.373030930757523 0.375433772802353 0.368716388940811 0.366386950016022 -99.9 -99.9 -99.9 -99.9 -99.9 -99.9 -99.9 -99.9 -99.9 -99.9 -99.9 -99.9 -99.9 -99.9 -99.9 -99.9 -99.9 -99.9 -99.9 -99.9 -99.9 -99.9 -99.9 -99.9 -99.9 -99.9
-99.9 -99.9 -99.9 -99.9 -99.9 -99.9 0.398526579141617 0.419781386852264 0.387894958257675 0.385473668575287 0.382568627595901 0.385026782751083 0.378873318433762 0.378734320402145 0.3782998919487 0.379041910171509 0.380250513553619 0.378926515579224 0.38320791721344 0.382595986127853 0.378991425037384 0.378217369318008 0.377627283334732 0.377572119235992 0.377550452947617 0.377112686634064 0.376161992549896 0.375894516706467 0.375293850898743 0.375431627035141 0.374698460102081 0.366477221250534 0.366740524768829 0.382673025131226 0.383592486381531 -99.9 -99.9 -99.9 -99.9 -99.9 -99.9 -99.9 -99.9 -99.9 -99.9 -99.9 -99.9 -99.9 -99.9 -99.9 -99.9 -99.9 -99.9 -99.9 -99.9 -99.9 -99.9 -99.9
-99.9 -99.9 -99.9 -99.9 -99.9 -99.9 -99.9 -99.9 -99.9 0.389803528785706 0.39929524064064 0.390734016895294 0.37917160987854 0.379170656204224 0.378077685832977 0.378996104001999 0.378936856985092 0.379993975162506 0.382072180509567 0.380149364471436 0.378258049488068 0.378542900085449 0.377321243286133 0.377577066421509 0.377571523189545 0.37760603427887 0.377337872982025 0.377977460622787 0.377025485038757 0.375589668750763 0.375324606895447 0.375746428966522 0.376063704490662 0.381611198186874 0.384160131216049 -99.9 -99.9 0.38739001750946 0.387882709503174 -99.9 -99.9 -99.9 -99.9 -99.9 -99.9 -99.9 -99.9 -99.9 -99.9 -99.9 -99.9 -99.9 -99.9 -99.9 -99.9 -99.9 -99.9 -99.9
-99.9 -99.9 -99.9 -99.9 -99.9 -99.9 -99.9 -99.9 -99.9 -99.9 0.410408467054367 0.421681374311447 0.433736681938171 0.523998022079468 0.424119204282761 0.403814882040024 0.384782791137695 0.386891573667526 0.383919686079025 0.379823297262192 0.378096073865891 0.378204703330994 0.377276927232742 0.378388226032257 0.37778714299202 0.378050923347473 0.379214972257614 0.37988156080246 0.381239026784897 0.388700723648071 0.405425429344177 0.390740603208542 0.398632764816284 0.380510836839676 0.378508150577545 0.384278416633606 0.387798398733139 0.384669274091721 0.38894310593605 0.382048666477203 0.383794039487839 0.381457328796387 -99.9 -99.9 -99.9 -99.9 -99.9 -99.9 -99.9 -99.9 -99.9 -99.9 -99.9 -99.9 -99.9 -99.9 -99.9 -99.9
-99.9 -99.9 -99.9 -99.9 -99.9 -99.9 -99.9 -99.9 -99.9 -99.9 -99.9 -99.9 0.420389115810394 -99.9 0.400556296110153 0.433928251266479 0.380334556102753 0.387788474559784 0.388569355010986 0.379649549722672 0.373143792152405 0.378188371658325 0.377557963132858 0.377956926822662 0.378254055976868 0.377750933170319 0.379337280988693 0.389772742986679 0.39917528629303 0.409540921449661 0.398579835891724 0.401627480983734 0.380557149648666 0.380457252264023 0.37893807888031 0.380809754133224 0.388192296028137 0.380790054798126 0.391110241413116 0.387513041496277 0.387248903512955 0.385829001665115 0.406309813261032 0.388571888208389 0.387987643480301 -99.9 -99.9 -99.9 -99.9 -99.9 -99.9 -99.9 -99.9 -99.9 -99.9 -99.9 -99.9 -99.9
-99.9 -99.9 -99.9 -99.9 -99.9 -99.9 -99.9 -99.9 -99.9 -99.9 -99.9 -99.9 -99.9 -99.9 -99.9 -99.9 -99.9 -99.9 0.399898052215576 0.41048800945282 0.41410818696022 0.396817058324814 0.385108351707458 0.402835220098495 0.398655533790588 0.385025382041931 0.381566941738129 0.386289179325104 0.409452438354492 0.407081127166748 0.400001525878906 0.411237627267838 0.385917693376541 0.383230626583099 0.382322639226913 0.377189159393311 0.37580069899559 0.376726180315018 0.377470582723618 0.376967877149582 0.379193812608719 0.39121675491333 0.397980481386185 0.396502315998077 0.384424865245819 0.399291574954987 0.391158729791641 0.402749866247177 0.387403786182404 0.412554234266281 -99.9 -99.9 -99.9 -99.9 -99.9 -99.9 -99.9 -99.9
-99.9 -99.9 -99.9 -99.9 -99.9 -99.9 -99.9 -99.9 -99.9 -99.9 -99.9 -99.9 -99.9 -99.9 -99.9 -99.9 -99.9 -99.9 -99.9 -99.9 -99.9 0.401586711406708 0.424716711044312 0.45431050658226 0.43159356713295 0.439394056797028 0.383825600147247 0.388849794864655 0.390192687511444 0.408243328332901 0.408796042203903 0.399093598127365 0.389987081289291 0.384391456842422 0.382357567548752 0.378246814012527 0.376248627901077 0.37573117017746 0.375472754240036 0.381126523017883 0.377757698297501 0.386039316654205 0.391528487205505 0.388229161500931 -99.9 -99.9 0.410538226366043 0.385224014520645 0.388942033052444 0.380836129188538 -99.9 -99.9 -99.9 -99.9 -99.9 -99.9 -99.9 -99.9
-99.9 -99.9 -99.9 -99.9 -99.9 -99.9 -99.9 -99.9 -99.9 -99.9 -99.9 -99.9 -99.9 -99.9 -99.9 -99.9 -99.9 -99.9 -99.9 -99.9 -99.9 -99.9 -99.9 -99.9 -99.9 0.391595929861069 0.40374368429184 0.410801976919174 0.403084427118301 0.392702251672745 0.390844434499741 0.403173625469208 0.396720856428146 0.38898229598999 0.391048669815063 0.383308172225952 0.377372443675995 0.377642095088959 0.377130001783371 0.37550088763237 0.377824157476425 0.381790041923523 0.386153280735016 0.383972853422165 0.382336109876633 0.38405567407608 0.379334002733231 0.376097530126572 0.385589420795441 0.385148823261261 0.381629317998886 0.404883027076721 -99.9 -99.9 -99.9 -99.9 -99.9 -99.9
