fish_book/data/sediment/Wilson_et_al_2017_data_files_asc/Porosity.asc
NCOLS 200
NROWS 150
XLLCORNER -16
YLLCORNER 44
CELLSIZE 0.125
NODATA_VALUE -99.9
[rows 0 to 24 of 150, columns 116 to 173 of 200]
-99.9 -99.9 -99.9 -99.9 -99.9 -99.9 -99.9 -99.9 -99.9 -99.9 -99.9 -99.9 -99.9 -99.9 -99.9 -99.9 -99.9 -99.9 -99.9 -99.9 -99.9 -99.9 -99.9 -99.9 -99.9 -99.9 -99.9 -99.9 -99.9 -99.9 -99.9 -99.9 -99.9 -99.9 -99.9 -99.9 -99.9 -99.9 -99.9 -99.9 -99.9 -99.9 -99.9 -99.9 -99.9 -99.9 -99.9 -99.9 -99.9 -99.9 -99.9 -99.9 -99.9 -99.9 -99.9 -99.9 -99.9 -99.9
-99.9 -99.9 -99.9 -99.9 -99.9 -99.9 -99.9 -99.9 -99.9 -99.9 -99.9 -99.9 -99.9 -99.9 -99.9 -99.9 -99.9 -99.9 -99.9 -99.9 -99.9 -99.9 -99.9 -99.9 -99.9 -99.9 -99.9 -99.9 -99.9 -99.9 -99.9 -99.9 -99.9 -99.9 -99.9 -99.9 -99.9 -99.9 -99.9 -99.9 -99.9 -99.9 -99.9 -99.9 -99.9 -99.9 -99.9 -99.9 -99.9 -99.9 -99.9 -99.9 -99.9 -99.9 -99.9 -99.9 -99.9 -99.9
-99.9 -99.9 -99.9 -99.9 -99.9 -99.9 -99.9 -99.9 -99.9 -99.9 -99.9 -99.9 -99.9 -99.9 -99.9 -99.9 -99.9 -99.9 -99.9 -99.9 -99.9 -99.9 -99.9 -99.9 -99.9 -99.9 -99.9 -99.9 -99.9 -99.9 -99.9 -99.9 -99.9 -99.9 -99.9 -99.9 -99.9 -99.9 -99.9 -99.9 -99.9 -99.9 -99.9 -99.9 -99.9 -99.9 -99.9 -99.9 -99.9 -99.9 -99.9 -99.9 -99.9 -99.9 -99.9 -99.9 -99.9 -99.9
-99.9 -99.9 -99.9 -99.9 -99.9 -99.9 -99.9 -99.9 -99.9 -99.9 -99.9 -99.9 -99.9 -99.9 -99.9 -99.9 -99.9 -99.9 -99.9 -99.9 -99.9 -99.9 -99.9 -99.9 -99.9 -99.9 -99.9 -99.9 -99.9 -99.9 -99.9 -99.9 -99.9 -99.9 -99.9 -99.9 -99.9 -99.9 -99.9 -99.9 -99.9 -99.9 -99.9 -99.9 -99.9 -99.9 -99.9 -99.9 -99.9 -99.9 -99.9 -99.9 -99.9 -99.9 -99.9 -99.9 -99.9 -99.9
-99.9 -99.9 -99.9 -99.9 -99.9 -99.9 -99.9 -99.9 -99.9 -99.9 -99.9 -99.9 -99.9 -99.9 -99.9 -99.9 -99.9 -99.9 -99.9 -99.9 -99.9 -99.9 -99.9 -99.9 -99.9 -99.9 -99.9 -99.9 -99.9 -99.9 -99.9 -99.9 -99.9 -99.9 -99.9 -99.9 -99.9 -99.9 -99.9 -99.9 -99.9 -99.9 -99.9 -99.9 -99.9 -99.9 -99.9 -99.9 -99.9 -99.9 -99.9 -99.9 -99.9 -99.9 -99.9 -99.9 -99.9 -99.9
-99.9 -99.9 -99.9 -99.9 -99.9 -99.9 -99.9 -99.9 -99.9 -99.9 -99.9 -99.9 -99.9 -99.9 -99.9 -99.9 -99.9 -99.9 -99.9 -99.9 -99.9 -99.9 -99.9 -99.9 -99.9 -99.9 -99.9 -99.9 -99.9 -99.9 -99.9 -99.9 -99.9 -99.9 -99.9 -99.9 -99.9 -99.9 -99.9 -99.9 -99.9 -99.9 -99.9 -99.9 -99.9 -99.9 -99.9 -99.9 -99.9 -99.9 -99.9 -99.9 -99.9 -99.9 -99.9 -99.9 -99.9 -99.9
-99.9 -99.9 -99.9 -99.9 -99.9 -99.9 0.399510145187378 0.434096217155457 0.399297177791595 0.396233707666397 0.416947156190872 0.408124387264252 0.381456881761551 0.381574898958206 0.380457311868668 0.377399146556854 0.37976062297821 0.394273310899734 0.392827868461609 0.39161342382431 0.392861425876617 0.395899593830109 0.407380342483521 0.417646437883377 0.538994014263153 0.599275052547455 0.588237702846527 0.558605492115021 0.599626481533051 0.578450679779053 0.585840165615082 0.601455688476562 0.600557863712311 0.604249060153961 0.601494371891022 0.602258265018463 0.601721823215485 0.605571210384369 0.600219368934631 0.599651694297791 0.595574259757996 0.494462817907333 0.429978996515274 0.415053397417068 0.414179027080536 0.40576633810997 0.415165990591049 0.448257625102997 0.431622534990311 0.388830602169037 0.399366676807404 -99.9 -99.9 -99.9 -99.9 -99.9 -99.9 -99.9
-99.9 -99.9 -99.9 -99.9 0.397950530052185 0.400250107049942 0.393726646900177 0.420169860124588 0.418974667787552 0.384372979402542 0.388065844774246 0.395090669393539 0.390093088150024 0.396929025650024 0.398134469985962 0.392727613449097 0.395605504512787 0.402711182832718 0.411768615245819 0.401091337203979 0.392309457063675 0.390890449285507 0.393387883901596 0.406245619058609 0.461691588163376 0.538834750652313 0.597345352172852 0.602678537368774 0.599403083324432 0.596620440483093 0.593651294708252 0.602285504341125 0.602475106716156 0.594179749488831 0.602326989173889 0.595996499061584 0.605625331401825 0.603604555130005 0.599629998207092 0.600998520851135 0.602375030517578 0.497793734073639 0.469845473766327 0.444894820451736 0.413460224866867 0.406949937343597 0.44827738404274 0.401164501905441 0.414169579744339 0.388604938983917 -99.9 -99.9 -99.9 -99.9 -99.9 -99.9 -99.9 -99.9
-99.9 -99.9 0.400276720523834 0.395016938447952 0.391888320446014 0.39222851395607 0.409941494464874 0.393438041210175 0.385799020528793 0.385465443134308 0.386474549770355 0.39061975479126 0.394511014223099 0.400091946125031 0.402135819196701 0.403736501932144 0.404275447130203 0.397966861724854 0.407748281955719 0.402513712644577 0.393128901720047 0.392698884010315 0.389060199260712 0.38868322968483 0.394974172115326 0.414109945297241 0.491366595029831 0.540430307388306 0.602742969989777 0.560015678405762 0.594392001628876 0.590088248252869 0.600340247154236 0.602733135223389 0.601239085197449 0.602079212665558 0.62420791387558 0.601213395595551 0.607592463493347 0.602308511734009 0.604359149932861 0.611497581005096 0.547631740570068 0.559544503688812 0.497340053319931 0.422464579343796 0.437439501285553 0.443511962890625 0.421820998191833 0.388937532901764 -99.9 -99.9 -99.9 -99.9 -99.9 -99.9 -99.9 -99.9
-99.9 0.385985225439072 0.377871990203857 0.381790816783905 0.392749190330505 0.406175673007965 0.418239176273346 0.421363413333893 0.387977987527847 0.387553095817566 0.387296915054321 0.389023631811142 0.392484456300735 0.398443132638931 0.39851775765419 0.398668885231018 0.399437129497528 0.398790210485458 0.401036560535431 0.40505975484848 0.400287687778473 0.400606334209442 0.395088106393814 0.387992262840271 0.38173371553421 0.375979542732239 0.403387039899826 0.455797076225281 0.456853866577148 0.533267974853516 0.580089032649994 0.591363549232483 0.595935344696045 0.598786413669586 0.600506961345673 0.603276968002319 0.601580500602722 0.632671058177948 0.635649740695953 0.620374381542206 0.599643707275391 0.62532639503479 0.609018981456757 0.506771683692932 0.460586428642273 0.46313801407814 0.417964428663254 0.413185626268387 0.412717878818512 -99.9 -99.9 -99.9 -99.9 -99.9 -99.9 -99.9 -99.9 -99.9
0.381164103746414 0.38680112361908 0.389703661203384 0.383403331041336 0.410059541463852 0.403801798820496 0.417325049638748 0.391007363796234 0.390507787466049 0.390019625425339 0.389569938182831 0.389494031667709 0.392348527908325 0.394310891628265 0.394235908985138 0.39667472243309 0.397941768169403 0.398839265108109 0.397699952125549 0.39911562204361 0.400145083665848 0.395310759544373 0.392667174339294 0.392596751451492 0.385685294866562 0.379375517368317 0.392786145210266 0.384076565504074 0.388082385063171 0.399777293205261 0.461187660694122 0.538226783275604 0.482836306095123 0.518232643604279 0.598465323448181 0.642513453960419 0.659608721733093 0.675984740257263 0.670107781887054 0.629912614822388 0.691863536834717 0.663362622261047 0.620133280754089 0.636786878108978 0.643243253231049 0.458946734666824 0.4806047976017 0.414015591144562 0.415200680494308 0.407999306917191 0.396683931350708 0.383808106184006 -99.9 -99.9 -99.9 -99.9 -99.9 -99.9
0.386486977338791 0.388993233442307 0.389921337366104 0.391284167766571 0.393082797527313 0.389416486024857 0.390507519245148 0.392548620700836 0.392522633075714 0.392296671867371 0.392018347978592 0.392144441604614 0.394132286310196 0.395267158746719 0.392385512590408 0.395393222570419 0.396988451480865 0.397238850593567 0.397465586662292 0.400379925966263 0.402606874704361 0.400877565145493 0.405958652496338 0.398968130350113 0.39523783326149 0.391568571329117 0.383113950490952 0.383884906768799 0.389570623636246 0.395022958517075 0.397364407777786 0.413568019866943 0.443895787000656 0.474880367517471 0.535120248794556 0.63000214099884 0.703959822654724 0.720593869686127 0.703202366828918 0.645076990127563 0.69761049747467 0.67172634601593 0.694016218185425 0.681287884712219 0.671352982521057 0.503190517425537 0.468739539384842 0.422040522098541 0.39190736413002 -99.9 0.384742021560669 -99.9 -99.9 -99.9 -99.9 -99.9 -99.9 -99.9
0.387286573648453 0.388304769992828 0.388737350702286 0.388748288154602 0.389751553535461 0.387422531843185 0.380684614181519 0.380985230207443 0.385199725627899 0.389026582241058 0.388542294502258 0.383535653352737 0.392916470766068 0.394075036048889 0.393290102481842 0.421381801366806 0.425954729318619 0.421660751104355 0.417831748723984 0.414402514696121 0.411318808794022 0.41240718960762 0.412428826093674 0.404580116271973 0.402162700891495 0.387080550193787 0.390286058187485 0.391398698091507 0.395464152097702 0.396549224853516 0.396843820810318 0.397404253482819 0.407594740390778 0.438383460044861 0.480828136205673 0.596462190151215 0.715344786643982 0.760337293148041 0.733877241611481 0.66603010892868 0.641683340072632 0.66792231798172 0.400179982185364 0.686867952346802 0.659084558486938 0.577807545661926 0.42509451508522 0.394065052270889 0.39706888794899 -99.9 -99.9 -99.9 -99.9 -99.9 -99.9 -99.9 -99.9 -99.9
0.38130909204483 0.376830875873566 0.380466967821121 0.383346080780029 0.381992340087891 0.379341721534729 0.382564753293991 0.377614080905914 0.376708626747131 0.383112251758575 0.386829912662506 0.391740649938583 0.396582812070847 0.402523308992386 0.410540074110031 0.421753525733948 0.427319914102554 0.422874599695206 0.418915897607803 0.415374904870987 0.415815383195877 0.418768703937531 0.420088350772858 0.410217642784119 0.401025086641312 0.407342523336411 0.390200972557068 0.396028012037277 0.3971047103405 0.397347182035446 0.39761158823967 0.397856771945953 0.398087412118912 0.403701215982437 0.43934753537178 0.518320083618164 0.618502378463745 0.776625990867615 0.759557962417603 0.691681206226349 0.600761473178864 0.681055068969727 0.665557622909546 0.651461839675903 0.437219709157944 0.622477293014526 0.461696028709412 0.414312362670898 0.38863018155098 -99.9 -99.9 -99.9 -99.9 -99.9 -99.9 -99.9 -99.9 -99.9
0.373565971851349 0.373659402132034 0.373745441436768 0.376200616359711 0.373139441013336 0.366338491439819 0.373654901981354 0.374492317438126 0.376252919435501 0.373622328042984 0.381654471158981 0.38881853222847 0.394563376903534 0.402715265750885 0.410803347826004 0.422129154205322 0.428734481334686 0.424130588769913 0.421252846717834 0.4222072660923 0.423187881708145 0.427621245384216 0.42994612455368 0.416639506816864 0.405315011739731 0.39754581451416 0.413809090852737 0.39789754152298 0.398094326257706 0.398295432329178 0.398515582084656 0.398754686117172 0.398985892534256 0.399217784404755 0.404199182987213 0.454383790493011 0.548753798007965 0.647242426872253 0.755959331989288 0.694374024868011 0.609661519527435 0.622103095054626 0.714696049690247 0.719937920570374 0.679010212421417 0.625062704086304 0.62624591588974 0.422481894493103 0.411744683980942 0.406700640916824 -99.9 -99.9 -99.9 -99.9 -99.9 -99.9 -99.9 -99.9
0.36833256483078 0.374189168214798 0.374224603176117 0.37165442109108 -99.9 -99.9 0.367915660142899 0.375528305768967 0.36995804309845 0.372143566608429 0.377301603555679 0.386395037174225 0.391130954027176 0.397916674613953 0.408186227083206 0.422508805990219 0.430200845003128 0.428822726011276 0.429991513490677 0.431194663047791 0.432433605194092 0.439414232969284 0.442934781312943 0.424515426158905 0.410505771636963 0.401155441999435 0.411315262317657 0.422035247087479 0.417511403560638 0.399356573820114 0.399566888809204 0.399775385856628 0.39990770816803 0.39887610077858 0.399867624044418 0.406855314970016 0.43889918923378 0.51394784450531 0.60685521364212 0.67460310459137 0.600949883460999 0.687838077545166 0.717774927616119 0.722344636917114 0.626855373382568 0.622277677059174 0.499992161989212 0.507689416408539 0.428178489208221 0.398019045591354 -99.9 -99.9 -99.9 -99.9 -99.9 -99.9 -99.9 -99.9
0.38097470998764 0.380743891000748 0.379366219043732 -99.9 -99.9 0.379875689744949 0.378915876150131 0.372026383876801 0.369625359773636 0.371081054210663 0.374619036912918 0.384360551834106 0.388315469026566 0.393843919038773 0.401946425437927 0.414009839296341 0.429649084806442 0.43960502743721 0.441103339195251 0.442649573087692 0.445491313934326 0.455125540494919 0.460519373416901 0.434501618146896 0.416873753070831 0.405471742153168 0.397656083106995 0.439480632543564 0.432730317115784 0.426817804574966 0.421687453985214 0.413852393627167 0.409550845623016 0.396959155797958 0.400173515081406 0.409985184669495 0.421596765518188 0.470393389463425 0.539801359176636 0.598102986812592 0.632197141647339 0.596043109893799 0.689960539340973 0.649585127830505 0.618911445140839 0.626006901264191 0.601367950439453 0.61576771736145 0.494648218154907 0.388168066740036 0.389804661273956 -99.9 -99.9 -99.9 -99.9 -99.9 -99.9 -99.9
-99.9 -99.9 -99.9 -99.9 0.381566524505615 0.380025595426559 0.376014024019241 0.372875541448593 0.36998450756073 0.371293634176254 0.373485207557678 0.379245460033417 0.385974615812302 0.390243947505951 0.395627707242966 0.403215855360031 0.41320937871933 0.425558090209961 0.443849712610245 0.457554847002029 0.463376581668854 0.476653188467026 0.485070437192917 0.447424083948135 0.424809664487839 0.410696655511856 0.401286572217941 0.394682109355927 0.456337809562683 0.432451486587524 0.41463902592659 0.403349995613098 0.390723168849945 0.395868569612503 0.399748533964157 0.404901176691055 0.409314572811127 0.41803914308548 0.444245249032974 0.488593429327011 0.616798281669617 0.703712284564972 0.658546984195709 0.726025402545929 0.626952886581421 0.602053463459015 0.62947803735733 0.592469930648804 0.603492021560669 0.449972838163376 -99.9 -99.9 -99.9 -99.9 -99.9 -99.9 -99.9 -99.9
-99.9 -99.9 -99.9 -99.9 0.38129797577858 0.376741707324982 0.374039024114609 0.372290194034576 0.370405822992325 0.371975094079971 0.37471342086792 0.380146563053131 0.384767591953278 0.386384159326553 0.390390306711197 0.395829677581787 0.402603805065155 0.410634428262711 0.421865284442902 0.450269788503647 0.487084984779358 0.502942502498627 0.518977344036102 0.464536935091019 0.429373979568481 0.409900188446045 0.398455798625946 0.395055830478668 0.426715582609177 0.414957523345947 0.403821498155594 0.396093457937241 0.386241883039474 0.38530045747757 0.395638227462769 0.396712779998779 0.398699045181274 0.401720851659775 0.405542552471161 0.417699486017227 0.60638302564621 0.719789445400238 0.778780400753021 0.790218234062195 0.76338267326355 0.634582877159119 0.660633504390717 0.598788738250732 0.514083683490753 0.482939690351486 0.426249355077744 -99.9 -99.9 -99.9 -99.9 -99.9 -99.9 -99.9
-99.9 -99.9 -99.9 0.382767736911774 0.377559125423431 0.374544769525528 0.372627139091492 0.371323019266129 0.370905160903931 0.372771173715591 0.376069247722626 0.383067458868027 0.388796418905258 0.38838803768158 0.388376295566559 0.390538096427917 0.395345091819763 0.404519706964493 0.426574766635895 0.4774229824543 0.545018315315247 0.469993382692337 0.428616225719452 0.41464376449585 0.401349753141403 0.397469788789749 0.398999363183975 0.400651186704636 0.402438998222351 0.403440743684769 0.396640568971634 0.392658919095993 0.383984267711639 0.377474069595337 0.386360049247742 0.400673300027847 0.401454567909241 0.405200660228729 0.422044664621353 0.480442762374878 0.63992828130722 0.697852790355682 0.756131052970886 0.787708699703217 0.74570894241333 0.661924362182617 0.598385870456696 0.569969236850739 0.569393217563629 0.477599322795868 0.494498014450073 -99.9 -99.9 -99.9 -99.9 -99.9 -99.9 -99.9
-99.9 -99.9 -99.9 0.37848225235939 0.375104248523712 0.37299445271492 0.372031629085541 0.37260490655899 0.372649967670441 0.373605936765671 0.377704054117203 0.387100666761398 0.39545464515686 0.393294960260391 0.393278837203979 0.393319666385651 0.397632002830505 0.413343489170074 0.446224719285965 0.49811378121376 0.486011654138565 0.437724083662033 0.413006782531738 0.393708854913712 0.399950087070465 0.400911390781403 0.402579516172409 0.404378354549408 0.406322211027145 0.40096652507782 0.396183848381042 0.393961548805237 0.385660886764526 0.379224538803101 0.384833306074142 0.395579963922501 0.429827958345413 0.438854783773422 0.504789710044861 0.598449230194092 0.600480198860168 0.61771947145462 0.734088063240051 0.787286520004272 0.748416602611542 0.656998634338379 0.598444402217865 0.587453842163086 0.638906121253967 0.489348530769348 0.5211261510849 0.40620619058609 -99.9 0.447673201560974 -99.9 -99.9 -99.9 -99.9
0.393342703580856 -99.9 0.379530847072601 0.379958808422089 0.382316917181015 0.385391682386398 0.389519810676575 0.395266741514206 0.396503865718842 0.390607953071594 0.386348694562912 0.392921835184097 0.405876755714417 0.400376379489899 0.400407940149307 0.406780362129211 0.415256321430206 0.426760137081146 0.457268536090851 0.464646250009537 0.44907346367836 0.395149350166321 0.387440085411072 0.395590990781784 0.403980910778046 0.404394835233688 0.404816001653671 0.406008213758469 0.405373573303223 0.402010589838028 0.401390105485916 0.400786519050598 0.388255685567856 0.386787056922913 0.399718314409256 0.432639956474304 0.450726687908173 0.440624475479126 0.515136182308197 0.599413394927979 0.595471560955048 0.599594354629517 0.718082964420319 0.786761105060577 0.748711168766022 0.651383280754089 0.59845757484436 0.597584307193756 0.604729056358337 0.487430334091187 0.607631385326385 0.448644608259201 -99.9 -99.9 0.381198734045029 -99.9 -99.9 -99.9
0.393865764141083 -99.9 0.40576645731926 0.410298258066177 0.415707409381866 0.422239542007446 0.430231690406799 0.440154790878296 0.441272556781769 0.434216976165771 0.428374499082565 0.423279643058777 0.415647119283676 0.445574402809143 0.422316879034042 0.434147626161575 0.455358147621155 0.439380586147308 0.450848281383514 0.427548229694366 0.380077302455902 0.383174687623978 0.388677537441254 0.397686392068863 0.408831089735031 0.409332484006882 0.409843236207962 0.410267442464828 0.41184800863266 0.412547826766968 0.411616832017899 0.410715013742447 0.391448736190796 0.404864609241486 0.4310023188591 0.44129341840744 0.454352766275406 0.42307984828949 0.492740005254745 0.573106944561005 0.598425805568695 0.598548233509064 0.701826751232147 0.785347282886505 0.746175348758698 0.645232915878296 0.598332345485687 0.598125874996185 0.607012927532196 0.524777293205261 0.459213674068451 0.441612154245377 0.468032836914062 -99.9 -99.9 -99.9 -99.9 -99.9
0.390298157930374 0.394197851419449 0.39920648932457 0.405802875757217 0.414757281541824 0.4273701608181 0.443144232034683 0.456494092941284 0.456780463457108 0.444407254457474 0.437188595533371 0.452955454587936 0.487156391143799 0.482299715280533 0.429589778184891 0.488125920295715 0.493163049221039 0.486907333135605 0.473170071840286 0.391251146793365 0.384182125329971 0.383039891719818 0.390033960342407 0.400029450654984 0.414743691682816 0.415245652198792 0.415640503168106 0.416040390729904 0.416864484548569 0.421697229146957 0.427294254302979 0.422407269477844 0.411383956670761 0.424682945013046 0.433395326137543 0.444308966398239 0.458222806453705 0.40752962231636 0.435853660106659 0.472543209791183 0.660421669483185 0.673820912837982 0.708435714244843 0.782507061958313 0.740959227085114 0.639109134674072 0.598069429397583 0.601480662822723 0.624863505363464 0.648739159107208 0.484724640846252 0.450030028820038 -99.9 -99.9 -99.9 -99.9 -99.9 -99.9
0.387410908937454 0.390564531087875 0.394536316394806 0.399646550416946 0.406390964984894 0.41556978225708 0.428539544343948 0.461517572402954 0.463386297225952 0.45118522644043 0.471294015645981 0.507064640522003 0.512216210365295 0.486472278833389 0.421533286571503 0.455270111560822 0.49628221988678 0.474773973226547 0.471519231796265 0.405370205640793 0.401542872190475 0.398276299238205 0.395464390516281 0.39015656709671 0.421642988920212 0.422121942043304 0.422607451677322 0.423084080219269 0.422806084156036 0.428584188222885 0.435339063405991 0.43251046538353 0.415234565734863 0.426718443632126 0.435928791761398 0.447515726089478 0.462358593940735 0.481754183769226 0.448697149753571 0.500684440135956 0.693106412887573 0.745819389820099 0.76829606294632 0.758669555187225 0.671689689159393 0.602654039859772 0.599212765693665 0.615795493125916 0.652302265167236 0.681654572486877 0.665544211864471 0.639097511768341 0.436406403779984 -99.9 -99.9 -99.9 -99.9 -99.9
