fish_book/data/sediment/Wilson_et_al_2017_data_files_asc/Porosity.asc
NCOLS 200
NROWS 150
XLLCORNER -16
YLLCORNER 44
CELLSIZE 0.125
NODATA_VALUE -99.9
[rows 0 to 24 of 150, columns 58 to 115 of 200]
-99.9 -99.9 -99.9 -99.9 -99.9 -99.9 0.391200929880142 0.385811358690262 0.382580667734146 0.388938456773758 0.401861876249313 0.409040361642838 0.435591220855713 0.431572496891022 0.41960820555687 0.407551884651184 0.407401204109192 0.408676505088806 0.436931431293488 0.415745466947556 0.39622089266777 0.400781512260437 0.409665793180466 0.404305279254913 0.394746214151382 -99.9 -99.9 -99.9 -99.9 -99.9 -99.9 -99.9 -99.9 -99.9 -99.9 -99.9 -99.9 -99.9 -99.9 -99.9 -99.9 -99.9 -99.9 -99.9 -99.9 -99.9 -99.9 -99.9 -99.9 -99.9 -99.9 -99.9 -99.9 -99.9 -99.9 -99.9 -99.9 -99.9
-99.9 0.39502090215683 0.392365545034409 0.393135696649551 0.389851689338684 0.38658881187439 0.380485951900482 0.381766587495804 0.379719823598862 0.379358142614365 0.376107484102249 0.376159727573395 0.375501215457916 0.376196563243866 0.376141786575317 0.378770530223846 0.377074062824249 0.376142293214798 0.376105159521103 0.376342207193375 0.378182351589203 0.398421376943588 0.414498180150986 0.407133460044861 0.387156784534454 0.402297019958496 0.392521440982819 0.392829924821854 0.407629787921906 -99.9 -99.9 -99.9 -99.9 -99.9 -99.9 -99.9 -99.9 -99.9 -99.9 -99.9 -99.9 -99.9 -99.9 -99.9 -99.9 -99.9 -99.9 -99.9 -99.9 -99.9 -99.9 -99.9 -99.9 -99.9 -99.9 -99.9 -99.9 -99.9
0.393116921186447 0.38569974899292 0.390743970870972 0.392184525728226 0.390623271465302 0.381605178117752 0.377224504947662 0.375636130571365 0.369546204805374 0.366496860980988 0.366630554199219 0.36663892865181 0.366355031728745 0.36754184961319 0.369382411241531 0.370721042156219 0.367809593677521 0.368466883897781 0.368134558200836 0.366694658994675 0.367435276508331 0.376810550689697 0.380819410085678 0.392431080341339 0.404824465513229 0.421550869941711 0.409268349409103 0.385097801685333 0.428060740232468 0.392459869384766 0.399546205997467 0.400012969970703 0.395684689283371 -99.9 -99.9 -99.9 -99.9 -99.9 -99.9 -99.9 -99.9 -99.9 -99.9 -99.9 -99.9 -99.9 -99.9 -99.9 -99.9 -99.9 -99.9 -99.9 -99.9 -99.9 -99.9 -99.9 -99.9 -99.9
0.385974764823914 0.3837009370327 0.382745862007141 0.379408121109009 0.377730041742325 0.377722054719925 0.374294936656952 0.370243310928345 0.367926388978958 0.366957157850266 0.366597712039948 0.371056616306305 -99.9 -99.9 -99.9 -99.9 -99.9 -99.9 -99.9 -99.9 0.370696097612381 0.375796526670456 0.38373938202858 0.382707685232162 0.399408161640167 0.396968245506287 0.38739800453186 0.388597398996353 0.391551196575165 0.404123306274414 0.386397749185562 0.39374852180481 0.393265783786774 0.451330959796906 0.45375519990921 0.397335797548294 0.414462745189667 0.429535925388336 -99.9 -99.9 -99.9 -99.9 -99.9 -99.9 -99.9 -99.9 -99.9 -99.9 -99.9 -99.9 -99.9 -99.9 -99.9 -99.9 -99.9 -99.9 -99.9 -99.9
0.382873624563217 0.387592881917953 0.378536194562912 0.376504957675934 0.373969674110413 0.374700009822845 0.373537391424179 0.370042771100998 0.367389112710953 0.367280572652817 0.369436413049698 0.371655315160751 -99.9 -99.9 -99.9 -99.9 -99.9 -99.9 -99.9 0.378029406070709 0.375223338603973 0.375331372022629 0.376480728387833 0.387864500284195 0.404646992683411 0.395698815584183 0.400554955005646 0.396129995584488 0.395127564668655 0.395336151123047 0.394547045230865 0.396437674760818 0.515861034393311 0.549621045589447 0.438929259777069 0.451528519392014 0.455658882856369 0.469288975000381 0.483811289072037 0.588464558124542 0.592573225498199 -99.9 -99.9 -99.9 -99.9 -99.9 -99.9 -99.9 -99.9 -99.9 -99.9 -99.9 -99.9 -99.9 -99.9 -99.9 -99.9 -99.9
0.382643610239029 0.383401781320572 0.386745095252991 0.377820312976837 0.375972718000412 0.379841834306717 0.378006398677826 0.372712194919586 0.37123766541481 0.371736019849777 0.375274151563644 -99.9 -99.9 -99.9 -99.9 -99.9 -99.9 0.380772650241852 0.37548565864563 0.37675404548645 0.375203490257263 0.376910924911499 0.385413229465485 0.397604286670685 0.410306870937347 0.400286972522736 0.386744976043701 0.388218283653259 0.382296532392502 0.402876973152161 0.412566542625427 0.40307480096817 0.395625382661819 0.416996628046036 0.473367959260941 0.441296935081482 0.479217708110809 0.408173531293869 -99.9 -99.9 -99.9 -99.9 -99.9 -99.9 -99.9 -99.9 -99.9 -99.9 -99.9 -99.9 -99.9 -99.9 -99.9 -99.9 -99.9 -99.9 -99.9 -99.9
0.385072082281113 0.387032121419907 0.406041473150253 0.394432753324509 0.384274452924728 0.378896653652191 0.376755774021149 0.378448724746704 0.37735578417778 0.377431452274323 0.381128489971161 0.376373678445816 0.381060183048248 0.375415474176407 -99.9 -99.9 0.373503506183624 0.375010251998901 0.372288048267365 0.375933617353439 0.375340759754181 0.380554646253586 0.400209903717041 0.391387820243835 0.391207039356232 0.380942106246948 0.391259163618088 0.384592860937119 0.393929451704025 0.386969923973083 0.423147112131119 0.409865617752075 0.413121432065964 0.405718624591827 0.406355559825897 -99.9 -99.9 -99.9 -99.9 -99.9 -99.9 -99.9 -99.9 -99.9 -99.9 -99.9 -99.9 -99.9 -99.9 -99.9 -99.9 -99.9 -99.9 -99.9 -99.9 -99.9 -99.9 -99.9
-99.9 0.393338263034821 0.394886791706085 0.400884926319122 0.380540072917938 0.380301475524902 0.382185459136963 0.391262084245682 0.390572845935822 0.38138023018837 0.380189150571823 0.383469343185425 0.37969696521759 0.370382457971573 0.370190590620041 -99.9 -99.9 0.368580907583237 0.368323862552643 0.375500738620758 0.378706306219101 0.386023193597794 0.38668230175972 0.400461882352829 0.385734796524048 0.402929335832596 0.405702739953995 0.406314671039581 0.397236377000809 0.417076826095581 0.42122408747673 0.398639112710953 0.386788815259933 0.489847421646118 -99.9 -99.9 -99.9 -99.9 -99.9 -99.9 -99.9 -99.9 -99.9 -99.9 -99.9 -99.9 -99.9 -99.9 -99.9 -99.9 -99.9 -99.9 -99.9 -99.9 -99.9 -99.9 -99.9 -99.9
-99.9 -99.9 -99.9 0.395472317934036 0.430311739444733 0.403453826904297 0.384004801511765 0.385784655809402 0.384304076433182 0.392881453037262 0.385394036769867 0.378327518701553 0.379592299461365 0.370138436555862 -99.9 0.373290956020355 0.371751993894577 0.367386519908905 0.373151302337646 0.378744393587112 0.385863900184631 0.388328731060028 0.383904635906219 0.390268325805664 0.376018941402435 0.381011962890625 0.393685638904572 0.387132078409195 0.386136680841446 0.463016301393509 0.420075446367264 0.393784046173096 0.398750782012939 0.391237556934357 -99.9 -99.9 -99.9 -99.9 -99.9 -99.9 -99.9 -99.9 -99.9 -99.9 -99.9 -99.9 -99.9 -99.9 -99.9 -99.9 -99.9 -99.9 -99.9 -99.9 -99.9 -99.9 -99.9 -99.9
-99.9 -99.9 -99.9 -99.9 0.529085278511047 0.388475477695465 0.379953771829605 0.393182545900345 0.408245205879211 0.384724467992783 0.414199650287628 0.401114493608475 0.380661576986313 0.372039020061493 -99.9 -99.9 0.374434351921082 0.374959677457809 0.379930138587952 0.38678365945816 0.391550987958908 0.387605130672455 0.405283391475677 0.395839184522629 0.38038894534111 0.38188037276268 0.384488344192505 0.462869346141815 0.411028861999512 0.397039026021957 0.422221511602402 0.390117228031158 0.387565016746521 -99.9 -99.9 -99.9 -99.9 -99.9 -99.9 -99.9 -99.9 -99.9 -99.9 -99.9 -99.9 -99.9 -99.9 -99.9 -99.9 -99.9 -99.9 -99.9 -99.9 -99.9 -99.9 -99.9 -99.9 -99.9
0.394676625728607 -99.9 -99.9 -99.9 -99.9 -99.9 -99.9 0.390440762042999 0.440980851650238 0.447536170482635 0.436212927103043 0.416293919086456 0.392018705606461 0.377340763807297 0.373011529445648 -99.9 -99.9 0.37046867609024 0.382495492696762 0.390240103006363 0.452014833688736 0.400677353143692 0.389495849609375 0.388114929199219 0.416987150907516 0.381328284740448 0.384953171014786 0.376686453819275 0.392052739858627 0.470314770936966 0.521348476409912 0.38643491268158 -99.9 -99.9 -99.9 -99.9 -99.9 -99.9 -99.9 -99.9 -99.9 -99.9 -99.9 -99.9 -99.9 -99.9 -99.9 -99.9 -99.9 -99.9 -99.9 -99.9 -99.9 -99.9 -99.9 -99.9 -99.9 -99.9
0.409691333770752 0.38316735625267 0.384364724159241 0.389140069484711 -99.9 -99.9 -99.9 -99.9 -99.9 -99.9 0.424530535936356 0.427245885133743 0.391363650560379 0.377903431653976 0.371417790651321 0.370421499013901 0.366770595312119 0.367513477802277 0.376145482063293 0.378199011087418 0.393087774515152 0.387211799621582 0.395124047994614 0.400865346193314 0.395057648420334 0.4062719643116 0.385802865028381 0.40961879491806 0.379595428705215 0.388481140136719 0.388145208358765 -99.9 -99.9 -99.9 -99.9 -99.9 -99.9 -99.9 -99.9 -99.9 -99.9 -99.9 -99.9 -99.9 -99.9 -99.9 -99.9 -99.9 -99.9 -99.9 -99.9 -99.9 -99.9 -99.9 -99.9 -99.9 0.383943319320679 0.385244518518448
0.392702013254166 0.413145482540131 0.414119333028793 0.424307197332382 0.39791339635849 0.4169981777668 -99.9 -99.9 -99.9 -99.9 -99.9 0.403205364942551 0.390682905912399 0.383114337921143 0.378075897693634 0.368582934141159 0.368643820285797 0.368910491466522 0.376522481441498 0.377459347248077 0.382410377264023 0.411274760961533 0.409835189580917 0.437964618206024 0.394443541765213 0.382935404777527 0.380412101745605 0.382518321275711 0.389062851667404 -99.9 -99.9 -99.9 -99.9 -99.9 -99.9 -99.9 -99.9 -99.9 -99.9 -99.9 -99.9 -99.9 -99.9 -99.9 -99.9 -99.9 -99.9 -99.9 -99.9 -99.9 -99.9 -99.9 -99.9 -99.9 0.379108905792236 0.375897288322449 0.385101616382599 0.385251194238663
0.430397272109985 0.399565279483795 0.412673711776733 0.432513833045959 0.409152299165726 0.464931964874268 0.416241347789764 0.429366767406464 -99.9 -99.9 -99.9 -99.9 0.396944463253021 0.409616321325302 0.382336616516113 0.381531685590744 0.377215921878815 0.375302016735077 0.377185583114624 0.379771441221237 0.391387552022934 0.41951248049736 0.398646652698517 0.405767023563385 0.386674731969833 0.383540838956833 0.398309767246246 0.379410445690155 -99.9 -99.9 -99.9 -99.9 -99.9 -99.9 -99.9 -99.9 -99.9 -99.9 -99.9 -99.9 -99.9 -99.9 -99.9 -99.9 -99.9 -99.9 -99.9 -99.9 -99.9 -99.9 -99.9 0.382720828056335 0.375527262687683 0.37771737575531 0.377152115106583 0.384298920631409 0.38445582985878 0.384939581155777
0.386744022369385 0.388775616884232 0.402298957109451 0.422930836677551 0.557693600654602 0.39133208990097 0.404908388853073 -99.9 -99.9 -99.9 -99.9 -99.9 -99.9 0.392425447702408 0.38470670580864 0.38730064034462 0.384714096784592 0.379962533712387 0.381278723478317 0.380280792713165 0.384253114461899 0.379589051008224 0.391174912452698 0.381512492895126 0.553928375244141 0.376654058694839 0.427805751562119 -99.9 -99.9 -99.9 -99.9 -99.9 -99.9 -99.9 -99.9 -99.9 -99.9 -99.9 -99.9 -99.9 -99.9 -99.9 -99.9 -99.9 -99.9 -99.9 -99.9 -99.9 0.380933314561844 0.382270574569702 0.375831693410873 0.378297001123428 0.374613016843796 0.375579297542572 0.374868452548981 0.375980287790298 0.378989845514297 0.375576674938202
0.387785792350769 0.396026760339737 0.39062637090683 0.39220318198204 0.403794497251511 -99.9 -99.9 -99.9 -99.9 -99.9 -99.9 -99.9 -99.9 0.385039210319519 0.383794039487839 0.383368462324142 0.385289222002029 0.383439898490906 0.384157955646515 0.392455369234085 0.382368326187134 0.381190240383148 0.376278012990952 0.377251923084259 -99.9 -99.9 -99.9 -99.9 -99.9 -99.9 -99.9 -99.9 -99.9 -99.9 -99.9 -99.9 -99.9 -99.9 -99.9 -99.9 -99.9 -99.9 -99.9 -99.9 -99.9 0.389504313468933 0.369397640228271 0.382911205291748 0.37755936384201 0.378792107105255 0.376531451940536 0.375500619411469 0.374062150716782 0.373248070478439 0.378750652074814 0.380111873149872 0.379989266395569 0.368257105350494
0.38696077466011 0.381191551685333 -99.9 -99.9 -99.9 -99.9 -99.9 -99.9 -99.9 -99.9 -99.9 -99.9 -99.9 -99.9 0.388912111520767 0.386452943086624 0.387371480464935 0.379978179931641 0.380740582942963 0.378665715456009 0.380640536546707 0.384634733200073 -99.9 -99.9 -99.9 -99.9 -99.9 -99.9 -99.9 -99.9 -99.9 -99.9 -99.9 -99.9 -99.9 -99.9 -99.9 -99.9 -99.9 -99.9 -99.9 -99.9 -99.9 0.378325939178467 0.380150198936462 0.375690996646881 0.374488949775696 0.374569952487946 0.374247938394547 0.381042420864105 0.373863309621811 0.381298035383224 0.378792434930801 0.379184156656265 0.379514038562775 0.379857510328293 0.381454199552536 0.381211400032043
0.391102612018585 -99.9 -99.9 -99.9 -99.9 -99.9 -99.9 -99.9 -99.9 -99.9 -99.9 -99.9 -99.9 -99.9 -99.9 0.379241108894348 0.379678755998611 0.381429672241211 0.384794354438782 0.382732957601547 0.390232503414154 0.380695194005966 0.391114950180054 -99.9 -99.9 -99.9 -99.9 -99.9 -99.9 -99.9 -99.9 -99.9 -99.9 -99.9 -99.9 -99.9 -99.9 -99.9 -99.9 -99.9 -99.9 0.376024782657623 0.375022649765015 0.376106858253479 0.374951899051666 0.375031322240829 0.378119736909866 0.371653199195862 0.373486131429672 0.375097811222076 0.374036222696304 0.37720575928688 0.379642009735107 0.379990786314011 0.380354195833206 0.380733102560043 0.383183836936951 0.382895946502686
0.430712103843689 -99.9 -99.9 -99.9 -99.9 -99.9 -99.9 -99.9 -99.9 -99.9 -99.9 -99.9 -99.9 -99.9 -99.9 -99.9 -99.9 -99.9 0.385128140449524 0.384196311235428 0.384981065988541 0.386672228574753 0.380938231945038 -99.9 -99.9 -99.9 -99.9 -99.9 -99.9 -99.9 -99.9 -99.9 -99.9 -99.9 -99.9 -99.9 -99.9 0.389992356300354 0.376019448041916 0.37665656208992 0.376556813716888 0.375098705291748 0.377632588148117 0.381775230169296 0.374234527349472 0.3785300552845 0.39360848069191 0.393716275691986 0.391354739665985 0.377795249223709 0.374549955129623 0.380126118659973 0.38049528002739 0.380880266427994 0.381282061338425 0.381701648235321 0.382140189409256 0.384903192520142
-99.9 -99.9 -99.9 -99.9 -99.9 -99.9 -99.9 -99.9 -99.9 -99.9 -99.9 -99.9 -99.9 -99.9 -99.9 -99.9 -99.9 -99.9 -99.9 -99.9 -99.9 -99.9 -99.9 -99.9 -99.9 -99.9 -99.9 -99.9 -99.9 -99.9 -99.9 -99.9 -99.9 -99.9 -99.9 0.378070592880249 0.377459824085236 0.377852886915207 0.373304039239883 0.374305367469788 0.369952261447906 0.373750656843185 0.373697191476822 0.377540469169617 0.376830190420151 0.38148295879364 0.391005456447601 0.388313472270966 0.391347199678421 0.38240247964859 0.384814083576202 0.391829162836075 0.381204009056091 0.381864845752716 0.382310807704926 0.382777333259583 -99.9 0.387324541807175
-99.9 -99.9 -99.9 -99.9 -99.9 -99.9 -99.9 -99.9 -99.9 -99.9 -99.9 -99.9 -99.9 -99.9 -99.9 -99.9 -99.9 -99.9 -99.9 -99.9 -99.9 -99.9 -99.9 -99.9 -99.9 -99.9 -99.9 -99.9 -99.9 -99.9 -99.9 -99.9 -99.9 0.377447217702866 0.383370220661163 0.376497626304626 0.383233994245529 0.385170727968216 0.374979913234711 0.381106048822403 0.376995146274567 0.375614047050476 0.373899281024933 0.375432848930359 0.375300765037537 0.380939960479736 0.380503237247467 0.374465435743332 0.373901814222336 0.374034583568573 0.377322942018509 0.379892647266388 0.374758452177048 0.381999671459198 0.38326171040535 0.383977115154266 0.384523659944534 0.3902867436409
-99.9 -99.9 -99.9 -99.9 -99.9 -99.9 -99.9 -99.9 -99.9 -99.9 -99.9 0.468321770429611 0.389808833599091 -99.9 -99.9 -99.9 -99.9 -99.9 -99.9 -99.9 -99.9 -99.9 -99.9 -99.9 -99.9 -99.9 -99.9 -99.9 -99.9 -99.9 0.383030563592911 0.378624737262726 0.376366794109344 0.396220713853836 0.377655535936356 0.378825336694717 0.376422613859177 0.388778656721115 0.379970043897629 0.376057386398315 0.373956650495529 0.374154537916183 0.37429866194725 0.378721415996552 0.379171878099442 0.374804466962814 0.372570991516113 0.371537148952484 0.373524218797684 0.373634338378906 0.373790502548218 0.375149458646774 0.374328970909119 0.373635947704315 0.382864773273468 0.38424152135849 0.385808914899826 0.3865827023983
-99.9 -99.9 -99.9 -99.9 -99.9 -99.9 -99.9 -99.9 -99.9 -99.9 -99.9 -99.9 -99.9 -99.9 -99.9 -99.9 -99.9 0.384113252162933 0.372008413076401 -99.9 -99.9 -99.9 -99.9 -99.9 -99.9 -99.9 -99.9 -99.9 0.374883353710175 0.376708984375 0.376636505126953 0.373854607343674 0.37374684214592 0.37458536028862 0.376414775848389 0.378982305526733 0.375816732645035 0.374516397714615 0.376527786254883 0.376080334186554 0.373806923627853 0.374090492725372 0.375212103128433 0.37583664059639 0.368812203407288 0.37296199798584 0.372342973947525 0.373462408781052 0.3739073574543 0.373661518096924 0.374197870492935 0.374433159828186 0.374712914228439 0.374072223901749 0.382482349872589 0.383807927370071 0.38531419634819 0.387036830186844
-99.9 -99.9 -99.9 -99.9 -99.9 -99.9 -99.9 -99.9 -99.9 -99.9 -99.9 -99.9 -99.9 -99.9 -99.9 -99.9 -99.9 -99.9 0.378312200307846 0.375806152820587 0.373514175415039 0.374628007411957 0.375624030828476 -99.9 -99.9 0.375892221927643 0.375103235244751 0.375260442495346 0.376413881778717 0.379650175571442 0.378997504711151 0.375922292470932 0.372858226299286 0.373634666204453 0.374559491872787 0.373838067054749 0.373257517814636 0.374267488718033 0.376247972249985 0.374879717826843 0.374426424503326 0.373858869075775 0.375143110752106 0.3737832903862 0.367804974317551 0.371843099594116 0.372011691331863 0.373366415500641 0.373636424541473 0.373521029949188 0.374204814434052 0.373428881168365 0.374268859624863 0.373850584030151 0.382113724946976 0.383390665054321 0.384839087724686 0.38623708486557
-99.9 -99.9 -99.9 -99.9 -99.9 -99.9 -99.9 -99.9 -99.9 -99.9 -99.9 -99.9 -99.9 -99.9 -99.9 -99.9 -99.9 0.387977123260498 0.378542870283127 0.378059715032578 0.374500721693039 0.37496817111969 0.375095963478088 0.372979879379272 0.374063342809677 0.373777359724045 0.373284012079239 0.375499188899994 0.376344054937363 0.37459334731102 0.374515980482101 0.373682141304016 0.36930239200592 0.367721140384674 0.37203711271286 0.367488205432892 0.370975077152252 0.375906407833099 0.373496651649475 0.374621629714966 0.366803646087646 0.374729037284851 0.384979724884033 0.374828219413757 0.373545050621033 0.37356698513031 0.370334655046463 0.372675210237503 0.372606068849564 0.373653084039688 0.373576700687408 0.369191229343414 0.372020751237869 0.376532047986984 0.381758242845535 0.38298898935318 0.38363966345787 0.383536756038666
