fish_book/data/sediment/Wilson_et_al_2017_data_files_asc/SandD50.asc
NCOLS 200
NROWS 150
XLLCORNER -16
YLLCORNER 44
CELLSIZE 0.125
NODATA_VALUE -99.9
[rows 0 to 24 of 150, columns 58 to 115 of 200]
-99.9 -99.9 -99.9 -99.9 -99.9 -99.9 0.446941345930099 0.340955644845963 0.302019774913788 0.327434688806534 0.382725715637207 0.473514050245285 0.173091515898705 0.185192108154297 0.258380174636841 0.316817402839661 0.305194497108459 0.314240545034409 0.170187562704086 0.260664165019989 0.419847637414932 0.47112300992012 0.255876004695892 0.237882271409035 0.355950742959976 -99.9 -99.9 -99.9 -99.9 -99.9 -99.9 -99.9 -99.9 -99.9 -99.9 -99.9 -99.9 -99.9 -99.9 -99.9 -99.9 -99.9 -99.9 -99.9 -99.9 -99.9 -99.9 -99.9 -99.9 -99.9 -99.9 -99.9 -99.9 -99.9 -99.9 -99.9 -99.9 -99.9
-99.9 0.455108255147934 0.491450726985931 0.522619426250458 0.300224721431732 0.232987239956856 0.397775590419769 0.379245162010193 0.416314423084259 0.353120774030685 0.415013670921326 0.416050910949707 0.442327439785004 0.463961899280548 0.420110642910004 0.445041120052338 0.439157247543335 0.420435965061188 0.415712028741837 0.424822807312012 0.390310764312744 0.261401772499084 0.280581504106522 0.347287386655807 0.309574127197266 0.403643727302551 0.28175151348114 0.315088033676147 0.445174545049667 -99.9 -99.9 -99.9 -99.9 -99.9 -99.9 -99.9 -99.9 -99.9 -99.9 -99.9 -99.9 -99.9 -99.9 -99.9 -99.9 -99.9 -99.9 -99.9 -99.9 -99.9 -99.9 -99.9 -99.9 -99.9 -99.9 -99.9 -99.9 -99.9
0.431909531354904 0.244368851184845 0.504096210002899 0.323616832494736 0.270120143890381 0.374518275260925 0.438443243503571 0.44801938533783 0.513614892959595 0.498146533966064 0.4911829829216 0.537842631340027 0.522665560245514 0.568732976913452 0.55668318271637 0.52760648727417 0.516201198101044 0.527635633945465 0.513479471206665 0.505325615406036 0.567444384098053 0.430040538311005 0.40990886092186 0.247408822178841 0.253939062356949 0.203202843666077 0.269948065280914 0.297196567058563 0.212942123413086 0.505859673023224 0.398110747337341 0.43518939614296 0.354569166898727 -99.9 -99.9 -99.9 -99.9 -99.9 -99.9 -99.9 -99.9 -99.9 -99.9 -99.9 -99.9 -99.9 -99.9 -99.9 -99.9 -99.9 -99.9 -99.9 -99.9 -99.9 -99.9 -99.9 -99.9 -99.9
0.220657125115395 0.332600027322769 0.372168153524399 0.412933498620987 0.42561012506485 0.503935635089874 0.493886321783066 0.500480115413666 0.522929430007935 0.579891681671143 0.532437086105347 0.371386349201202 -99.9 -99.9 -99.9 -99.9 -99.9 -99.9 -99.9 -99.9 0.344199508428574 0.451692909002304 0.279284238815308 0.375307977199554 0.411288172006607 0.328000515699387 0.272468745708466 0.282078236341476 0.246454954147339 0.381545037031174 0.337304681539536 0.517038643360138 0.308764308691025 0.227307930588722 0.233268171548843 0.473754405975342 0.295332103967667 0.332235455513 -99.9 -99.9 -99.9 -99.9 -99.9 -99.9 -99.9 -99.9 -99.9 -99.9 -99.9 -99.9 -99.9 -99.9 -99.9 -99.9 -99.9 -99.9 -99.9 -99.9
0.334899634122849 0.343227326869965 0.411404132843018 0.473575919866562 0.473400413990021 0.497112423181534 0.490809708833694 0.542914152145386 0.503846108913422 0.490144789218903 0.514627158641815 0.490980058908463 -99.9 -99.9 -99.9 -99.9 -99.9 -99.9 -99.9 0.434856981039047 0.466424018144608 0.435291469097137 0.430327713489532 0.206512853503227 0.263452053070068 0.490294516086578 0.225788161158562 0.259427219629288 0.25081279873848 0.249036565423012 0.388655841350555 0.363451570272446 0.194405779242516 0.172053471207619 0.194493904709816 0.148295685648918 0.143051311373711 0.170224085450172 0.272844403982162 0.142237916588783 0.141056030988693 -99.9 -99.9 -99.9 -99.9 -99.9 -99.9 -99.9 -99.9 -99.9 -99.9 -99.9 -99.9 -99.9 -99.9 -99.9 -99.9 -99.9
0.343496799468994 0.359546542167664 0.322210013866425 0.465155392885208 0.417891085147858 0.501876533031464 0.456774026155472 0.373731523752213 0.463970005512238 0.444652825593948 0.450727909803391 -99.9 -99.9 -99.9 -99.9 -99.9 -99.9 0.363944947719574 0.487565457820892 0.475675702095032 0.411873251199722 0.405358523130417 0.215085595846176 0.256011992692947 0.324216067790985 0.401440501213074 0.275878071784973 0.307695776224136 0.335680216550827 0.261344820261002 0.243984684348106 0.371190071105957 0.246667742729187 0.2621029317379 0.229406401515007 0.192292615771294 0.248381376266479 0.341654986143112 -99.9 -99.9 -99.9 -99.9 -99.9 -99.9 -99.9 -99.9 -99.9 -99.9 -99.9 -99.9 -99.9 -99.9 -99.9 -99.9 -99.9 -99.9 -99.9 -99.9
0.302528530359268 0.226399675011635 0.259699881076813 0.250919371843338 0.263593524694443 0.457134753465652 0.431194871664047 0.450037956237793 0.446175068616867 0.442739903926849 0.354708880186081 0.468474954366684 0.458049297332764 0.435347348451614 -99.9 -99.9 0.339717268943787 0.373546212911606 0.504534304141998 0.455815583467484 0.447949767112732 0.419532239437103 0.268486201763153 0.220636695623398 0.225285306572914 0.395289361476898 0.282551735639572 0.268440723419189 0.248319610953331 0.210245802998543 0.273433089256287 0.298042178153992 0.310082882642746 0.350494593381882 0.357897460460663 -99.9 -99.9 -99.9 -99.9 -99.9 -99.9 -99.9 -99.9 -99.9 -99.9 -99.9 -99.9 -99.9 -99.9 -99.9 -99.9 -99.9 -99.9 -99.9 -99.9 -99.9 -99.9 -99.9
-99.9 0.490574032068253 0.476259648799896 0.255175709724426 0.416017204523087 0.408536642789841 0.377360969781876 0.241501092910767 0.267002642154694 0.38539919257164 0.41314560174942 0.303552836179733 0.442724615335464 0.533048808574677 0.520823419094086 -99.9 -99.9 0.379850447177887 0.518166720867157 0.434610724449158 0.453555971384048 0.328819632530212 0.282793819904327 0.274153918027878 0.243510141968727 0.241424530744553 0.258834302425385 0.257198452949524 0.257356107234955 0.294692367315292 0.281524866819382 0.44229382276535 0.229873418807983 0.248557671904564 -99.9 -99.9 -99.9 -99.9 -99.9 -99.9 -99.9 -99.9 -99.9 -99.9 -99.9 -99.9 -99.9 -99.9 -99.9 -99.9 -99.9 -99.9 -99.9 -99.9 -99.9 -99.9 -99.9 -99.9
-99.9 -99.9 -99.9 0.335445791482925 0.249207064509392 0.228123143315315 0.356263071298599 0.21874912083149 0.258303642272949 0.251067489385605 0.230333432555199 0.466997087001801 0.425678163766861 0.527693688869476 -99.9 0.416981011629105 0.267113596200943 0.516076982021332 0.457653939723969 0.462160021066666 0.295861899852753 0.232625365257263 0.241322055459023 0.44747668504715 0.422046363353729 0.402585536241531 0.277017086744308 0.306982457637787 0.231654614210129 0.298946022987366 0.281940937042236 0.322285026311874 0.447575598955154 0.36223578453064 -99.9 -99.9 -99.9 -99.9 -99.9 -99.9 -99.9 -99.9 -99.9 -99.9 -99.9 -99.9 -99.9 -99.9 -99.9 -99.9 -99.9 -99.9 -99.9 -99.9 -99.9 -99.9 -99.9 -99.9
-99.9 -99.9 -99.9 -99.9 0.210199877619743 0.33681333065033 0.409932374954224 0.232105672359467 0.247911989688873 0.252784132957458 0.232887238264084 0.266014397144318 0.401369392871857 0.503851354122162 -99.9 -99.9 0.299560159444809 0.498013645410538 0.49933335185051 0.38694840669632 0.40091210603714 0.214283257722855 0.26238551735878 0.259610265493393 0.405675441026688 0.344438761472702 0.311492294073105 0.294041901826859 0.318396210670471 0.470475852489471 0.2280333340168 0.216711327433586 0.4045150578022 -99.9 -99.9 -99.9 -99.9 -99.9 -99.9 -99.9 -99.9 -99.9 -99.9 -99.9 -99.9 -99.9 -99.9 -99.9 -99.9 -99.9 -99.9 -99.9 -99.9 -99.9 -99.9 -99.9 -99.9 -99.9
0.45305997133255 -99.9 -99.9 -99.9 -99.9 -99.9 -99.9 0.257080763578415 0.327058255672455 0.237753704190254 0.311901330947876 0.276751548051834 0.227035194635391 0.44230580329895 0.455540984869003 -99.9 -99.9 0.528816282749176 0.313117384910583 0.47000190615654 0.245653212070465 0.266967475414276 0.219736978411674 0.299075037240982 0.220860227942467 0.392783880233765 0.294400453567505 0.441387861967087 0.255997568368912 0.295688927173615 0.237958610057831 0.272581428289413 -99.9 -99.9 -99.9 -99.9 -99.9 -99.9 -99.9 -99.9 -99.9 -99.9 -99.9 -99.9 -99.9 -99.9 -99.9 -99.9 -99.9 -99.9 -99.9 -99.9 -99.9 -99.9 -99.9 -99.9 -99.9 -99.9
0.31880196928978 0.263037472963333 0.324056774377823 0.340368509292603 -99.9 -99.9 -99.9 -99.9 -99.9 -99.9 0.15043106675148 0.335633724927902 0.220512300729752 0.45153221487999 0.516351878643036 0.509465634822845 0.482518762350082 0.502105355262756 0.497425973415375 0.467839062213898 0.244975551962852 0.293351620435715 0.258284479379654 0.260812938213348 0.258592665195465 0.267820060253143 0.271267682313919 0.306106477975845 0.446258872747421 0.320981681346893 0.292097121477127 -99.9 -99.9 -99.9 -99.9 -99.9 -99.9 -99.9 -99.9 -99.9 -99.9 -99.9 -99.9 -99.9 -99.9 -99.9 -99.9 -99.9 -99.9 -99.9 -99.9 -99.9 -99.9 -99.9 -99.9 -99.9 0.226653769612312 0.231729730963707
0.271688997745514 0.239387974143028 0.237211227416992 0.272621899843216 0.433630287647247 0.261286705732346 -99.9 -99.9 -99.9 -99.9 -99.9 0.137395724654198 0.273777157068253 0.355505257844925 0.505858957767487 0.558821260929108 0.51722252368927 0.537198722362518 0.481071978807449 0.442010968923569 0.336670488119125 0.3063884973526 0.249839007854462 0.168428853154182 0.260564684867859 0.364761412143707 0.408225893974304 0.324934035539627 0.267148822546005 -99.9 -99.9 -99.9 -99.9 -99.9 -99.9 -99.9 -99.9 -99.9 -99.9 -99.9 -99.9 -99.9 -99.9 -99.9 -99.9 -99.9 -99.9 -99.9 -99.9 -99.9 -99.9 -99.9 -99.9 -99.9 0.245949655771255 0.316302120685577 0.262765556573868 0.299626052379608
0.251565963029861 0.344874352216721 0.284650802612305 0.183572515845299 0.250006526708603 0.310044199228287 0.280045658349991 0.301739454269409 -99.9 -99.9 -99.9 -99.9 0.297913670539856 0.450769186019897 0.34314751625061 0.373547703027725 0.495845198631287 0.43647637963295 0.461658239364624 0.427986979484558 0.274042665958405 0.286637097597122 0.261712253093719 0.258374691009521 0.211919561028481 0.305364638566971 0.357995957136154 0.450379639863968 -99.9 -99.9 -99.9 -99.9 -99.9 -99.9 -99.9 -99.9 -99.9 -99.9 -99.9 -99.9 -99.9 -99.9 -99.9 -99.9 -99.9 -99.9 -99.9 -99.9 -99.9 -99.9 -99.9 0.326202690601349 0.40852215886116 0.264098167419434 0.364739388227463 0.499064654111862 0.295050412416458 0.489232242107391
0.351688534021378 0.451305896043777 0.264714509248734 0.1999421864748 0.145050853490829 0.246338054537773 0.344199120998383 -99.9 -99.9 -99.9 -99.9 -99.9 -99.9 0.338516026735306 0.243616342544556 0.347265988588333 0.312525987625122 0.427341759204865 0.383051753044128 0.406138151884079 0.277960658073425 0.44032496213913 0.317090779542923 0.333902299404144 0.236281245946884 0.443877816200256 0.174330949783325 -99.9 -99.9 -99.9 -99.9 -99.9 -99.9 -99.9 -99.9 -99.9 -99.9 -99.9 -99.9 -99.9 -99.9 -99.9 -99.9 -99.9 -99.9 -99.9 -99.9 -99.9 0.363765060901642 0.409056574106216 0.425851315259933 0.451526939868927 0.288136810064316 0.413176655769348 0.727600157260895 0.585746645927429 0.327335268259048 0.678838431835175
0.229530349373817 0.265305399894714 0.216356337070465 0.235125124454498 0.307555109262466 -99.9 -99.9 -99.9 -99.9 -99.9 -99.9 -99.9 -99.9 0.332755893468857 0.293336093425751 0.345032453536987 0.30803918838501 0.318836778402328 0.373416811227798 0.231221467256546 0.350920289754868 0.351746171712875 0.421556621789932 0.446984171867371 -99.9 -99.9 -99.9 -99.9 -99.9 -99.9 -99.9 -99.9 -99.9 -99.9 -99.9 -99.9 -99.9 -99.9 -99.9 -99.9 -99.9 -99.9 -99.9 -99.9 -99.9 0.293488949537277 0.534296035766602 0.298424780368805 0.435078263282776 0.4012211561203 0.349502772092819 0.379926085472107 0.396376252174377 0.378299325704575 0.812543392181396 0.622762084007263 0.534453153610229 0.526224315166473
0.332735806703568 0.350080758333206 -99.9 -99.9 -99.9 -99.9 -99.9 -99.9 -99.9 -99.9 -99.9 -99.9 -99.9 -99.9 0.370188325643539 0.264076322317123 0.28702101111412 0.411994904279709 0.40861189365387 0.433369994163513 0.38003271818161 0.27914696931839 -99.9 -99.9 -99.9 -99.9 -99.9 -99.9 -99.9 -99.9 -99.9 -99.9 -99.9 -99.9 -99.9 -99.9 -99.9 -99.9 -99.9 -99.9 -99.9 -99.9 -99.9 0.253435909748077 0.24309429526329 0.274928778409958 0.310669779777527 0.342840313911438 0.402299612760544 0.36827763915062 0.522390365600586 0.323732912540436 0.299761980772018 0.499188035726547 0.711832761764526 0.495761781930923 0.484843254089355 0.589637756347656
0.301941812038422 -99.9 -99.9 -99.9 -99.9 -99.9 -99.9 -99.9 -99.9 -99.9 -99.9 -99.9 -99.9 -99.9 -99.9 0.490504890680313 0.424671232700348 0.39033117890358 0.323594957590103 0.328736543655396 0.421864211559296 0.455263942480087 0.320745408535004 -99.9 -99.9 -99.9 -99.9 -99.9 -99.9 -99.9 -99.9 -99.9 -99.9 -99.9 -99.9 -99.9 -99.9 -99.9 -99.9 -99.9 -99.9 0.297228246927261 0.282715678215027 0.274338603019714 0.263200968503952 0.265438497066498 0.307786673307419 0.368865311145782 0.40839546918869 0.322985380887985 0.420627564191818 0.194458216428757 0.190670147538185 0.171819686889648 0.603232800960541 0.653542041778564 0.926608681678772 0.718834280967712
0.34465765953064 -99.9 -99.9 -99.9 -99.9 -99.9 -99.9 -99.9 -99.9 -99.9 -99.9 -99.9 -99.9 -99.9 -99.9 -99.9 -99.9 -99.9 0.31942293047905 0.235515922307968 0.274771630764008 0.326220542192459 0.46807187795639 -99.9 -99.9 -99.9 -99.9 -99.9 -99.9 -99.9 -99.9 -99.9 -99.9 -99.9 -99.9 -99.9 -99.9 0.451439291238785 0.331026017665863 0.294428288936615 0.284111499786377 0.269230395555496 0.238390773534775 0.257444709539413 0.310333162546158 0.251786679029465 0.229317098855972 0.233238607645035 0.209376156330109 0.190011769533157 0.349064141511917 0.18794521689415 0.133061811327934 0.506933331489563 0.787223339080811 0.675711572170258 1.36087560653687 0.98197728395462
-99.9 -99.9 -99.9 -99.9 -99.9 -99.9 -99.9 -99.9 -99.9 -99.9 -99.9 -99.9 -99.9 -99.9 -99.9 -99.9 -99.9 -99.9 -99.9 -99.9 -99.9 -99.9 -99.9 -99.9 -99.9 -99.9 -99.9 -99.9 -99.9 -99.9 -99.9 -99.9 -99.9 -99.9 -99.9 0.510126829147339 0.451398521661758 0.467233180999756 0.401838302612305 0.401514500379562 0.496714442968369 0.366846770048141 0.403711229562759 0.516816973686218 0.444342166185379 0.273287981748581 0.2080447524786 0.233809024095535 0.188642680644989 0.284938186407089 0.398057013750076 0.262743771076202 0.451551854610443 0.992691516876221 1.08164858818054 0.834488332271576 -99.9 0.425628751516342
-99.9 -99.9 -99.9 -99.9 -99.9 -99.9 -99.9 -99.9 -99.9 -99.9 -99.9 -99.9 -99.9 -99.9 -99.9 -99.9 -99.9 -99.9 -99.9 -99.9 -99.9 -99.9 -99.9 -99.9 -99.9 -99.9 -99.9 -99.9 -99.9 -99.9 -99.9 -99.9 -99.9 0.49551722407341 0.361000418663025 0.440479338169098 0.33181694149971 0.359529674053192 0.350857317447662 0.503786265850067 0.311116814613342 0.502166211605072 0.543178677558899 0.58631956577301 0.300074577331543 0.245513007044792 0.278232395648956 0.288123548030853 1.42615938186646 0.638540625572205 0.483849078416824 0.311628103256226 0.382678359746933 1.25470960140228 0.694612383842468 1.05815136432648 0.568996071815491 0.491388887166977
-99.9 -99.9 -99.9 -99.9 -99.9 -99.9 -99.9 -99.9 -99.9 -99.9 -99.9 0.266548961400986 0.424218237400055 -99.9 -99.9 -99.9 -99.9 -99.9 -99.9 -99.9 -99.9 -99.9 -99.9 -99.9 -99.9 -99.9 -99.9 -99.9 -99.9 -99.9 0.358761608600616 0.5035759806633 0.421256929636002 0.249793738126755 0.36231255531311 0.276196151971817 0.271542638540268 0.272369980812073 0.344236642122269 0.479219198226929 0.52392441034317 0.79646098613739 0.52053689956665 0.331059098243713 0.262077122926712 0.713589489459991 1.09959244728088 0.79505056142807 0.898761570453644 0.676661431789398 0.562061846256256 0.772892594337463 0.553433120250702 0.863949775695801 0.452977925539017 0.392751514911652 0.308099418878555 0.188713133335114
-99.9 -99.9 -99.9 -99.9 -99.9 -99.9 -99.9 -99.9 -99.9 -99.9 -99.9 -99.9 -99.9 -99.9 -99.9 -99.9 -99.9 0.25717630982399 0.500413000583649 -99.9 -99.9 -99.9 -99.9 -99.9 -99.9 -99.9 -99.9 -99.9 0.418386161327362 0.388285398483276 0.2872014939785 0.284741371870041 0.284684121608734 0.285511463880539 0.286338806152344 0.287166148424149 0.287993490695953 0.288820832967758 0.289648175239563 0.498766362667084 0.375040173530579 0.406976014375687 0.365780264139175 0.439695477485657 0.844632267951965 0.949847817420959 0.867655575275421 1.10111606121063 0.941832065582275 0.767443716526031 0.649848580360413 0.336308181285858 0.726454079151154 0.84954845905304 0.722459316253662 0.489285737276077 0.455274313688278 0.535337626934052
-99.9 -99.9 -99.9 -99.9 -99.9 -99.9 -99.9 -99.9 -99.9 -99.9 -99.9 -99.9 -99.9 -99.9 -99.9 -99.9 -99.9 -99.9 0.466358721256256 0.410479992628098 0.454962283372879 0.441696971654892 0.41734179854393 -99.9 -99.9 0.41996756196022 0.440508872270584 0.454594135284424 0.40671044588089 0.378231018781662 0.335334897041321 0.313216924667358 0.310756832361221 0.308296710252762 0.305836617946625 0.303617000579834 0.304444342851639 0.305271685123444 0.306099027395248 0.368602484464645 0.293474048376083 0.344538658857346 0.470977872610092 0.687509655952454 1.29022622108459 1.0547798871994 0.913294732570648 1.00287187099457 0.870655953884125 0.732141613960266 0.605523943901062 0.777884185314178 0.816601455211639 0.625065505504608 0.403487592935562 0.463355332612991 0.583903312683105 0.622600793838501
-99.9 -99.9 -99.9 -99.9 -99.9 -99.9 -99.9 -99.9 -99.9 -99.9 -99.9 -99.9 -99.9 -99.9 -99.9 -99.9 -99.9 0.348088592290878 0.354738771915436 0.34269905090332 0.442078530788422 0.445384293794632 0.455005288124084 0.522539258003235 0.511017501354218 0.577041327953339 0.626986920833588 0.501732647418976 0.446042686700821 0.517942190170288 0.42072394490242 0.341692477464676 0.339232355356216 0.336772263050079 0.334312170743942 0.331852048635483 0.329391956329346 0.326931864023209 0.324471771717072 0.352087646722794 0.47852686047554 0.604966044425964 0.731405258178711 0.868235051631927 1.40801048278809 0.848398745059967 0.63313502073288 0.996012091636658 0.956007361412048 0.842101693153381 0.598516762256622 0.617569386959076 0.684611439704895 0.44425168633461 0.420417487621307 0.562876403331757 0.554117202758789 0.72871857881546
