fish_book/data/sediment/Wilson_et_al_2017_data_files_asc/SandPercent.asc
NCOLS 200
NROWS 150
XLLCORNER -16
YLLCORNER 44
CELLSIZE 0.125
NODATA_VALUE -99.9
[rows 0 to 25 of 150, columns 59 to 117 of 200]
-99.9 -99.9 -99.9 -99.9 -99.9 72.8121337890625 69.4250335693359 74.8657302856445 67.5952835083008 68.0698547363281 64.165901184082 69.5686874389648 69.9444427490234 71.9812622070312 74.9126663208008 75.4549865722656 74.8805999755859 70.2813186645508 77.2113265991211 60.4432792663574 61.580078125 57.4511566162109 56.9883003234863 58.0678215026855 -99.9 -99.9 -99.9 -99.9 -99.9 -99.9 -99.9 -99.9 -99.9 -99.9 -99.9 -99.9 -99.9 -99.9 -99.9 -99.9 -99.9 -99.9 -99.9 -99.9 -99.9 -99.9 -99.9 -99.9 -99.9 -99.9 -99.9 -99.9 -99.9 -99.9 -99.9 -99.9 -99.9 -99.9 -99.9
73.3924942016602 70.2159423828125 71.6208801269531 74.5580062866211 74.929443359375 83.9764022827148 85.6455078125 83.3795623779297 87.8107986450195 76.2190093994141 76.0810089111328 68.3464813232422 69.0992889404297 77.8087921142578 75.5402603149414 77.4691696166992 74.6826858520508 75.6065216064453 77.8613815307617 84.7004165649414 81.5178985595703 69.6151809692383 70.9024200439453 60.9718284606934 66.1411514282227 65.5461349487305 67.2510528564453 65.0642471313477 -99.9 -99.9 -99.9 -99.9 -99.9 -99.9 -99.9 -99.9 -99.9 -99.9 -99.9 -99.9 -99.9 -99.9 -99.9 -99.9 -99.9 -99.9 -99.9 -99.9 -99.9 -99.9 -99.9 -99.9 -99.9 -99.9 -99.9 -99.9 -99.9 -99.9 -99.9
74.3554000854492 71.2766189575195 75.1853942871094 84.8859558105469 86.9740524291992 76.4894027709961 69.721435546875 54.4217300415039 41.4197082519531 43.1532402038574 42.3814544677734 38.073486328125 45.1640930175781 51.0133628845215 54.7451515197754 49.5083923339844 52.9884796142578 51.1048393249512 43.4942245483398 46.3366317749023 76.2194976806641 82.2001419067383 82.8648910522461 84.8930435180664 80.8127822875977 77.0082321166992 83.1825637817383 68.5624923706055 72.2592620849609 68.707649230957 71.4004440307617 64.4978179931641 -99.9 -99.9 -99.9 -99.9 -99.9 -99.9 -99.9 -99.9 -99.9 -99.9 -99.9 -99.9 -99.9 -99.9 -99.9 -99.9 -99.9 -99.9 -99.9 -99.9 -99.9 -99.9 -99.9 -99.9 -99.9 -99.9 -99.9
83.3782730102539 87.9657516479492 83.662727355957 83.3156433105469 70.9859619140625 57.747917175293 55.8337097167969 49.6913909912109 42.1875686645508 42.0519790649414 50.3280067443848 -99.9 -99.9 -99.9 -99.9 -99.9 -99.9 -99.9 -99.9 49.2235260009766 69.9344787597656 74.0665130615234 85.6047439575195 73.336799621582 75.8687591552734 73.7841110229492 84.7697219848633 82.888542175293 71.098030090332 86.3212890625 71.91943359375 66.8720321655273 63.8437385559082 63.1249885559082 71.7287826538086 75.2792053222656 59.1269378662109 -99.9 -99.9 -99.9 -99.9 -99.9 -99.9 -99.9 -99.9 -99.9 -99.9 -99.9 -99.9 -99.9 -99.9 -99.9 -99.9 -99.9 -99.9 -99.9 -99.9 -99.9 -99.9
89.3657836914062 83.8801727294922 69.1162338256836 59.9277267456055 58.2835273742676 58.3230438232422 52.0006256103516 48.0354270935059 48.2470474243164 54.2229957580566 57.1700477600098 -99.9 -99.9 -99.9 -99.9 -99.9 -99.9 -99.9 60.9110870361328 61.7675704956055 67.6421203613281 82.3802947998047 77.6459808349609 80.3181838989258 72.2610931396484 87.4652099609375 84.7334365844727 82.1413116455078 78.8011322021484 74.58056640625 75.0685882568359 51.6423950195312 46.5101318359375 67.3138732910156 68.3756637573242 68.9945526123047 64.0183334350586 54.6500663757324 41.207763671875 40.3615837097168 -99.9 -99.9 -99.9 -99.9 -99.9 -99.9 -99.9 -99.9 -99.9 -99.9 -99.9 -99.9 -99.9 -99.9 -99.9 -99.9 -99.9 -99.9 -99.9
84.6860809326172 85.7775497436523 80.8331069946289 78.0370330810547 70.5267028808594 66.2192077636719 52.7616119384766 59.6968955993652 60.038501739502 62.9263000488281 -99.9 -99.9 -99.9 -99.9 -99.9 -99.9 64.6588439941406 57.6404571533203 68.3801116943359 75.0512390136719 84.0596313476562 77.6537094116211 80.7189102172852 73.5989151000977 69.0838317871094 83.3988723754883 86.0827789306641 80.4587707519531 84.4785690307617 82.2425994873047 73.5258636474609 80.7144088745117 69.6119613647461 60.1255798339844 72.6110610961914 57.8214836120605 72.3930282592773 -99.9 -99.9 -99.9 -99.9 -99.9 -99.9 -99.9 -99.9 -99.9 -99.9 -99.9 -99.9 -99.9 -99.9 -99.9 -99.9 -99.9 -99.9 -99.9 -99.9 -99.9 -99.9
80.6879425048828 84.2479705810547 82.6124877929688 80.3705215454102 81.6653137207031 77.2254943847656 77.50634765625 77.7856979370117 75.5978012084961 77.2710952758789 70.2611236572266 71.1067810058594 64.9317092895508 -99.9 -99.9 52.8841514587402 54.5240936279297 56.3893394470215 68.9965438842773 86.3603057861328 81.8786849975586 82.5028686523438 79.792610168457 80.8165893554688 79.9983825683594 86.5990447998047 81.131233215332 82.4733428955078 79.1140365600586 74.2456588745117 75.5716857910156 73.4710311889648 73.6079635620117 71.5935897827148 -99.9 -99.9 -99.9 -99.9 -99.9 -99.9 -99.9 -99.9 -99.9 -99.9 -99.9 -99.9 -99.9 -99.9 -99.9 -99.9 -99.9 -99.9 -99.9 -99.9 -99.9 -99.9 -99.9 -99.9 -99.9
70.2612075805664 70.1411056518555 85.1575469970703 82.4434967041016 78.5977935791016 84.7140274047852 82.4593276977539 84.5929794311523 84.483283996582 83.2136993408203 73.3993911743164 74.078010559082 54.2451438903809 54.7269287109375 -99.9 -99.9 45.0227661132812 51.392936706543 65.7115936279297 74.7043991088867 85.5473022460938 73.1348266601562 77.9560165405273 80.9141540527344 85.9366683959961 79.5448760986328 79.5697402954102 81.6396789550781 74.5063934326172 74.5131683349609 72.556510925293 80.8014907836914 54.7845458984375 -99.9 -99.9 -99.9 -99.9 -99.9 -99.9 -99.9 -99.9 -99.9 -99.9 -99.9 -99.9 -99.9 -99.9 -99.9 -99.9 -99.9 -99.9 -99.9 -99.9 -99.9 -99.9 -99.9 -99.9 -99.9 -99.9
-99.9 -99.9 75.6398086547852 75.8858795166016 86.662353515625 64.5698318481445 79.0171890258789 74.4316177368164 83.2031860351562 79.6262435913086 80.9054489135742 77.4028778076172 54.3407287597656 -99.9 54.2220878601074 49.2920379638672 47.6169548034668 59.8398017883301 79.3884582519531 65.1887435913086 81.6022338867188 76.9308547973633 69.4266052246094 78.6355895996094 82.5544357299805 76.7444076538086 85.2598724365234 80.4769134521484 58.182991027832 73.8911361694336 75.6565628051758 70.6771545410156 61.1086044311523 -99.9 -99.9 -99.9 -99.9 -99.9 -99.9 -99.9 -99.9 -99.9 -99.9 -99.9 -99.9 -99.9 -99.9 -99.9 -99.9 -99.9 -99.9 -99.9 -99.9 -99.9 -99.9 -99.9 -99.9 -99.9 -99.9
-99.9 -99.9 -99.9 47.9881820678711 72.9033508300781 83.5675277709961 80.3409118652344 84.780647277832 80.3603897094727 84.1385498046875 78.929931640625 79.3893203735352 56.6215476989746 -99.9 -99.9 52.4019165039062 58.8330574035645 70.6611328125 52.139518737793 73.6724243164062 79.9060363769531 84.1142044067383 84.5467147827148 83.50146484375 79.7250061035156 83.2593078613281 58.5354156494141 73.9782333374023 70.6841049194336 69.7523803710938 78.061767578125 69.4240798950195 -99.9 -99.9 -99.9 -99.9 -99.9 -99.9 -99.9 -99.9 -99.9 -99.9 -99.9 -99.9 -99.9 -99.9 -99.9 -99.9 -99.9 -99.9 -99.9 -99.9 -99.9 -99.9 -99.9 -99.9 -99.9 -99.9 97.6448974609375
-99.9 -99.9 -99.9 -99.9 -99.9 -99.9 64.4674453735352 57.2208061218262 49.9073066711426 63.4085731506348 71.841194152832 80.5683517456055 75.3651351928711 59.8002128601074 -99.9 -99.9 54.551513671875 65.5854187011719 71.781005859375 62.8563919067383 81.3655700683594 80.6568069458008 85.4948501586914 80.3062133789062 81.8437347412109 82.9020843505859 81.6075439453125 76.8481140136719 56.7515335083008 47.7866439819336 73.36767578125 -99.9 -99.9 -99.9 -99.9 -99.9 -99.9 -99.9 -99.9 -99.9 -99.9 -99.9 -99.9 -99.9 -99.9 -99.9 -99.9 -99.9 -99.9 -99.9 -99.9 -99.9 -99.9 -99.9 -99.9 -99.9 -99.9 95.0691375732422 97.8543853759766
76.9036407470703 65.8757019042969 73.2975158691406 -99.9 -99.9 -99.9 -99.9 -99.9 -99.9 48.1274032592773 64.804328918457 78.9820404052734 75.0101699829102 55.6211280822754 51.7049980163574 44.6470260620117 49.5760459899902 59.1075820922852 79.9551544189453 82.3921051025391 84.595588684082 86.0757141113281 84.6127014160156 86.0344619750977 82.6940078735352 82.5064468383789 75.1853790283203 81.6689987182617 73.2409439086914 73.6871185302734 -99.9 -99.9 -99.9 -99.9 -99.9 -99.9 -99.9 -99.9 -99.9 -99.9 -99.9 -99.9 -99.9 -99.9 -99.9 -99.9 -99.9 -99.9 -99.9 -99.9 -99.9 -99.9 -99.9 -99.9 -99.9 96.6578903198242 97.3689498901367 97.7638473510742 98.5650939941406
81.7240295410156 83.1394653320312 74.9796752929688 73.1874771118164 69.7279510498047 -99.9 -99.9 -99.9 -99.9 -99.9 51.3265762329102 63.6919059753418 83.9260787963867 71.3808898925781 48.7006607055664 52.6126937866211 51.9810752868652 61.4003601074219 76.1143188476562 80.8696975708008 74.9554138183594 80.7848434448242 69.1954345703125 85.2282104492188 84.4037551879883 83.3045425415039 80.3990783691406 66.368408203125 -99.9 -99.9 -99.9 -99.9 -99.9 -99.9 -99.9 -99.9 -99.9 -99.9 -99.9 -99.9 -99.9 -99.9 -99.9 -99.9 -99.9 -99.9 -99.9 -99.9 -99.9 -99.9 -99.9 -99.9 -99.9 83.2723541259766 76.8117370605469 97.2571792602539 97.2959442138672 97.9959564208984 98.3791961669922
75.1518859863281 76.0793075561523 69.4348831176758 84.4005355834961 56.8702201843262 76.1321182250977 65.3735122680664 -99.9 -99.9 -99.9 -99.9 57.3368835449219 64.7880630493164 81.1014099121094 80.5818786621094 70.2220306396484 64.3433990478516 73.1592025756836 82.7429504394531 85.7010345458984 74.9481887817383 79.0941696166992 78.9973068237305 79.1250534057617 81.585319519043 74.998176574707 79.5332260131836 -99.9 -99.9 -99.9 -99.9 -99.9 -99.9 -99.9 -99.9 -99.9 -99.9 -99.9 -99.9 -99.9 -99.9 -99.9 -99.9 -99.9 -99.9 -99.9 -99.9 -99.9 -99.9 -99.9 81.0425491333008 76.9157485961914 77.3537673950195 80.7487411499023 96.8514862060547 96.8642044067383 97.0508728027344 95.3791732788086 91.4557113647461
69.8390579223633 79.9308319091797 80.6143646240234 46.6561470031738 82.8918075561523 74.1650314331055 -99.9 -99.9 -99.9 -99.9 -99.9 -99.9 67.8571319580078 79.6920776367188 88.2891082763672 83.5568923950195 79.0017929077148 85.0202255249023 83.5634918212891 81.1992950439453 82.1736221313477 74.9055709838867 76.9514389038086 43.4607200622559 79.969123840332 50.2757225036621 -99.9 -99.9 -99.9 -99.9 -99.9 -99.9 -99.9 -99.9 -99.9 -99.9 -99.9 -99.9 -99.9 -99.9 -99.9 -99.9 -99.9 -99.9 -99.9 -99.9 -99.9 65.1278305053711 70.6539840698242 80.1911468505859 77.608528137207 82.3129196166992 88.5954513549805 85.4830017089844 85.0427474975586 93.5595626831055 88.4014053344727 72.1465148925781 74.1373672485352
77.8858795166016 78.7912673950195 81.576530456543 75.7540435791016 -99.9 -99.9 -99.9 -99.9 -99.9 -99.9 -99.9 -99.9 65.3083801269531 81.343994140625 83.6223068237305 83.8915100097656 82.17724609375 87.3656005859375 80.9224090576172 81.7987594604492 76.043083190918 74.9893646240234 74.4992294311523 -99.9 -99.9 -99.9 -99.9 -99.9 -99.9 -99.9 -99.9 -99.9 -99.9 -99.9 -99.9 -99.9 -99.9 -99.9 -99.9 -99.9 -99.9 -99.9 -99.9 -99.9 67.0800476074219 53.0566596984863 74.3987045288086 82.8644027709961 93.5397644042969 90.672248840332 87.5936660766602 75.0066757202148 68.0690383911133 37.2734222412109 46.7511177062988 76.1625213623047 53.0152282714844 53.5407791137695 82.0808868408203
76.8825988769531 -99.9 -99.9 -99.9 -99.9 -99.9 -99.9 -99.9 -99.9 -99.9 -99.9 -99.9 -99.9 72.5720367431641 82.6022644042969 84.3595809936523 83.4442749023438 82.7103729248047 83.0144271850586 77.3141250610352 73.2984237670898 -99.9 -99.9 -99.9 -99.9 -99.9 -99.9 -99.9 -99.9 -99.9 -99.9 -99.9 -99.9 -99.9 -99.9 -99.9 -99.9 -99.9 -99.9 -99.9 -99.9 -99.9 68.9224319458008 72.217170715332 76.2083358764648 78.7308349609375 71.0451049804688 69.2866439819336 94.8155517578125 78.5217361450195 94.4768524169922 91.5469818115234 59.9189567565918 69.3830184936523 83.3958206176758 90.0836029052734 72.5812530517578 79.0997924804688 85.8166885375977
-99.9 -99.9 -99.9 -99.9 -99.9 -99.9 -99.9 -99.9 -99.9 -99.9 -99.9 -99.9 -99.9 -99.9 72.2811050415039 77.6781997680664 82.4735336303711 84.1948089599609 81.2436065673828 72.6323089599609 72.0199584960938 67.6485824584961 -99.9 -99.9 -99.9 -99.9 -99.9 -99.9 -99.9 -99.9 -99.9 -99.9 -99.9 -99.9 -99.9 -99.9 -99.9 -99.9 -99.9 -99.9 75.767692565918 79.1423110961914 84.8039245605469 79.2532043457031 84.3843002319336 91.3073043823242 63.0239486694336 70.3885040283203 86.1565780639648 79.7501602172852 87.3632736206055 89.5023345947266 89.8968353271484 94.0631561279297 43.265323638916 84.3605728149414 91.9053344726562 -99.9 -99.9
-99.9 -99.9 -99.9 -99.9 -99.9 -99.9 -99.9 -99.9 -99.9 -99.9 -99.9 -99.9 -99.9 -99.9 -99.9 -99.9 -99.9 67.0071411132812 77.5740661621094 73.2991104125977 71.8216857910156 70.2478408813477 -99.9 -99.9 -99.9 -99.9 -99.9 -99.9 -99.9 -99.9 -99.9 -99.9 -99.9 -99.9 -99.9 -99.9 69.4808807373047 71.5359039306641 75.6322402954102 82.1177215576172 85.672966003418 89.6404495239258 93.7992553710938 76.8973922729492 92.5925903320312 98.533576965332 97.7351226806641 93.2776641845703 72.4196166992188 73.6956329345703 95.8919677734375 91.3741607666016 87.8417663574219 95.9239196777344 76.0646286010742 76.4153900146484 75.6295547485352 -99.9 -99.9
-99.9 -99.9 -99.9 -99.9 -99.9 -99.9 -99.9 -99.9 -99.9 -99.9 -99.9 -99.9 -99.9 -99.9 -99.9 -99.9 -99.9 -99.9 -99.9 -99.9 -99.9 -99.9 -99.9 -99.9 -99.9 -99.9 -99.9 -99.9 -99.9 -99.9 -99.9 -99.9 -99.9 -99.9 70.9671173095703 74.4407501220703 73.6507339477539 65.9917831420898 81.3320083618164 58.6203422546387 78.7076873779297 75.5014724731445 91.802375793457 90.5096817016602 94.8451309204102 97.4690475463867 95.3975830078125 93.9412384033203 89.9793548583984 94.4982604980469 98.2723236083984 96.2429885864258 69.5291900634766 52.6664123535156 43.1693954467773 -99.9 77.4678039550781 -99.9 -99.9
-99.9 -99.9 -99.9 -99.9 -99.9 -99.9 -99.9 -99.9 -99.9 -99.9 -99.9 -99.9 -99.9 -99.9 -99.9 -99.9 -99.9 -99.9 -99.9 -99.9 -99.9 -99.9 -99.9 -99.9 -99.9 -99.9 -99.9 -99.9 -99.9 -99.9 -99.9 -99.9 68.8448791503906 71.0179748535156 80.1690216064453 82.568733215332 87.3019714355469 85.7516021728516 95.0261306762695 91.2616653442383 88.3280868530273 79.0028533935547 88.4320068359375 86.3752288818359 92.2008819580078 92.8780899047852 82.4996871948242 71.2865829467773 81.6112518310547 92.0466995239258 94.5297546386719 86.8279266357422 50.9801712036133 44.7430686950684 72.0296173095703 85.2800827026367 76.6802291870117 -99.9 -99.9
-99.9 -99.9 -99.9 -99.9 -99.9 -99.9 -99.9 -99.9 -99.9 -99.9 48.2093086242676 72.2930145263672 -99.9 -99.9 -99.9 -99.9 -99.9 -99.9 -99.9 -99.9 -99.9 -99.9 -99.9 -99.9 -99.9 -99.9 -99.9 -99.9 -99.9 64.1122894287109 71.8112487792969 76.8848419189453 79.5056686401367 86.1814651489258 88.7917709350586 83.5890502929688 98.2885971069336 94.1319808959961 88.6441802978516 75.9454650878906 75.424690246582 79.005859375 92.2338943481445 91.5268936157227 73.8147430419922 63.1978950500488 63.8321533203125 74.3274841308594 78.1708145141602 78.9345169067383 87.7148895263672 85.3200454711914 78.6620941162109 78.2696380615234 86.4564208984375 94.129753112793 91.2849960327148 68.2123107910156 -99.9
-99.9 -99.9 -99.9 -99.9 -99.9 -99.9 -99.9 -99.9 -99.9 -99.9 -99.9 -99.9 -99.9 -99.9 -99.9 -99.9 74.6962890625 56.8625030517578 -99.9 -99.9 -99.9 -99.9 -99.9 -99.9 -99.9 -99.9 -99.9 75.756233215332 89.7998657226562 90.3480529785156 75.949592590332 76.2159118652344 85.9969329833984 90.6041412353516 93.5763626098633 88.9084014892578 84.3313903808594 89.5680084228516 88.1780700683594 73.5877380371094 74.8750915527344 81.4137725830078 84.4637603759766 55.2583160400391 69.5384140014648 66.7475814819336 73.9663238525391 82.7475357055664 79.8220977783203 84.6647567749023 85.3927536010742 86.9043273925781 83.8671875 83.9142913818359 90.5634536743164 91.6116638183594 81.4272155761719 65.0316467285156 -99.9
-99.9 -99.9 -99.9 -99.9 -99.9 -99.9 -99.9 -99.9 -99.9 -99.9 -99.9 -99.9 -99.9 -99.9 -99.9 -99.9 -99.9 81.0170593261719 75.8434143066406 66.7442245483398 69.4341812133789 73.9347534179688 -99.9 -99.9 82.9316482543945 84.1635284423828 86.2336578369141 89.6456527709961 93.8809356689453 93.5019454956055 88.8699111938477 66.7306594848633 72.0032653808594 85.7431106567383 80.6535720825195 70.52392578125 83.5329437255859 90.0728225708008 85.9350814819336 83.1956100463867 71.6270904541016 86.4399261474609 78.3633804321289 52.2305450439453 64.9394073486328 65.5905685424805 72.5669326782227 79.5217132568359 76.1763763427734 84.8561172485352 73.1928024291992 85.1017761230469 81.6784515380859 85.0324020385742 87.8437805175781 86.4425964355469 72.3804626464844 64.0676803588867 46.6752243041992
-99.9 -99.9 -99.9 -99.9 -99.9 -99.9 -99.9 -99.9 -99.9 -99.9 -99.9 -99.9 -99.9 -99.9 -99.9 -99.9 72.2817687988281 87.0442504882812 89.7733535766602 76.0258026123047 83.5518493652344 85.3083572387695 66.7276077270508 78.7869567871094 77.0410995483398 70.2555847167969 88.9136276245117 90.5117492675781 84.9127578735352 84.776123046875 75.6695938110352 55.4844207763672 50.4680862426758 65.5021133422852 50.8831939697266 61.9257392883301 89.6059951782227 70.1031494140625 77.7932662963867 44.8641777038574 64.4748611450195 92.0193634033203 69.7516098022461 76.6525497436523 77.5368270874023 60.2366523742676 68.1983184814453 67.9161529541016 79.793083190918 74.515739440918 56.5207633972168 65.3178253173828 91.1487426757812 81.9709930419922 85.1512222290039 77.8136367797852 55.6283798217773 43.4359245300293 70.1497573852539
-99.9 -99.9 -99.9 -99.9 -99.9 -99.9 -99.9 -99.9 -99.9 -99.9 -99.9 -99.9 -99.9 -99.9 -99.9 -99.9 73.3059616088867 89.4897308349609 96.4579162597656 82.6753082275391 62.008716583252 74.7230682373047 85.500129699707 48.1742782592773 46.3711776733398 73.0096664428711 81.220100402832 93.2899551391602 97.7956619262695 85.234619140625 72.4081420898438 65.9607772827148 54.1567497253418 44.4471015930176 63.1458396911621 81.8091049194336 97.3053283691406 71.9052276611328 84.193962097168 85.5991058349609 83.2690124511719 80.6287155151367 60.4272041320801 74.5440216064453 57.869010925293 57.7553596496582 60.7759475708008 58.062915802002 77.9392623901367 60.0349235534668 50.8587265014648 58.147102355957 75.9685134887695 69.1800765991211 76.385124206543 70.7247085571289 44.5169639587402 47.7868232727051 84.0126037597656
