fish_book/data/sediment/Wilson_et_al_2017_data_files_asc/SandPercent.asc
NCOLS 200
NROWS 150
XLLCORNER -16
YLLCORNER 44
CELLSIZE 0.125
NODATA_VALUE -99.9
[rows 0 to 25 of 150, columns 118 to 176 of 200]
-99.9 -99.9 -99.9 -99.9 -99.9 -99.9 -99.9 -99.9 -99.9 -99.9 -99.9 -99.9 -99.9 -99.9 -99.9 -99.9 -99.9 -99.9 -99.9 -99.9 -99.9 -99.9 -99.9 -99.9 -99.9 -99.9 -99.9 -99.9 -99.9 -99.9 -99.9 -99.9 -99.9 -99.9 -99.9 -99.9 -99.9 -99.9 -99.9 -99.9 -99.9 -99.9 -99.9 -99.9 -99.9 -99.9 -99.9 -99.9 -99.9 -99.9 -99.9 -99.9 -99.9 -99.9 -99.9 -99.9 -99.9 -99.9 -99.9
-99.9 -99.9 -99.9 -99.9 -99.9 -99.9 -99.9 -99.9 -99.9 -99.9 -99.9 -99.9 -99.9 -99.9 -99.9 -99.9 -99.9 -99.9 -99.9 -99.9 -99.9 -99.9 -99.9 -99.9 -99.9 -99.9 -99.9 -99.9 -99.9 -99.9 -99.9 -99.9 -99.9 -99.9 -99.9 -99.9 -99.9 -99.9 -99.9 -99.9 -99.9 -99.9 -99.9 -99.9 -99.9 -99.9 -99.9 -99.9 -99.9 -99.9 -99.9 -99.9 -99.9 -99.9 -99.9 -99.9 -99.9 -99.9 -99.9
-99.9 -99.9 -99.9 -99.9 -99.9 -99.9 -99.9 -99.9 -99.9 -99.9 -99.9 -99.9 -99.9 -99.9 -99.9 -99.9 -99.9 -99.9 -99.9 -99.9 -99.9 -99.9 -99.9 -99.9 -99.9 -99.9 -99.9 -99.9 -99.9 -99.9 -99.9 -99.9 -99.9 -99.9 -99.9 -99.9 -99.9 -99.9 -99.9 -99.9 -99.9 -99.9 -99.9 -99.9 -99.9 -99.9 -99.9 -99.9 -99.9 -99.9 -99.9 -99.9 -99.9 -99.9 -99.9 -99.9 -99.9 -99.9 -99.9
-99.9 -99.9 -99.9 -99.9 -99.9 -99.9 -99.9 -99.9 -99.9 -99.9 -99.9 -99.9 -99.9 -99.9 -99.9 -99.9 -99.9 -99.9 -99.9 -99.9 -99.9 -99.9 -99.9 -99.9 -99.9 -99.9 -99.9 -99.9 -99.9 -99.9 -99.9 -99.9 -99.9 -99.9 -99.9 -99.9 -99.9 -99.9 -99.9 -99.9 -99.9 -99.9 -99.9 -99.9 -99.9 -99.9 -99.9 -99.9 -99.9 -99.9 -99.9 -99.9 -99.9 -99.9 -99.9 -99.9 -99.9 -99.9 -99.9
-99.9 -99.9 -99.9 -99.9 -99.9 -99.9 -99.9 -99.9 -99.9 -99.9 -99.9 -99.9 -99.9 -99.9 -99.9 -99.9 -99.9 -99.9 -99.9 -99.9 -99.9 -99.9 -99.9 -99.9 -99.9 -99.9 -99.9 -99.9 -99.9 -99.9 -99.9 -99.9 -99.9 -99.9 -99.9 -99.9 -99.9 -99.9 -99.9 -99.9 -99.9 -99.9 -99.9 -99.9 -99.9 -99.9 -99.9 -99.9 -99.9 -99.9 -99.9 -99.9 -99.9 -99.9 -99.9 -99.9 -99.9 -99.9 -99.9
-99.9 -99.9 -99.9 -99.9 -99.9 -99.9 -99.9 -99.9 -99.9 -99.9 -99.9 -99.9 -99.9 -99.9 -99.9 -99.9 -99.9 -99.9 -99.9 -99.9 -99.9 -99.9 -99.9 -99.9 -99.9 -99.9 -99.9 -99.9 -99.9 -99.9 -99.9 -99.9 -99.9 -99.9 -99.9 -99.9 -99.9 -99.9 -99.9 -99.9 -99.9 -99.9 -99.9 -99.9 -99.9 -99.9 -99.9 -99.9 -99.9 -99.9 -99.9 -99.9 -99.9 -99.9 -99.9 -99.9 -99.9 -99.9 -99.9
-99.9 -99.9 -99.9 -99.9 62.427677154541 73.0458145141602 82.9626235961914 75.3914108276367 77.6150054931641 75.2737503051758 83.5409317016602 84.6074981689453 85.9555587768555 84.6921005249023 90.6549530029297 96.6954879760742 94.336540222168 94.1896667480469 94.8845825195312 94.7234573364258 90.2403793334961 86.7162475585938 50.0133247375488 39.0012168884277 41.966064453125 46.7404403686523 38.868335723877 43.9377670288086 42.728931427002 37.7878646850586 38.2306213378906 34.0453491210938 36.9275932312012 37.1341819763184 37.0144653320312 32.0613479614258 35.4433975219727 34.6613845825195 40.2967758178711 53.0409774780273 74.2149200439453 75.7127532958984 75.9632110595703 64.7755889892578 65.0949325561523 64.4715270996094 55.2450103759766 53.9280281066895 56.9494895935059 -99.9 -99.9 -99.9 -99.9 -99.9 -99.9 -99.9 -99.9 -99.9 -99.9
-99.9 -99.9 73.9811172485352 76.7223281860352 67.9645080566406 79.2341918945312 76.5399856567383 95.8843765258789 95.6425552368164 93.2255706787109 96.3044738769531 95.6451644897461 94.9050064086914 92.5477676391602 90.2774963378906 92.287956237793 88.3340606689453 90.1103668212891 93.0786209106445 95.9455108642578 95.8880004882812 91.3558502197266 70.3234024047852 50.1355628967285 39.1916885375977 37.0464935302734 38.9142799377441 40.0082168579102 40.8674278259277 36.6160087585449 36.0092353820801 40.9382057189941 35.9966278076172 40.2637481689453 35.6475372314453 33.7393417358398 37.9924240112305 33.9470329284668 36.8662185668945 54.2483367919922 56.4592399597168 67.8991088867188 74.2920303344727 65.9818344116211 63.3616676330566 57.6958198547363 55.705078125 46.9765472412109 -99.9 -99.9 -99.9 -99.9 -99.9 -99.9 -99.9 -99.9 -99.9 -99.9 -99.9
60.7512168884277 68.3699417114258 79.1296920776367 76.7252960205078 71.0212326049805 81.4442901611328 96.9588851928711 96.7443389892578 96.3159103393555 96.7814407348633 96.5728225708008 93.9039916992188 92.0772476196289 91.9659118652344 91.9193725585938 94.9434204101562 89.4992218017578 90.495491027832 91.2989501953125 93.766716003418 95.2557678222656 95.3736114501953 94.1992874145508 73.1272583007812 61.1012001037598 49.160099029541 37.0372772216797 47.1603584289551 40.8403205871582 42.0550651550293 37.3930397033691 34.473014831543 34.3669281005859 36.1643753051758 31.6136264801025 34.7612457275391 30.52370262146 33.1917495727539 32.4255905151367 31.2657356262207 46.4432487487793 41.8068084716797 57.7740249633789 74.9433441162109 76.3720474243164 52.3873023986816 55.1160659790039 44.3794403076172 -99.9 -99.9 -99.9 -99.9 -99.9 -99.9 -99.9 -99.9 -99.9 -99.9 -99.9
77.6880874633789 75.5029830932617 82.7194061279297 79.8863143920898 78.9324111938477 81.896110534668 97.8298187255859 97.6828918457031 97.1785049438477 96.7709732055664 95.2433547973633 95.087028503418 94.6254348754883 94.2910385131836 94.0968170166016 94.7981491088867 93.0637283325195 91.1068801879883 93.2509918212891 92.1781005859375 95.1681671142578 95.6597595214844 92.967887878418 78.2925872802734 84.3401107788086 70.5890884399414 70.3826751708984 49.3109931945801 44.0718955993652 41.8301048278809 40.2526588439941 36.8392295837402 32.5529174804688 34.4726982116699 34.8433265686035 26.4156665802002 26.0413703918457 28.2926025390625 36.1832389831543 29.4003963470459 33.5966339111328 52.8486938476562 49.989315032959 54.553279876709 56.4739379882812 59.7838363647461 51.026481628418 -99.9 -99.9 -99.9 -99.9 -99.9 -99.9 -99.9 -99.9 -99.9 -99.9 -99.9 -99.9
98.8032989501953 83.5193862915039 81.3719787597656 86.8764801025391 82.69482421875 98.8476715087891 98.7007522583008 98.553825378418 98.3280410766602 97.4658966064453 97.2358169555664 97.0813064575195 96.6146774291992 95.7488174438477 95.3073501586914 94.777473449707 92.8847045898438 93.5675430297852 92.9701461791992 91.4298477172852 94.1462783813477 96.4704284667969 95.2053375244141 91.0328750610352 89.2152252197266 80.1186370849609 85.7357711791992 89.9071960449219 70.3526611328125 48.0708694458008 65.7009353637695 55.1840591430664 37.4516983032227 25.2076683044434 23.2321128845215 21.3720378875732 22.0405941009521 26.8687992095947 20.6309757232666 23.7835006713867 28.806324005127 27.1858291625977 30.3331565856934 49.6699371337891 52.1472816467285 64.9069442749023 57.5596656799316 41.0949440002441 56.4328308105469 43.3466606140137 -99.9 -99.9 -99.9 -99.9 -99.9 -99.9 -99.9 -99.9 -99.9
98.8476486206055 99.0961990356445 99.4758529663086 98.5162353515625 98.8332366943359 99.3760757446289 99.3588714599609 99.2900772094727 99.2073822021484 98.6584701538086 97.4726943969727 96.7400207519531 97.3492965698242 96.4445266723633 95.9737701416016 95.8945159912109 95.1064758300781 93.4433212280273 92.780029296875 89.1933975219727 91.6328201293945 94.6632766723633 96.8718643188477 97.2565231323242 93.900260925293 93.9876098632812 96.0864562988281 97.1399459838867 96.3517608642578 89.1070251464844 78.6468505859375 68.1299743652344 51.7610206604004 26.7599411010742 18.1884841918945 16.3284091949463 18.2737789154053 24.9471702575684 19.4788799285889 23.911828994751 19.9895801544189 21.7681045532227 22.166036605835 47.653133392334 52.8535614013672 53.5774078369141 55.3358573913574 -99.9 49.5288734436035 -99.9 -99.9 -99.9 -99.9 -99.9 -99.9 -99.9 -99.9 -99.9 -99.9
98.5413665771484 98.3678665161133 98.5914535522461 97.9668579101562 94.9768753051758 95.1847534179688 97.218391418457 98.5151214599609 98.3435897827148 95.6444396972656 96.7038116455078 96.920539855957 97.192138671875 95.4974670410156 94.289436340332 95.4820938110352 92.4798965454102 92.0972747802734 92.3469161987305 89.9365997314453 89.4630432128906 90.155143737793 91.4451675415039 93.6067199707031 95.2726364135742 96.1070709228516 96.1509017944336 96.3831558227539 96.664665222168 96.3363342285156 91.1981658935547 81.0758895874023 66.2975921630859 40.1306343078613 16.914680480957 11.2847805023193 14.8141136169434 22.5176258087158 26.1820888519287 22.7031230926514 50.1054229736328 22.2812614440918 25.0192203521729 42.9374656677246 47.3077201843262 56.9224662780762 62.0258293151855 -99.9 -99.9 -99.9 -99.9 -99.9 -99.9 -99.9 -99.9 -99.9 -99.9 -99.9 -99.9
95.1409301757812 96.5596313476562 95.828727722168 94.136100769043 96.0931777954102 92.3136444091797 91.0186920166016 96.3423614501953 96.7918395996094 92.171142578125 96.9446029663086 96.0586166381836 96.3526840209961 97.2326889038086 96.6871337890625 97.0824813842773 95.743782043457 93.5119323730469 92.2018127441406 89.2805404663086 87.5904769897461 87.5606384277344 88.2396392822266 91.3894195556641 94.2487564086914 95.0305023193359 95.2604827880859 95.5742416381836 95.8880004882812 95.9957504272461 95.8341217041016 92.7835845947266 80.671028137207 55.1625137329102 28.3832321166992 8.21533107757568 11.4086170196533 19.5814266204834 33.6104507446289 21.3111476898193 24.8260612487793 25.7958202362061 46.5591659545898 29.5096263885498 41.3404159545898 50.9620399475098 48.0337944030762 -99.9 -99.9 -99.9 -99.9 -99.9 -99.9 -99.9 -99.9 -99.9 -99.9 -99.9 -99.9
79.7547760009766 90.5131530761719 69.5746688842773 41.0999183654785 71.3820114135742 85.3017120361328 89.8177642822266 91.9832534790039 93.283317565918 92.9924621582031 95.6974716186523 95.3429565429688 94.1495895385742 91.0043029785156 95.7148895263672 97.3307876586914 96.0107192993164 92.1952667236328 95.2967910766602 91.0558471679688 86.6609725952148 84.8069152832031 88.4683380126953 92.5229949951172 94.6254730224609 94.3299407958984 94.4956970214844 94.7653350830078 95.0790939331055 95.3279647827148 95.2355499267578 95.0907135009766 92.5658187866211 74.6327056884766 49.5460433959961 24.6510276794434 11.9586114883423 19.2736854553223 30.1418857574463 28.8320846557617 17.7404956817627 17.3167304992676 22.1977424621582 28.6294536590576 30.7340660095215 51.0593528747559 52.017463684082 60.026683807373 -99.9 -99.9 -99.9 -99.9 -99.9 -99.9 -99.9 -99.9 -99.9 -99.9 -99.9
81.3313140869141 63.9970741271973 -99.9 -99.9 51.8480453491211 88.4875869750977 95.3574676513672 90.5115737915039 59.5647048950195 89.2535018920898 95.5779571533203 91.8920593261719 95.4221115112305 87.9894256591797 93.5635452270508 95.5285568237305 95.1838836669922 89.1889495849609 85.9404602050781 86.0356063842773 85.8466644287109 82.7830505371094 79.9641876220703 92.1565475463867 88.0911407470703 93.7574462890625 94.2248687744141 94.2686462402344 94.3773498535156 94.5901336669922 94.6796188354492 95.3053894042969 94.7027587890625 91.4813690185547 80.8610000610352 56.3117713928223 30.5350894927979 21.5293884277344 33.476188659668 20.7782440185547 16.8971176147461 16.9674510955811 27.8781051635742 29.3954772949219 45.3928909301758 40.3563117980957 55.6876792907715 57.3476181030273 -99.9 -99.9 -99.9 -99.9 -99.9 -99.9 -99.9 -99.9 -99.9 -99.9 -99.9
94.1633224487305 -99.9 -99.9 79.7199935913086 86.8951034545898 96.0035781860352 94.2986068725586 93.0186614990234 77.2072067260742 91.6676254272461 95.4663772583008 89.3622589111328 94.8424072265625 92.5591278076172 93.4158782958984 95.6135940551758 92.0820236206055 84.7727279663086 83.269401550293 80.4780883789062 82.3138809204102 78.989143371582 70.4010391235352 73.8513031005859 79.8124160766602 76.5282440185547 93.1082000732422 91.1644897460938 89.0312423706055 91.1644515991211 95.3688201904297 96.6897277832031 94.5283660888672 90.3244705200195 86.616828918457 69.5499572753906 50.9726524353027 35.6097183227539 26.4761562347412 40.3438568115234 19.9670791625977 25.984281539917 29.2797908782959 27.8614902496338 35.4448547363281 31.6577415466309 43.3937110900879 51.6447067260742 56.0722579956055 -99.9 -99.9 -99.9 -99.9 -99.9 -99.9 -99.9 -99.9 -99.9 -99.9
-99.9 -99.9 70.146240234375 75.9640426635742 88.5535888671875 89.3705749511719 85.5973129272461 88.1617050170898 81.275993347168 93.5944671630859 97.1534042358398 93.4364013671875 89.0514450073242 91.7428665161133 92.6756820678711 95.9894943237305 91.6102600097656 91.1011581420898 88.4718627929688 88.9965209960938 90.4280471801758 95.2051010131836 92.4905700683594 87.5616989135742 92.6688690185547 92.415657043457 76.0012512207031 74.1860961914062 82.2649459838867 91.2222061157227 96.8437728881836 97.6597366333008 94.7719955444336 92.2674560546875 90.5637817382812 87.6928863525391 78.4917144775391 64.0319671630859 28.6523113250732 18.2163543701172 24.416524887085 16.3710460662842 28.1532688140869 33.120719909668 27.6962223052979 40.6555328369141 37.5664253234863 50.7466087341309 -99.9 -99.9 -99.9 -99.9 -99.9 -99.9 -99.9 -99.9 -99.9 -99.9 -99.9
-99.9 -99.9 79.4552688598633 84.3113327026367 64.4070587158203 92.8815841674805 86.1322860717773 88.5372314453125 95.3197937011719 96.5455169677734 95.7273330688477 94.1854858398438 91.2597885131836 92.6942291259766 96.9707794189453 93.5706787109375 92.6612930297852 83.7828216552734 63.2057495117188 71.0667037963867 72.0606155395508 84.4619293212891 96.6492614746094 98.4839401245117 98.5236129760742 98.6923751831055 85.4858474731445 79.9964370727539 85.8974533081055 93.3545379638672 98.070198059082 98.4135971069336 97.8856887817383 96.8953018188477 95.4198684692383 93.7113189697266 92.0027618408203 87.79736328125 30.6474895477295 16.4184379577637 7.72567129135132 4.70373964309692 10.7834272384644 26.2809524536133 23.3763408660889 38.9558219909668 45.0216636657715 45.2373847961426 52.8856239318848 -99.9 -99.9 -99.9 -99.9 -99.9 -99.9 -99.9 -99.9 -99.9 -99.9
-99.9 78.8502044677734 91.6703643798828 91.5836563110352 76.5405654907227 85.0829772949219 80.3402938842773 96.2409896850586 94.184196472168 91.3446884155273 86.570671081543 87.8311080932617 86.7654342651367 92.5721817016602 91.8007736206055 82.160758972168 78.4797592163086 57.9873733520508 50.0798721313477 71.4010391235352 82.4977493286133 87.8545150756836 97.2268981933594 98.9927520751953 98.6357498168945 99.2936172485352 94.4994049072266 91.0918579101562 94.1002883911133 96.2927169799805 96.4705505371094 95.6400604248047 94.7765808105469 94.2533721923828 93.8451538085938 92.1429748535156 86.4829788208008 66.413444519043 25.5174121856689 18.8784732818604 11.9331521987915 5.43166971206665 13.3674154281616 22.9692077636719 36.8778343200684 45.9702224731445 41.5411834716797 51.9816665649414 45.7159996032715 -99.9 -99.9 -99.9 -99.9 -99.9 -99.9 -99.9 -99.9 -99.9 -99.9
-99.9 78.4241790771484 86.735595703125 87.4920349121094 84.5168228149414 80.6905059814453 93.7278518676758 92.7802276611328 90.020881652832 94.567626953125 87.5065078735352 76.843132019043 90.5535888671875 95.3636245727539 86.1994400024414 81.9513244628906 82.5777359008789 87.3861541748047 75.6755218505859 76.4561538696289 92.1637573242188 97.585090637207 99.0531768798828 99.1953887939453 99.1535339355469 98.701301574707 95.6026916503906 91.4697418212891 92.6244125366211 94.0113143920898 94.1161804199219 93.4160079956055 92.7158355712891 91.6230316162109 90.2997665405273 80.8796463012695 59.1408233642578 37.2636947631836 32.5654182434082 28.5056076049805 14.7894039154053 5.55042791366577 13.0134315490723 23.5290012359619 37.2238426208496 42.9844207763672 26.0625667572021 47.8612213134766 45.2528266906738 58.0221481323242 -99.9 44.3905601501465 -99.9 -99.9 -99.9 -99.9 -99.9 -99.9 37.0707778930664
82.1565093994141 85.2276611328125 85.6873397827148 93.7812042236328 91.412109375 93.495964050293 77.0058288574219 90.8987197875977 86.8874893188477 91.9872970581055 83.9385833740234 72.3233795166016 85.6499862670898 96.3537521362305 96.1295013427734 90.1508941650391 96.4454650878906 96.0143280029297 91.0705795288086 88.2261047363281 96.8203430175781 99.5043411254883 99.0490341186523 99.1652679443359 99.1415557861328 99.2086791992188 95.8879089355469 91.1093978881836 90.2495193481445 91.6365966796875 91.7419815063477 91.0418167114258 90.3416442871094 90.1291351318359 91.0821533203125 80.1155242919922 55.9843711853027 33.1610832214355 40.6151580810547 33.0452842712402 16.6091499328613 5.69673633575439 12.9742460250854 24.1715641021729 37.3448371887207 39.3661193847656 34.5877456665039 49.8135948181152 36.1361923217773 55.289421081543 -99.9 -99.9 55.508960723877 -99.9 -99.9 -99.9 -99.9 33.9705581665039 -99.9
68.0738830566406 94.8144683837891 96.1391983032227 93.8134002685547 94.4488296508789 92.4613418579102 94.133918762207 87.8805770874023 95.4958114624023 91.9397811889648 85.4506378173828 78.2121887207031 81.119026184082 94.964599609375 95.0679016113281 91.066780090332 90.1743469238281 92.8587417602539 91.1004943847656 95.7297973632812 94.6791915893555 98.0272521972656 98.5343856811523 98.1335601806641 98.8357238769531 98.5296173095703 96.6824188232422 92.376350402832 88.6051635742188 89.3637313842773 89.367790222168 88.8347854614258 89.346565246582 90.690185546875 92.09326171875 86.1742324829102 62.8352127075195 45.7045402526855 38.0395202636719 33.898509979248 18.4288940429688 6.08237171173096 13.307204246521 24.8861865997314 36.6373176574707 35.7478141784668 31.0529003143311 48.7696189880371 51.7515182495117 53.8375282287598 47.1584091186523 -99.9 -99.9 -99.9 -99.9 -99.9 -99.9 -99.9 -99.9
85.7061614990234 92.8978958129883 96.4344177246094 97.0286407470703 96.5215911865234 92.3299942016602 91.6578598022461 94.6429824829102 88.1750717163086 87.9237823486328 77.0419311523438 79.1135787963867 89.2078552246094 88.4277267456055 80.883659362793 84.1348342895508 88.9412841796875 91.6183776855469 89.2068557739258 94.8280258178711 97.9756393432617 97.4307022094727 95.3189697265625 96.9188232421875 97.7836608886719 84.8241729736328 94.5006484985352 92.6287384033203 88.8052520751953 87.1391906738281 87.7422332763672 88.895133972168 90.298210144043 91.701286315918 93.104362487793 91.2228317260742 82.0730133056641 68.8681945800781 23.1397800445557 21.6184177398682 17.6861419677734 6.82221174240112 13.9649848937988 25.6165218353271 35.1190338134766 32.129508972168 27.4730453491211 25.1437110900879 48.0524520874023 51.3777122497559 -99.9 -99.9 -99.9 -99.9 -99.9 -99.9 -99.9 -99.9 -99.9
84.4570617675781 97.0831146240234 92.7677993774414 97.0925750732422 96.3371810913086 90.9365844726562 93.0110168457031 91.21923828125 85.0029373168945 78.9439239501953 74.000862121582 75.0742492675781 79.8339462280273 75.3048553466797 73.168586730957 83.8035583496094 86.357666015625 86.7366561889648 95.1128768920898 97.3691864013672 98.2700958251953 97.0997695922852 95.0147094726562 91.1410522460938 86.9972839355469 85.2078704833984 90.6234359741211 91.6189575195312 87.8879928588867 86.6772766113281 89.0733261108398 90.5907974243164 91.9995269775391 93.4082565307617 94.7576217651367 91.5869445800781 76.6439208984375 60.4486923217773 19.4180107116699 13.3531827926636 9.91037178039551 11.547679901123 21.8608264923096 31.7008266448975 33.2999687194824 28.8156394958496 24.0659141540527 20.7612323760986 22.5996170043945 25.6850547790527 45.8934097290039 -99.9 -99.9 -99.9 -99.9 -99.9 -99.9 -99.9 -99.9
85.8180618286133 97.0247039794922 98.1779937744141 96.8220367431641 92.0086364746094 92.2564239501953 91.8006286621094 90.9529876708984 75.2555084228516 73.4055709838867 66.7339859008789 68.1055297851562 83.3823165893555 69.9263076782227 71.1404495239258 75.5742950439453 85.0206909179688 92.8069534301758 97.1514129638672 98.5483169555664 92.3256683349609 94.1345291137695 93.7330017089844 89.6727752685547 83.992805480957 82.7440872192383 90.5004806518555 89.1474533081055 84.6178894042969 86.3536071777344 89.3839263916016 92.6851425170898 94.4383697509766 95.8470993041992 93.2329254150391 82.9485015869141 78.3053817749023 47.7808380126953 19.5857048034668 20.8135528564453 29.7344779968262 38.552734375 40.8070755004883 36.1450233459473 31.100118637085 26.2540740966797 19.9774265289307 13.8951892852783 15.0244026184082 49.9808692932129 61.0715217590332 44.0047492980957 -99.9 -99.9 -99.9 -99.9 -99.9 -99.9 -99.9
