fish_book/data/sediment/Wilson_et_al_2017_data_files_asc/SandPercent.asc
NCOLS 200
NROWS 150
XLLCORNER -16
YLLCORNER 44
CELLSIZE 0.125
NODATA_VALUE -99.9
[rows 104 to 129 of 150, columns 59 to 117 of 200]
85.919921875 81.3626861572266 86.6133193969727 85.042724609375 89.8906097412109 84.6006774902344 80.6231994628906 82.3163299560547 76.2727203369141 80.5663757324219 76.9290084838867 83.2801895141602 82.5378570556641 89.17333984375 82.3666229248047 71.8981399536133 96.8853607177734 86.8567886352539 71.3526458740234 83.0724105834961 72.3119735717773 71.4331970214844 70.9955139160156 71.9625854492188 67.8616714477539 53.7394828796387 59.4997253417969 37.5158920288086 61.6625938415527 75.9386672973633 61.0957527160645 61.0263252258301 64.2192764282227 60.6079635620117 63.110481262207 61.8633804321289 63.9731788635254 57.3712387084961 68.1654815673828 72.5318908691406 68.9518890380859 72.567741394043 72.377799987793 69.3703231811523 76.5083465576172 80.1741943359375 83.0780029296875 61.5558891296387 63.748664855957 45.3446159362793 34.5193023681641 49.8515548706055 44.1553955078125 -99.9 -99.9 -99.9 71.9301223754883 -99.9 -99.9
92.6345901489258 91.0617370605469 91.2765502929688 92.6579055786133 89.7822418212891 91.7365493774414 94.1167602539062 91.5591354370117 92.737174987793 79.0129013061523 91.4722900390625 92.9719772338867 93.9931564331055 94.54296875 91.5415191650391 91.0210418701172 91.4793014526367 92.8284225463867 91.1312484741211 85.8544235229492 83.6123428344727 73.4808731079102 78.7694320678711 67.3468246459961 72.3712005615234 68.6591186523438 55.1782684326172 41.5685043334961 53.2994613647461 68.5925216674805 59.6341094970703 56.1252861022949 51.0960998535156 62.5683479309082 56.0898017883301 63.0348739624023 65.4850616455078 62.8710556030273 72.9605560302734 68.4115524291992 60.5364265441895 70.2128067016602 76.9391326904297 86.3023147583008 84.4146347045898 65.7412414550781 46.1614151000977 39.1507339477539 44.8276329040527 42.1832084655762 46.6042976379395 30.3677139282227 42.5860977172852 48.988452911377 -99.9 -99.9 -99.9 -99.9 -99.9
93.3890838623047 93.0074691772461 95.3959350585938 92.9400482177734 84.7794723510742 93.3203048706055 92.4215316772461 84.6279754638672 90.4904251098633 90.3668594360352 88.6421508789062 87.0951232910156 93.1096343994141 90.9762496948242 91.7506484985352 91.2842483520508 92.0028076171875 93.6373062133789 96.2252807617188 93.1673965454102 90.5904541015625 80.515625 68.7379531860352 68.8422164916992 69.3608703613281 70.4105606079102 64.2272033691406 61.4883766174316 57.9976806640625 55.4011383056641 54.2738151550293 47.9722061157227 52.2266120910645 53.7857933044434 59.8899192810059 63.1976203918457 54.7351837158203 60.5136032104492 53.4038925170898 67.2570037841797 72.6684341430664 76.8883361816406 77.6392135620117 79.5334625244141 73.2638778686523 67.4535598754883 41.8243865966797 73.9864883422852 -99.9 45.9779968261719 43.3189239501953 37.6891403198242 51.258056640625 68.6958389282227 -99.9 -99.9 -99.9 -99.9 -99.9
92.4394454956055 94.5763092041016 90.9906158447266 78.1837539672852 91.8173904418945 92.1512832641602 88.8583602905273 70.2634506225586 86.0619277954102 79.5848693847656 79.9551315307617 73.7524795532227 83.4042739868164 86.9171371459961 93.5243988037109 93.4863739013672 91.6410140991211 93.3072128295898 95.6697006225586 92.9105529785156 88.3346481323242 86.480712890625 83.6809921264648 73.6697311401367 75.5458984375 69.4534606933594 69.751579284668 40.1271705627441 53.8018493652344 61.6011428833008 53.1398963928223 55.1231269836426 63.385311126709 60.2206802368164 48.1907234191895 59.0289192199707 48.2868232727051 53.7519073486328 53.313404083252 53.4036445617676 50.7984962463379 83.4374160766602 82.1577606201172 47.5657081604004 48.4802627563477 38.0637092590332 38.1717796325684 30.69655418396 49.1251411437988 40.3321418762207 39.2046127319336 38.6949348449707 34.0964279174805 63.5158386230469 58.1291007995605 -99.9 -99.9 -99.9 -99.9
90.6633148193359 95.2523803710938 92.2779998779297 89.8820724487305 94.2408218383789 85.7348785400391 89.5036849975586 86.3946990966797 82.0916213989258 80.0815963745117 86.6659088134766 71.0289306640625 77.2687606811523 85.8844146728516 90.5835723876953 91.9241104125977 85.7931518554688 91.4944076538086 92.1793975830078 84.4830627441406 75.8948440551758 76.3894958496094 76.0161056518555 67.1899108886719 64.1933212280273 64.6841049194336 67.2035369873047 53.8995399475098 46.4255447387695 67.482421875 51.1081962585449 58.2256965637207 55.2509841918945 47.3929443359375 50.5369834899902 53.8106460571289 54.582820892334 53.644229888916 48.4892387390137 48.0776863098145 46.4525375366211 61.2474594116211 47.1569442749023 72.2241592407227 43.9219169616699 31.8451728820801 39.7730255126953 25.9440097808838 35.9415168762207 49.3024826049805 51.1719703674316 -99.9 -99.9 42.0167541503906 51.2289657592773 69.259880065918 -99.9 -99.9 -99.9
93.2636642456055 93.3716354370117 89.6386947631836 91.346076965332 91.5441589355469 92.1365432739258 87.24755859375 77.3454818725586 90.0713348388672 85.3967742919922 87.5413284301758 82.1149826049805 84.0753631591797 83.8033065795898 82.2186431884766 74.8404693603516 82.5252075195312 84.1564788818359 80.9234313964844 81.5348434448242 80.876220703125 77.6946792602539 61.1804351806641 64.2104263305664 59.829948425293 56.6217193603516 54.3552932739258 53.0994834899902 58.4293632507324 49.051830291748 56.8813018798828 54.9628562927246 52.2901763916016 51.138843536377 50.8278846740723 49.4926071166992 48.9308547973633 47.4870223999023 48.8530464172363 41.887638092041 37.8662376403809 39.4841232299805 32.9524002075195 30.5158824920654 29.5871677398682 31.7806186676025 40.4836044311523 27.2643737792969 42.3511657714844 40.5862464904785 30.3305473327637 29.6304054260254 25.0124244689941 63.8192977905273 51.5198020935059 56.4158554077148 -99.9 -99.9 -99.9
95.4116287231445 93.5164337158203 92.2497940063477 89.3097534179688 90.6950378417969 91.7409210205078 87.5830993652344 82.3172607421875 89.4011459350586 83.5964508056641 80.3221893310547 79.7083587646484 88.2490234375 82.5046844482422 79.4495239257812 87.2842864990234 82.9097366333008 82.1360931396484 81.8717956542969 78.2929763793945 76.071403503418 66.9885787963867 61.1052360534668 65.906494140625 58.7843399047852 57.8143920898438 55.0911140441895 51.6896324157715 53.1578407287598 48.0284156799316 50.8546295166016 56.4889984130859 47.3888969421387 45.8065757751465 43.7122421264648 43.7573471069336 46.6816291809082 45.3479461669922 45.1302490234375 38.196102142334 33.9120712280273 42.7557945251465 46.7690849304199 53.4981498718262 46.8618240356445 43.9701347351074 41.5934982299805 35.3915863037109 30.8854598999023 50.4082717895508 31.0788841247559 65.0284805297852 77.0090026855469 76.5114288330078 47.0384407043457 66.7515640258789 -99.9 -99.9 -99.9
94.7333831787109 92.1769866943359 93.0045013427734 90.8100128173828 85.7529983520508 87.9081039428711 83.9092330932617 85.7494506835938 86.7855758666992 84.916389465332 84.9451141357422 86.0323181152344 88.6863403320312 86.8813934326172 86.5157699584961 80.3450164794922 84.9651031494141 82.6610870361328 82.4354934692383 81.4247741699219 69.7040405273438 64.6429977416992 62.3121070861816 63.1057243347168 60.8176498413086 55.1206855773926 50.7834587097168 48.1721229553223 52.9135856628418 49.7656936645508 38.8409652709961 55.6778602600098 45.7435760498047 38.7477531433105 45.5311317443848 47.1192779541016 44.2005958557129 46.9748992919922 60.3502082824707 71.3676376342773 -99.9 -99.9 -99.9 -99.9 -99.9 45.5401382446289 47.2366905212402 37.9644813537598 31.1229305267334 28.8844814300537 33.7882194519043 27.6150321960449 26.6320877075195 27.2147617340088 47.3603363037109 46.853401184082 -99.9 -99.9 -99.9
93.0304794311523 91.5338897705078 91.6023559570312 86.4720611572266 88.9321441650391 87.9568634033203 79.8819961547852 87.5738830566406 76.9054107666016 85.0050354003906 85.7264404296875 87.4194259643555 85.9456329345703 81.9692230224609 86.1971817016602 86.2176742553711 84.8641586303711 83.5641326904297 84.8137435913086 69.4382476806641 66.0757904052734 59.7432670593262 63.6735038757324 60.3635139465332 54.2091255187988 60.2119750976562 46.3197402954102 41.9151496887207 40.9963989257812 48.3866233825684 39.7915344238281 46.575927734375 44.5537376403809 47.7524108886719 67.6425170898438 -99.9 -99.9 -99.9 -99.9 -99.9 -99.9 -99.9 -99.9 -99.9 -99.9 -99.9 73.8317489624023 62.805305480957 80.5820236206055 62.7792549133301 -99.9 52.7494163513184 56.227123260498 -99.9 48.3410263061523 54.7040023803711 -99.9 -99.9 -99.9
92.9265899658203 90.5029067993164 91.0121994018555 86.9066619873047 90.3653335571289 87.5893020629883 86.6884002685547 87.422721862793 87.7584457397461 85.3772201538086 79.7395782470703 87.4340133666992 86.5238723754883 88.3546447753906 88.3649444580078 83.6266632080078 76.3550567626953 73.1056518554688 81.9668502807617 76.6383743286133 66.129020690918 59.792049407959 51.0356101989746 57.371452331543 48.1642723083496 42.1476173400879 49.5298500061035 43.2973022460938 53.423511505127 49.7183380126953 49.2616386413574 -99.9 -99.9 -99.9 -99.9 -99.9 -99.9 -99.9 -99.9 -99.9 -99.9 -99.9 -99.9 -99.9 -99.9 -99.9 -99.9 -99.9 -99.9 -99.9 -99.9 -99.9 -99.9 -99.9 -99.9 -99.9 -99.9 -99.9 -99.9
90.4005508422852 86.7637023925781 84.8249740600586 85.7280426025391 84.9519500732422 87.2082290649414 87.5206527709961 89.770622253418 89.8258209228516 84.4884338378906 87.481071472168 89.8528594970703 88.9841232299805 83.1930923461914 80.3371963500977 69.5495681762695 68.8777923583984 58.6830177307129 66.2981262207031 68.7579193115234 61.5322532653809 60.4675331115723 70.6973495483398 59.9147148132324 69.8323593139648 48.6360092163086 53.9318084716797 54.9531593322754 49.6459999084473 50.939079284668 48.4410743713379 -99.9 -99.9 -99.9 -99.9 -99.9 -99.9 -99.9 -99.9 -99.9 -99.9 -99.9 -99.9 -99.9 -99.9 -99.9 -99.9 -99.9 -99.9 -99.9 -99.9 -99.9 -99.9 -99.9 -99.9 -99.9 -99.9 -99.9 -99.9
75.3761520385742 78.0164413452148 75.7817459106445 75.4893798828125 85.4108505249023 82.9908065795898 85.4251556396484 87.6009292602539 87.8850250244141 87.9284133911133 85.510986328125 89.4295349121094 86.5773620605469 83.3512878417969 82.5934143066406 76.4027481079102 69.9258117675781 62.7325325012207 59.7825660705566 58.9655151367188 41.8115653991699 43.8455390930176 53.2412414550781 74.4635543823242 76.8221206665039 76.8127136230469 63.9755249023438 62.5522232055664 64.3515396118164 55.5642318725586 49.404899597168 52.6331558227539 -99.9 -99.9 -99.9 -99.9 -99.9 -99.9 -99.9 -99.9 -99.9 -99.9 -99.9 -99.9 -99.9 -99.9 -99.9 -99.9 -99.9 -99.9 -99.9 -99.9 -99.9 -99.9 -99.9 -99.9 -99.9 -99.9 -99.9
78.4959945678711 70.3254852294922 76.9903030395508 72.9914169311523 76.5615005493164 79.7765960693359 76.5973205566406 86.0377197265625 87.5787200927734 87.7734985351562 89.1939086914062 88.3204040527344 89.0973434448242 85.8417510986328 87.5920715332031 82.1979751586914 80.5890274047852 78.7171859741211 69.8564147949219 68.6154937744141 41.3807830810547 44.6814308166504 51.227668762207 62.7006454467773 66.9006118774414 67.4821090698242 57.1613693237305 68.6688842773438 59.5897407531738 66.2247695922852 54.5246505737305 56.0981407165527 57.5117835998535 -99.9 -99.9 -99.9 -99.9 -99.9 -99.9 -99.9 -99.9 -99.9 -99.9 -99.9 -99.9 -99.9 -99.9 -99.9 -99.9 -99.9 -99.9 -99.9 -99.9 -99.9 -99.9 -99.9 -99.9 -99.9 -99.9
-99.9 -99.9 -99.9 72.2414398193359 75.1787185668945 71.9938278198242 74.6758880615234 76.1319885253906 86.5913314819336 87.1839752197266 88.9198608398438 88.9096145629883 83.9598007202148 84.2836380004883 80.1071166992188 84.6775894165039 81.3286895751953 85.2121963500977 86.3428497314453 82.2172317504883 64.2027282714844 60.7497177124023 66.8024444580078 76.1166839599609 68.4999847412109 69.1186904907227 69.2245788574219 61.7738227844238 62.2460861206055 48.3945846557617 39.6739082336426 -99.9 -99.9 -99.9 -99.9 -99.9 -99.9 -99.9 -99.9 -99.9 -99.9 -99.9 -99.9 -99.9 -99.9 -99.9 -99.9 -99.9 -99.9 -99.9 -99.9 -99.9 -99.9 -99.9 -99.9 -99.9 -99.9 -99.9 -99.9
-99.9 -99.9 -99.9 -99.9 -99.9 70.5306777954102 58.1749610900879 75.5039215087891 74.1512145996094 81.6971282958984 83.531135559082 81.9632186889648 78.7094573974609 78.9044189453125 83.7863464355469 85.1586456298828 80.8877258300781 88.2872695922852 87.4762268066406 81.0248947143555 72.2493057250977 69.8990936279297 69.8451309204102 71.5253219604492 72.8825531005859 76.235725402832 74.117301940918 71.1725921630859 73.8830490112305 64.6204376220703 40.6514472961426 44.0982627868652 63.2725410461426 58.3304481506348 -99.9 -99.9 -99.9 -99.9 -99.9 -99.9 -99.9 -99.9 -99.9 -99.9 -99.9 -99.9 -99.9 -99.9 -99.9 -99.9 -99.9 -99.9 -99.9 -99.9 -99.9 -99.9 -99.9 -99.9 -99.9
-99.9 -99.9 -99.9 -99.9 -99.9 -99.9 -99.9 -99.9 70.0420227050781 77.3437652587891 87.3364868164062 84.7975463867188 82.2472991943359 74.9816131591797 80.9062423706055 78.7566757202148 82.0456085205078 87.7192459106445 82.4472351074219 78.2589111328125 73.3104782104492 77.3361663818359 71.8638534545898 75.7352828979492 79.9769897460938 79.7202835083008 83.6078414916992 83.5072708129883 82.7763824462891 80.4786605834961 85.528938293457 77.9885025024414 83.8427276611328 71.3560638427734 -99.9 -99.9 85.2751007080078 80.2340393066406 -99.9 -99.9 -99.9 -99.9 -99.9 -99.9 -99.9 -99.9 -99.9 -99.9 -99.9 -99.9 -99.9 -99.9 -99.9 -99.9 -99.9 -99.9 -99.9 -99.9 -99.9
-99.9 -99.9 -99.9 -99.9 -99.9 -99.9 -99.9 -99.9 -99.9 76.123893737793 67.6060943603516 63.1828079223633 46.6352424621582 64.6874160766602 82.5572204589844 87.6110916137695 87.1990966796875 84.1465606689453 83.852165222168 79.527702331543 72.7257995605469 76.9292602539062 72.9009475708008 77.6979064941406 79.7626876831055 84.8330535888672 85.4424514770508 87.1496429443359 85.1381225585938 81.7131195068359 80.7204818725586 80.3340759277344 85.6642150878906 83.0519561767578 72.6587142944336 69.9138793945312 72.8784332275391 76.4236297607422 57.9740180969238 52.8739776611328 47.0403137207031 -99.9 -99.9 -99.9 -99.9 -99.9 -99.9 -99.9 -99.9 -99.9 -99.9 -99.9 -99.9 -99.9 -99.9 -99.9 -99.9 -99.9 -99.9
-99.9 -99.9 -99.9 -99.9 -99.9 -99.9 -99.9 -99.9 -99.9 -99.9 -99.9 74.2178726196289 -99.9 81.9266891479492 62.9921073913574 76.8435516357422 79.8054580688477 86.4934310913086 72.5700073242188 58.4623222351074 74.8992233276367 75.222770690918 72.3302307128906 70.944091796875 73.6836624145508 85.3480224609375 84.8408966064453 80.3869094848633 77.4916687011719 83.8095169067383 82.345947265625 87.5763778686523 85.860710144043 86.6904144287109 85.376953125 83.8939437866211 75.0942153930664 74.0794525146484 70.6583023071289 73.5493392944336 64.3744812011719 65.1241607666016 62.7640495300293 58.8463554382324 -99.9 -99.9 -99.9 -99.9 -99.9 -99.9 -99.9 -99.9 -99.9 -99.9 -99.9 -99.9 -99.9 -99.9 -99.9
-99.9 -99.9 -99.9 -99.9 -99.9 -99.9 -99.9 -99.9 -99.9 -99.9 -99.9 -99.9 -99.9 -99.9 -99.9 -99.9 -99.9 78.9501724243164 68.6792297363281 66.902229309082 82.1410293579102 88.2705917358398 79.509521484375 83.9945220947266 82.0163955688477 84.3456726074219 81.3973083496094 76.275634765625 78.4225921630859 82.9684143066406 78.3189544677734 85.666015625 90.7050628662109 87.4297027587891 87.4268035888672 80.6029281616211 82.57080078125 82.702507019043 77.9290008544922 84.9299240112305 73.7296829223633 71.2820892333984 65.5955505371094 59.7591857910156 53.8279151916504 77.2787780761719 73.1890106201172 89.8410339355469 84.7940368652344 -99.9 -99.9 -99.9 -99.9 -99.9 -99.9 -99.9 -99.9 -99.9 -99.9
-99.9 -99.9 -99.9 -99.9 -99.9 -99.9 -99.9 -99.9 -99.9 -99.9 -99.9 -99.9 -99.9 -99.9 -99.9 -99.9 -99.9 -99.9 -99.9 -99.9 63.1126403808594 64.76611328125 55.7324829101562 62.9331893920898 69.3303146362305 85.8426666259766 84.2297897338867 81.9817276000977 74.1797790527344 78.6789093017578 80.9849243164062 83.2556915283203 88.7225570678711 89.0727996826172 86.4911346435547 86.5027084350586 82.4788360595703 82.3620758056641 83.4351272583008 81.516731262207 81.9641494750977 79.0603790283203 70.0548629760742 -99.9 -99.9 72.4314041137695 76.33447265625 77.8913269042969 70.1339492797852 -99.9 -99.9 -99.9 -99.9 -99.9 -99.9 -99.9 -99.9 -99.9 -99.9
-99.9 -99.9 -99.9 -99.9 -99.9 -99.9 -99.9 -99.9 -99.9 -99.9 -99.9 -99.9 -99.9 -99.9 -99.9 -99.9 -99.9 -99.9 -99.9 -99.9 -99.9 -99.9 -99.9 -99.9 64.4049987792969 80.9467315673828 82.869010925293 80.7541122436523 83.0028991699219 79.2988510131836 71.4998168945312 77.1721725463867 81.1655578613281 84.276741027832 83.8970184326172 82.500373840332 87.8445053100586 82.6504058837891 79.3210525512695 86.1266326904297 87.6454772949219 77.9573669433594 79.5959167480469 77.9458999633789 67.2883987426758 78.982666015625 76.7678756713867 90.9154815673828 72.9438934326172 79.3281021118164 89.4405136108398 -99.9 -99.9 -99.9 -99.9 -99.9 -99.9 -99.9 -99.9
-99.9 -99.9 -99.9 -99.9 -99.9 -99.9 -99.9 -99.9 -99.9 -99.9 -99.9 -99.9 -99.9 -99.9 -99.9 -99.9 -99.9 -99.9 -99.9 -99.9 -99.9 -99.9 -99.9 -99.9 77.1287841796875 67.3071517944336 63.5445175170898 80.6896743774414 83.0694427490234 79.1445770263672 71.4301910400391 82.8305892944336 79.1661148071289 78.9003753662109 86.3933944702148 86.0099716186523 88.3260879516602 88.2226028442383 88.0885391235352 85.5155410766602 87.2074966430664 83.8558120727539 83.9832305908203 82.3307571411133 84.8334197998047 84.4731979370117 81.8203277587891 78.7009353637695 69.722412109375 67.088981628418 83.5854415893555 91.0886306762695 -99.9 -99.9 -99.9 -99.9 -99.9 -99.9 -99.9
-99.9 -99.9 -99.9 -99.9 -99.9 -99.9 -99.9 -99.9 -99.9 -99.9 -99.9 -99.9 -99.9 -99.9 -99.9 -99.9 -99.9 -99.9 -99.9 -99.9 -99.9 -99.9 -99.9 -99.9 -99.9 -99.9 -99.9 70.3992767333984 72.3277740478516 81.3114013671875 85.1222457885742 84.1445083618164 85.3736953735352 80.9413375854492 86.2729644775391 83.8803939819336 87.0001983642578 89.0495834350586 91.3792037963867 90.4065399169922 91.6970443725586 90.0301971435547 88.120246887207 83.5213851928711 87.1881256103516 85.7144927978516 84.9277877807617 79.3263092041016 79.2305450439453 83.0921249389648 87.5215682983398 -99.9 -99.9 -99.9 -99.9 -99.9 -99.9 -99.9 -99.9
-99.9 -99.9 -99.9 -99.9 -99.9 -99.9 -99.9 -99.9 -99.9 -99.9 -99.9 -99.9 -99.9 -99.9 -99.9 -99.9 -99.9 -99.9 -99.9 -99.9 -99.9 -99.9 -99.9 -99.9 -99.9 -99.9 -99.9 -99.9 73.6420288085938 74.8994522094727 67.2580261230469 84.8097229003906 85.6746292114258 83.6110305786133 84.3770446777344 80.6639404296875 74.8129501342773 86.8816146850586 86.5037307739258 91.3883438110352 89.0793685913086 90.2690658569336 91.0246200561523 87.4443435668945 85.8710708618164 83.9065093994141 83.1499252319336 85.3698120117188 79.5395584106445 83.2928771972656 82.2690887451172 88.7536315917969 -99.9 -99.9 -99.9 -99.9 -99.9 -99.9 -99.9
-99.9 -99.9 -99.9 -99.9 -99.9 -99.9 -99.9 -99.9 -99.9 -99.9 -99.9 -99.9 -99.9 -99.9 -99.9 -99.9 -99.9 -99.9 -99.9 -99.9 -99.9 -99.9 -99.9 -99.9 -99.9 -99.9 -99.9 -99.9 -99.9 -99.9 81.880744934082 73.5760726928711 87.1386795043945 86.4089660644531 85.4605865478516 83.3075332641602 83.6085968017578 81.7058410644531 85.5410003662109 89.4012680053711 91.1472473144531 91.3717880249023 88.6962585449219 87.8114929199219 81.9385757446289 84.7649383544922 80.0523300170898 80.7055816650391 72.3997192382812 69.3193130493164 -99.9 77.3310012817383 88.5200653076172 -99.9 -99.9 -99.9 -99.9 -99.9 -99.9
-99.9 -99.9 -99.9 -99.9 -99.9 -99.9 -99.9 -99.9 -99.9 -99.9 -99.9 -99.9 -99.9 -99.9 -99.9 -99.9 -99.9 -99.9 -99.9 -99.9 -99.9 -99.9 -99.9 -99.9 -99.9 -99.9 -99.9 -99.9 -99.9 -99.9 75.2921981811523 81.5902786254883 88.5994491577148 71.0190963745117 76.8147659301758 80.1420745849609 82.8364791870117 89.0427169799805 90.7614364624023 91.3648147583008 89.8097381591797 90.0496978759766 88.7567443847656 88.8716888427734 87.8554458618164 81.4655914306641 81.6426696777344 83.3130798339844 82.6149444580078 80.2253570556641 70.4174423217773 85.5674438476562 78.5375747680664 89.9551773071289 -99.9 -99.9 -99.9 -99.9 -99.9
