fish_book/data/sediment/Wilson_et_al_2017_data_files_asc/SandD50.asc
NCOLS 200
NROWS 150
XLLCORNER -16
YLLCORNER 44
CELLSIZE 0.125
NODATA_VALUE -99.9
[rows 0 to 24 of 150, columns 116 to 173 of 200]
-99.9 -99.9 -99.9 -99.9 -99.9 -99.9 -99.9 -99.9 -99.9 -99.9 -99.9 -99.9 -99.9 -99.9 -99.9 -99.9 -99.9 -99.9 -99.9 -99.9 -99.9 -99.9 -99.9 -99.9 -99.9 -99.9 -99.9 -99.9 -99.9 -99.9 -99.9 -99.9 -99.9 -99.9 -99.9 -99.9 -99.9 -99.9 -99.9 -99.9 -99.9 -99.9 -99.9 -99.9 -99.9 -99.9 -99.9 -99.9 -99.9 -99.9 -99.9 -99.9 -99.9 -99.9 -99.9 -99.9 -99.9 -99.9
-99.9 -99.9 -99.9 -99.9 -99.9 -99.9 -99.9 -99.9 -99.9 -99.9 -99.9 -99.9 -99.9 -99.9 -99.9 -99.9 -99.9 -99.9 -99.9 -99.9 -99.9 -99.9 -99.9 -99.9 -99.9 -99.9 -99.9 -99.9 -99.9 -99.9 -99.9 -99.9 -99.9 -99.9 -99.9 -99.9 -99.9 -99.9 -99.9 -99.9 -99.9 -99.9 -99.9 -99.9 -99.9 -99.9 -99.9 -99.9 -99.9 -99.9 -99.9 -99.9 -99.9 -99.9 -99.9 -99.9 -99.9 -99.9
-99.9 -99.9 -99.9 -99.9 -99.9 -99.9 -99.9 -99.9 -99.9 -99.9 -99.9 -99.9 -99.9 -99.9 -99.9 -99.9 -99.9 -99.9 -99.9 -99.9 -99.9 -99.9 -99.9 -99.9 -99.9 -99.9 -99.9 -99.9 -99.9 -99.9 -99.9 -99.9 -99.9 -99.9 -99.9 -99.9 -99.9 -99.9 -99.9 -99.9 -99.9 -99.9 -99.9 -99.9 -99.9 -99.9 -99.9 -99.9 -99.9 -99.9 -99.9 -99.9 -99.9 -99.9 -99.9 -99.9 -99.9 -99.9
-99.9 -99.9 -99.9 -99.9 -99.9 -99.9 -99.9 -99.9 -99.9 -99.9 -99.9 -99.9 -99.9 -99.9 -99.9 -99.9 -99.9 -99.9 -99.9 -99.9 -99.9 -99.9 -99.9 -99.9 -99.9 -99.9 -99.9 -99.9 -99.9 -99.9 -99.9 -99.9 -99.9 -99.9 -99.9 -99.9 -99.9 -99.9 -99.9 -99.9 -99.9 -99.9 -99.9 -99.9 -99.9 -99.9 -99.9 -99.9 -99.9 -99.9 -99.9 -99.9 -99.9 -99.9 -99.9 -99.9 -99.9 -99.9
-99.9 -99.9 -99.9 -99.9 -99.9 -99.9 -99.9 -99.9 -99.9 -99.9 -99.9 -99.9 -99.9 -99.9 -99.9 -99.9 -99.9 -99.9 -99.9 -99.9 -99.9 -99.9 -99.9 -99.9 -99.9 -99.9 -99.9 -99.9 -99.9 -99.9 -99.9 -99.9 -99.9 -99.9 -99.9 -99.9 -99.9 -99.9 -99.9 -99.9 -99.9 -99.9 -99.9 -99.9 -99.9 -99.9 -99.9 -99.9 -99.9 -99.9 -99.9 -99.9 -99.9 -99.9 -99.9 -99.9 -99.9 -99.9
-99.9 -99.9 -99.9 -99.9 -99.9 -99.9 -99.9 -99.9 -99.9 -99.9 -99.9 -99.9 -99.9 -99.9 -99.9 -99.9 -99.9 -99.9 -99.9 -99.9 -99.9 -99.9 -99.9 -99.9 -99.9 -99.9 -99.9 -99.9 -99.9 -99.9 -99.9 -99.9 -99.9 -99.9 -99.9 -99.9 -99.9 -99.9 -99.9 -99.9 -99.9 -99.9 -99.9 -99.9 -99.9 -99.9 -99.9 -99.9 -99.9 -99.9 -99.9 -99.9 -99.9 -99.9 -99.9 -99.9 -99.9 -99.9
-99.9 -99.9 -99.9 -99.9 -99.9 -99.9 0.463259220123291 0.217652767896652 0.266712158918381 0.348620057106018 0.214431449770927 0.190812990069389 0.222819030284882 0.216150909662247 0.207484096288681 0.201161399483681 0.161688789725304 0.155858799815178 0.177207738161087 0.20563168823719 0.215516105294228 0.134436398744583 0.113827936351299 0.10489259660244 0.147874474525452 0.117291502654552 0.125305578112602 0.141429990530014 0.120302647352219 0.127782538533211 0.122540734708309 0.110423251986504 0.111341513693333 0.0976732224225998 0.107446558773518 0.108031578361988 0.107452891767025 0.0993345007300377 0.109847314655781 0.113608963787556 0.118418477475643 0.252189934253693 0.248573422431946 0.288251847028732 0.285213381052017 0.456244140863419 0.410651803016663 0.226046100258827 0.275353819131851 0.351755708456039 0.257186532020569 -99.9 -99.9 -99.9 -99.9 -99.9 -99.9 -99.9
-99.9 -99.9 -99.9 -99.9 0.40268886089325 0.295819789171219 0.354459464550018 0.221227213740349 0.263435989618301 0.258043944835663 0.2239890396595 0.190321326255798 0.167934760451317 0.170702129602432 0.158639460802078 0.162578508257866 0.147380918264389 0.16230420768261 0.145347207784653 0.139431908726692 0.178846746683121 0.205790430307388 0.151946932077408 0.106882333755493 0.156764134764671 0.146762832999229 0.143001109361649 0.108176991343498 0.114208102226257 0.116331376135349 0.119373753666878 0.106089226901531 0.104297056794167 0.116391412913799 0.104433208703995 0.115966066718102 0.104662999510765 0.0988272279500961 0.112202689051628 0.108297556638718 0.106953039765358 0.22449018061161 0.300504684448242 0.165627598762512 0.307122886180878 0.411846548318863 0.250404328107834 0.28488028049469 0.208998307585716 0.212580516934395 -99.9 -99.9 -99.9 -99.9 -99.9 -99.9 -99.9 -99.9
-99.9 -99.9 0.447111278772354 0.384115546941757 0.223564758896828 0.261545479297638 0.247556686401367 0.245858073234558 0.258415877819061 0.270973652601242 0.23952142894268 0.205466538667679 0.175718247890472 0.17115119099617 0.154930099844933 0.172577902674675 0.194858983159065 0.214228063821793 0.197520062327385 0.190091550350189 0.20001445710659 0.214985251426697 0.257222354412079 0.303027927875519 0.127717867493629 0.303508639335632 0.159264534711838 0.155396372079849 0.108242765069008 0.132984846830368 0.116479121148586 0.118269965052605 0.110200770199299 0.101104125380516 0.10605438798666 0.105127461254597 0.124297827482224 0.105818808078766 0.125238507986069 0.105559021234512 0.101512759923935 0.0867929235100746 0.179986789822578 0.271506398916245 0.181441187858582 0.278272092342377 0.213911414146423 0.271097242832184 0.228886783123016 0.183362349867821 -99.9 -99.9 -99.9 -99.9 -99.9 -99.9 -99.9 -99.9
-99.9 0.284417331218719 0.270327180624008 0.257773965597153 0.245220765471458 0.232667565345764 0.228280156850815 0.240837961435318 0.253395766019821 0.265953540802002 0.258629649877548 0.220998913049698 0.207797080278397 0.179286301136017 0.197497367858887 0.203346773982048 0.189651355147362 0.19496101140976 0.188869833946228 0.176768824458122 0.180768877267838 0.207212835550308 0.186469689011574 0.307525008916855 0.355764627456665 0.419366151094437 0.262388616800308 0.154702916741371 0.152813717722893 0.173903152346611 0.122542627155781 0.117317460477352 0.116600751876831 0.117748811841011 0.130299225449562 0.099935919046402 0.1045256331563 0.143184766173363 0.143447026610374 0.11748131364584 0.112748920917511 0.0815154686570168 0.0955905467271805 0.209386542439461 0.277493357658386 0.325105577707291 0.242333844304085 0.373405754566193 0.141946241259575 -99.9 -99.9 -99.9 -99.9 -99.9 -99.9 -99.9 -99.9 -99.9
0.213561505079269 0.259223967790604 0.263144761323929 0.235133603215218 0.217778444290161 0.210702255368233 0.223260045051575 0.235817849636078 0.24837563931942 0.260933429002762 0.273491233587265 0.23920314013958 0.207404807209969 0.230961412191391 0.227295115590096 0.197260349988937 0.194163978099823 0.187857896089554 0.197743698954582 0.205520004034042 0.193243205547333 0.199674919247627 0.176562070846558 0.237063482403755 0.241875723004341 0.312078386545181 0.278332859277725 0.26500004529953 0.303561240434647 0.208477228879929 0.15648789703846 0.179203778505325 0.140477240085602 0.143579199910164 0.119670145213604 0.143944889307022 0.143216118216515 0.140198662877083 0.141537308692932 0.126518443226814 0.0738233327865601 0.0691934302449226 0.0900417268276215 0.0733213275671005 0.424674928188324 0.267988115549088 0.299917131662369 0.425142556428909 0.267292052507401 0.24435456097126 0.258384048938751 0.204619571566582 -99.9 -99.9 -99.9 -99.9 -99.9 -99.9
0.24317978322506 0.269087374210358 0.308178335428238 0.25386705994606 0.225176006555557 0.23717474937439 0.277743130922318 0.26721453666687 0.256685942411423 0.255913317203522 0.268471121788025 0.261330991983414 0.229428693652153 0.238590270280838 0.254613608121872 0.185516923666 0.17895096540451 0.23113451898098 0.221580475568771 0.190709918737411 0.190762609243393 0.192643404006958 0.223813623189926 0.240742325782776 0.23527318239212 0.272164851427078 0.320448011159897 0.316531330347061 0.277021825313568 0.22279380261898 0.209118485450745 0.1633270829916 0.144040510058403 0.148342907428741 0.137165576219559 0.142816320061684 0.130575358867645 0.123410694301128 0.130887299776077 0.134738400578499 0.0747297331690788 0.126810431480408 0.0724753066897392 0.0701887607574463 0.097234696149826 0.280215919017792 0.316735178232193 0.201684504747391 0.29984837770462 -99.9 0.394453436136246 -99.9 -99.9 -99.9 -99.9 -99.9 -99.9 -99.9
0.324583053588867 0.329771101474762 0.377048164606094 0.425942718982697 0.375946193933487 0.337591141462326 0.307952731847763 0.349554896354675 0.406358391046524 0.439347416162491 0.428818821907043 0.384034007787704 0.22088098526001 0.229678526520729 0.230651870369911 0.205086350440979 0.227965712547302 0.164147078990936 0.150912418961525 0.174350842833519 0.233866736292839 0.230789303779602 0.260203242301941 0.168201148509979 0.218673467636108 0.35778084397316 0.354816168546677 0.261856079101562 0.227266862988472 0.215833857655525 0.210612311959267 0.20892433822155 0.160360276699066 0.148413062095642 0.141380906105042 0.117234990000725 0.125719651579857 0.106697723269463 0.117499023675919 0.13893423974514 0.0730128437280655 0.0846090018749237 0.144061341881752 0.17304715514183 0.0890367031097412 0.149254158139229 0.151940673589706 0.317851930856705 0.432230740785599 -99.9 -99.9 -99.9 -99.9 -99.9 -99.9 -99.9 -99.9 -99.9
0.537174701690674 0.588666677474976 0.47085502743721 0.524391233921051 0.576929211616516 0.540510416030884 0.544961750507355 0.43491917848587 0.405131578445435 0.53714644908905 0.353195637464523 0.546587884426117 0.241445988416672 0.497372508049011 0.318909049034119 0.317078560590744 0.209347933530807 0.248708099126816 0.222405880689621 0.238481625914574 0.256888449192047 0.207717508077621 0.158200025558472 0.163331761956215 0.145895063877106 0.178772702813148 0.22588524222374 0.231415331363678 0.220616519451141 0.216148093342781 0.211276471614838 0.208250790834427 0.207746118307114 0.177169620990753 0.146595746278763 0.143553018569946 0.140300020575523 0.105730958282948 0.106947436928749 0.135117873549461 0.111525565385818 0.0776795595884323 0.137277290225029 0.0812385678291321 0.167993292212486 0.0793090537190437 0.272660106420517 0.144340097904205 0.223928272724152 -99.9 -99.9 -99.9 -99.9 -99.9 -99.9 -99.9 -99.9 -99.9
0.841083645820618 0.826038479804993 0.660908102989197 0.695312738418579 0.517760753631592 0.830641984939575 0.772510647773743 0.788398504257202 0.59882128238678 0.341280549764633 0.267792046070099 0.217885240912437 0.22422768175602 0.348860442638397 0.716063797473907 0.435793489217758 0.425400078296661 0.328152149915695 0.350656718015671 0.226195633411407 0.190780997276306 0.176835373044014 0.162195384502411 0.146443650126457 0.143062382936478 0.16512231528759 0.254652172327042 0.219634592533112 0.217106729745865 0.213888704776764 0.210050255060196 0.206300586462021 0.205075517296791 0.204189896583557 0.174119547009468 0.168134331703186 0.131542593240738 0.143995955586433 0.108202017843723 0.134364306926727 0.120853178203106 0.081356979906559 0.0790452137589455 0.092744879424572 0.0729216411709785 0.077446922659874 0.111543960869312 0.166537135839462 0.14618593454361 0.4080890417099 -99.9 -99.9 -99.9 -99.9 -99.9 -99.9 -99.9 -99.9
0.584598541259766 0.80132657289505 0.592304587364197 0.62689608335495 -99.9 -99.9 0.822369277477264 0.585194885730743 0.599878072738647 0.257338285446167 0.456584453582764 0.482466012239456 0.190574795007706 0.263162016868591 0.296155363321304 0.300893545150757 0.282473504543304 0.23273116350174 0.188495621085167 0.130609676241875 0.122003935277462 0.180627390742302 0.238083228468895 0.17086187005043 0.220412835478783 0.167263776063919 0.173166021704674 0.250085800886154 0.209600418806076 0.207630455493927 0.205417424440384 0.202679231762886 0.201136812567711 0.205468043684959 0.201330229640007 0.162258446216583 0.147399306297302 0.144645139575005 0.135501340031624 0.140538439154625 0.111336149275303 0.0709248483181 0.0872011631727219 0.0911666750907898 0.0839935541152954 0.0787655040621758 0.287391483783722 0.305068522691727 0.268616139888763 0.287928014993668 -99.9 -99.9 -99.9 -99.9 -99.9 -99.9 -99.9 -99.9
0.867492496967316 0.751750349998474 0.598783314228058 -99.9 -99.9 1.04161024093628 0.319577842950821 0.204287901520729 0.282369643449783 0.277055621147156 0.849983096122742 0.692038118839264 0.485598504543304 0.221909090876579 0.279125809669495 0.542731165885925 0.248615518212318 0.234068140387535 0.164979517459869 0.117088347673416 0.173011094331741 0.233397826552391 0.163839891552925 0.11214990913868 0.159045562148094 0.164949581027031 0.267070233821869 0.225476339459419 0.187487199902534 0.162067979574203 0.164221689105034 0.160369887948036 0.205805346369743 0.209362789988518 0.199808076024055 0.158067047595978 0.184925571084023 0.161407589912415 0.135225668549538 0.122965797781944 0.143124654889107 0.115787483751774 0.102380104362965 0.0796651244163513 0.0844601094722748 0.0893426984548569 0.105577185750008 0.0897413790225983 0.275341838598251 0.305115669965744 0.385580658912659 -99.9 -99.9 -99.9 -99.9 -99.9 -99.9 -99.9
-99.9 -99.9 -99.9 -99.9 0.330186069011688 1.2990163564682 0.278789967298508 0.173923850059509 0.526650965213776 0.576071262359619 0.309279233217239 0.308063149452209 0.360451221466064 0.285160452127457 0.213294744491577 0.190487742424011 0.228868693113327 0.189501479268074 0.303308308124542 0.174328252673149 0.20258429646492 0.402802616357803 0.252725154161453 0.247771814465523 0.282304763793945 0.215179800987244 0.219518885016441 0.165361806750298 0.158238217234612 0.171536356210709 0.15580852329731 0.160499826073647 0.209506630897522 0.210878968238831 0.20189343392849 0.170229092240334 0.158157825469971 0.176934525370598 0.144322171807289 0.140086516737938 0.139775544404984 0.13067752122879 0.0697779431939125 0.0855892300605774 0.0780728980898857 0.107513889670372 0.0783750861883163 0.1321761906147 0.14570640027523 0.261810809373856 -99.9 -99.9 -99.9 -99.9 -99.9 -99.9 -99.9 -99.9
-99.9 -99.9 -99.9 -99.9 0.268501341342926 0.396149665117264 0.938241243362427 0.557765305042267 0.50317120552063 0.986667692661285 0.228273034095764 0.22420597076416 0.3131422996521 0.286423206329346 0.152361422777176 0.202520057559013 0.353552550077438 0.153546810150146 0.157211899757385 0.152090355753899 0.120216481387615 0.103567741811275 0.0931485667824745 0.169181138277054 0.23549722135067 0.174672305583954 0.1873559653759 0.235897406935692 0.183847889304161 0.144487872719765 0.185515761375427 0.185550019145012 0.212972655892372 0.216256678104401 0.211836978793144 0.209553509950638 0.206063717603683 0.190602675080299 0.167137548327446 0.175888434052467 0.135221421718597 0.123766362667084 0.106808252632618 0.126573830842972 0.105822078883648 0.12438739836216 0.0991546213626862 0.113018490374088 0.28989589214325 0.262260973453522 0.208463296294212 -99.9 -99.9 -99.9 -99.9 -99.9 -99.9 -99.9
-99.9 -99.9 -99.9 0.606911718845367 0.210650756955147 0.376922160387039 1.1864355802536 0.394106775522232 0.444202780723572 0.587047696113586 0.428390443325043 0.246001362800598 0.187368929386139 0.141997918486595 0.114906564354897 0.187738925218582 0.209498926997185 0.126448348164558 0.168618381023407 0.185717269778252 0.143243849277496 0.111916907131672 0.140356555581093 0.15886427462101 0.203118607401848 0.209330186247826 0.211166277527809 0.207732945680618 0.201035648584366 0.159791961312294 0.195426627993584 0.208852499723434 0.209117352962494 0.207047328352928 0.201929911971092 0.197101011872292 0.192357733845711 0.168728664517403 0.18537475168705 0.141618430614471 0.143832668662071 0.13303305208683 0.108138978481293 0.119141772389412 0.112321197986603 0.142925575375557 0.120572507381439 0.12517412006855 0.239415377378464 0.305314302444458 0.283482104539871 -99.9 -99.9 -99.9 -99.9 -99.9 -99.9 -99.9
-99.9 -99.9 -99.9 0.262475073337555 0.324068635702133 0.189666286110878 0.601054906845093 0.488902032375336 0.266883611679077 0.240492165088654 0.335336476564407 0.517079412937164 0.216252684593201 0.10637578368187 0.167281478643417 0.175198003649712 0.163106322288513 0.120221987366676 0.11580141633749 0.213867992162704 0.176768377423286 0.116616874933243 0.146839663386345 0.208141982555389 0.176286935806274 0.173518732190132 0.188465178012848 0.187382459640503 0.210340708494186 0.162169679999352 0.174925446510315 0.194396674633026 0.195606157183647 0.18644680082798 0.176205411553383 0.163412287831306 0.158080354332924 0.147482931613922 0.144656807184219 0.119952343404293 0.130275681614876 0.140064790844917 0.117405287921429 0.118126757442951 0.111181505024433 0.143489211797714 0.120013862848282 0.118222370743752 0.0902733355760574 0.288470149040222 0.279884725809097 0.28737872838974 -99.9 0.191209822893143 -99.9 -99.9 -99.9 -99.9
1.09850072860718 -99.9 0.81417715549469 0.968058109283447 0.573959469795227 0.20318840444088 0.22588823735714 0.397568583488464 0.252523422241211 0.203303843736649 0.21377295255661 0.248481377959251 0.174021869897842 0.135798811912537 0.171452030539513 0.26478037238121 0.22520500421524 0.27321070432663 0.186623781919479 0.131670013070107 0.209668889641762 0.124434359371662 0.203609153628349 0.193579763174057 0.226791009306908 0.218010380864143 0.183305814862251 0.219291299581528 0.208109468221664 0.159880220890045 0.158120393753052 0.163529738783836 0.164482682943344 0.159552022814751 0.158060267567635 0.1582862585783 0.159744054079056 0.144772469997406 0.144398301839828 0.128738895058632 0.117136240005493 0.129035592079163 0.124518878757954 0.116944625973701 0.111059211194515 0.143880486488342 0.119828909635544 0.117610864341259 0.0985158458352089 0.292568296194077 0.22142006456852 0.325606256723404 -99.9 -99.9 0.357892602682114 -99.9 -99.9 -99.9
0.680432379245758 -99.9 1.10436928272247 0.286312341690063 0.269077241420746 0.381688177585602 0.184348106384277 0.297493726015091 0.166777759790421 0.467694133520126 0.167944118380547 0.189119249582291 0.143825188279152 0.204443216323853 0.145684003829956 0.402118265628815 0.269350707530975 0.263700783252716 0.111720599234104 0.137060090899467 0.145796462893486 0.16333681344986 0.168622478842735 0.21911433339119 0.212381839752197 0.21438667178154 0.225577905774117 0.203183457255363 0.209360405802727 0.17160402238369 0.167703941464424 0.161504954099655 0.16147880256176 0.165586486458778 0.161616399884224 0.158368423581123 0.16815210878849 0.185826778411865 0.140984490513802 0.122347913682461 0.118876203894615 0.126885190606117 0.131449073553085 0.11416694521904 0.112123064696789 0.143998339772224 0.120985962450504 0.122680947184563 0.108918197453022 0.210134476423264 0.302193909883499 0.290124654769897 0.250578343868256 -99.9 -99.9 -99.9 -99.9 -99.9
1.11761581897736 0.896120131015778 0.445591479539871 0.36955788731575 0.213863030076027 0.178106233477592 0.253863871097565 0.156303465366364 0.141889601945877 0.23257665336132 0.16996793448925 0.176422253251076 0.112288497388363 0.100250884890556 0.284646779298782 0.186132803559303 0.103325732052326 0.109813585877419 0.134372591972351 0.116026394069195 0.130909994244576 0.189873024821281 0.265049129724503 0.21941240131855 0.223082363605499 0.208227828145027 0.281074523925781 0.193102642893791 0.269901514053345 0.174985438585281 0.165849104523659 0.181872144341469 0.176443085074425 0.165059849619865 0.158081337809563 0.164106220006943 0.181857153773308 0.1605034917593 0.154431343078613 0.154350906610489 0.143119290471077 0.140724018216133 0.128699362277985 0.110049210488796 0.114371992647648 0.143784403800964 0.124020256102085 0.131410732865334 0.138385981321335 0.0753514245152473 0.287872791290283 0.273873507976532 -99.9 -99.9 -99.9 -99.9 -99.9 -99.9
1.16988587379456 0.762962222099304 0.63363641500473 0.20210425555706 0.152565255761147 0.199966967105865 0.204780697822571 0.167210251092911 0.174259856343269 0.193009987473488 0.123689375817776 0.160164400935173 0.113473944365978 0.11206740885973 0.1817487180233 0.109385825693607 0.101788409054279 0.12021104991436 0.108984880149364 0.113311901688576 0.174113929271698 0.206403821706772 0.231937974691391 0.243150532245636 0.215105399489403 0.152711495757103 0.146658658981323 0.369263291358948 0.335609048604965 0.16337725520134 0.174966230988503 0.18467490375042 0.163589760661125 0.158193334937096 0.167102128267288 0.186334103345871 0.201778396964073 0.163105756044388 0.152600705623627 0.143578246235847 0.134834691882133 0.112274207174778 0.104879945516586 0.107242703437805 0.141204595565796 0.132527068257332 0.128384754061699 0.139444604516029 0.143834859132767 0.13054946064949 0.133018836379051 0.13044610619545 0.168365493416786 -99.9 -99.9 -99.9 -99.9 -99.9
