fish_book/data/sediment/Wilson_et_al_2017_data_files_asc/SandD50.asc
NCOLS 200
NROWS 150
XLLCORNER -16
YLLCORNER 44
CELLSIZE 0.125
NODATA_VALUE -99.9
[rows 25 to 49 of 150, columns 58 to 115 of 200]
-99.9 -99.9 -99.9 -99.9 -99.9 -99.9 -99.9 -99.9 -99.9 -99.9 -99.9 -99.9 -99.9 -99.9 -99.9 -99.9 -99.9 0.292229056358337 0.338941842317581 0.319957703351974 0.452622443437576 0.57936418056488 0.635973036289215 0.560851156711578 0.63541042804718 0.626175105571747 0.660695135593414 0.62726879119873 0.40352526307106 0.634432077407837 0.506112992763519 0.387425571680069 0.367707908153534 0.365247815847397 0.362787693738937 0.3603276014328 0.357867509126663 0.355407416820526 0.320748388767242 0.42580583691597 0.370374858379364 0.608897089958191 0.923437237739563 1.11827194690704 1.08913576602936 0.887811720371246 0.782952725887299 0.781807065010071 0.706270515918732 1.06321024894714 0.629726469516754 0.725935995578766 0.381453394889832 0.434537678956985 0.60809063911438 0.822692632675171 0.514175891876221 0.750399351119995
-99.9 -99.9 -99.9 -99.9 -99.9 -99.9 -99.9 -99.9 -99.9 -99.9 -99.9 -99.9 -99.9 -99.9 -99.9 -99.9 -99.9 0.343330889940262 0.338351249694824 0.325237184762955 0.34452223777771 0.520391643047333 0.572588741779327 0.544795095920563 0.579256296157837 0.663253724575043 0.685146808624268 0.594370305538177 0.338822960853577 0.792084038257599 0.591502070426941 0.472814619541168 0.396183460950851 0.393723368644714 0.391263246536255 0.388803154230118 0.386343061923981 0.344644725322723 0.331093609333038 0.484804064035416 0.546269714832306 0.450909227132797 0.472245454788208 0.78678560256958 0.962116658687592 1.03506505489349 1.05111515522003 0.834012567996979 0.841525197029114 0.947339653968811 1.03727900981903 0.854616820812225 0.83831262588501 0.654584884643555 0.786695122718811 0.604017555713654 0.920558273792267 0.835773229598999
-99.9 -99.9 -99.9 -99.9 -99.9 -99.9 -99.9 -99.9 -99.9 -99.9 -99.9 -99.9 -99.9 -99.9 -99.9 0.392344027757645 0.358245134353638 0.342004328966141 0.355552315711975 0.349607318639755 0.371996998786926 0.412808865308762 0.535559356212616 0.556713938713074 0.479445457458496 0.603452980518341 0.560680150985718 0.436063498258591 0.507247567176819 0.906711935997009 0.676891148090363 0.55820369720459 0.439516246318817 0.422198891639709 0.419738799333572 0.417278707027435 0.368541032075882 0.26841014623642 0.390091836452484 0.543802320957184 0.697512745857239 0.626804053783417 0.53144359588623 0.436083137989044 0.566972613334656 0.757572054862976 -99.9 1.17714238166809 0.581114888191223 0.66613632440567 1.11335372924805 0.595090329647064 0.645601570606232 0.649574220180511 0.616312861442566 0.585711240768433 0.875993013381958 0.895366013050079
-99.9 -99.9 -99.9 -99.9 -99.9 -99.9 -99.9 -99.9 -99.9 -99.9 -99.9 0.44066658616066 0.374228775501251 0.205987378954887 0.406147837638855 0.365725964307785 0.350360602140427 0.363341987133026 0.3797327876091 0.391068011522293 0.417757987976074 0.403504461050034 0.491858273744583 0.643152117729187 0.598545253276825 0.679921805858612 0.409043610095978 0.237674102187157 0.664899528026581 1.00153815746307 0.762280166149139 0.643592774868011 0.524905323982239 0.450674444437027 0.44821435213089 0.392437368631363 0.292306452989578 0.295379638671875 0.449090093374252 0.60280054807663 0.756510972976685 0.802698910236359 0.626986443996429 0.368480324745178 0.32848995923996 -99.9 0.550688803195953 -99.9 -99.9 1.13763129711151 0.319910258054733 0.451887190341949 0.681895196437836 0.56947135925293 0.397566646337509 0.496154516935349 0.617773056030273 0.532479107379913
-99.9 -99.9 -99.9 -99.9 -99.9 -99.9 -99.9 -99.9 -99.9 -99.9 0.451239705085754 0.364738434553146 0.254777371883392 0.427486658096313 0.38623633980751 0.322884231805801 0.324011474847794 0.410944789648056 0.519699692726135 0.423308521509171 0.51958829164505 0.616721510887146 0.610424757003784 0.575677514076233 0.374477446079254 0.598191618919373 0.281494796276093 0.379625916481018 0.616841495037079 0.854057013988495 0.788311541080475 0.688844859600067 0.604220569133759 0.491606920957565 0.416333705186844 0.330995827913284 0.385058403015137 0.45434182882309 0.616067826747894 0.777793884277344 0.794840216636658 0.784613430500031 0.440172225236893 -99.9 -99.9 -99.9 0.422676235437393 -99.9 0.542693018913269 0.387590765953064 0.28708216547966 0.298575818538666 0.377075374126434 0.341533541679382 0.315946280956268 0.336908280849457 0.287888616323471 0.287650406360626
-99.9 -99.9 -99.9 -99.9 -99.9 -99.9 -99.9 -99.9 -99.9 0.473887324333191 0.609062135219574 0.684366941452026 0.581062078475952 0.403870522975922 0.236961781978607 0.155608519911766 0.207609847187996 0.305612236261368 0.256592839956284 0.357012361288071 0.355048090219498 0.369812935590744 0.286162137985229 0.31771782040596 0.350126326084137 0.386211931705475 0.416835099458694 0.348861753940582 0.358040601015091 0.595256149768829 0.670757412910461 0.692306458950043 0.647365093231201 0.894620776176453 0.82539027929306 0.827662944793701 0.920821189880371 0.527284026145935 0.501629531383514 0.58080005645752 0.828612267971039 0.732471346855164 0.310873329639435 -99.9 -99.9 -99.9 -99.9 -99.9 0.995507776737213 0.733406245708466 0.377528220415115 0.232603326439857 0.225960552692413 0.24611733853817 0.277463614940643 0.287848234176636 0.229052156209946 0.24365596473217
-99.9 -99.9 -99.9 -99.9 -99.9 -99.9 -99.9 -99.9 0.445280253887177 0.37820503115654 0.502757370471954 0.614691138267517 0.879409730434418 0.709445178508759 0.499847620725632 0.248345211148262 0.231859862804413 0.316747754812241 0.304324150085449 0.256965845823288 0.39814892411232 0.213916659355164 0.245472356677055 0.277629554271698 0.313715159893036 0.349800795316696 0.385886400938034 0.421972006559372 0.458057641983032 0.442419439554214 0.553203284740448 0.596245348453522 0.595555365085602 0.616844713687897 0.673324584960938 0.717896699905396 0.691395461559296 0.327691793441772 0.383226662874222 0.662988126277924 0.910800337791443 0.687337458133698 0.516808986663818 -99.9 -99.9 0.409027516841888 -99.9 0.751928746700287 0.677528202533722 0.202262535691261 0.250362753868103 0.212842360138893 0.224430918693542 0.310976207256317 0.204026743769646 0.202310904860497 0.180953338742256 0.166523665189743
-99.9 -99.9 -99.9 -99.9 0.345379710197449 0.248098701238632 0.316004037857056 0.343412280082703 0.332931756973267 0.330504685640335 0.495275646448135 0.619302272796631 0.610932767391205 0.633061766624451 0.593704760074615 0.405119627714157 0.360934406518936 0.386988461017609 0.468270093202591 0.436429768800735 0.213820517063141 0.177943095564842 0.20513279736042 0.241218417882919 0.277304023504257 0.313389658927917 0.349475264549255 0.387137234210968 0.427648812532425 0.468160390853882 0.601870715618134 0.363783776760101 0.832102715969086 0.367282837629318 0.319180339574814 0.239166870713234 0.229003712534904 0.390410184860229 0.415119379758835 0.484143078327179 0.65842616558075 0.556722939014435 0.997375845909119 0.880602657794952 0.730775654315948 0.580948710441589 0.846679210662842 0.484623700380325 0.239336177706718 0.18160218000412 0.431438833475113 0.586810171604156 0.509947776794434 0.393308579921722 0.231077447533607 0.147264271974564 0.13384972512722 0.12481439858675
0.159791484475136 0.152600511908531 0.151436880230904 0.13994599878788 0.207903861999512 0.289749205112457 0.303907632827759 0.358337849378586 0.409413784742355 0.539471805095673 0.323507398366928 0.545052051544189 0.466042995452881 0.573375284671783 0.734704673290253 0.606813788414001 0.580751240253448 0.60534793138504 0.669204950332642 0.720456302165985 0.440308183431625 0.171093225479126 0.188625767827034 0.22913733124733 0.269648909568787 0.289375901222229 0.523811042308807 0.693491697311401 0.549801468849182 -99.9 -99.9 -99.9 -99.9 -99.9 -99.9 0.87575888633728 -99.9 -99.9 -99.9 -99.9 -99.9 -99.9 -99.9 -99.9 -99.9 0.75286990404129 0.754393458366394 0.743015587329865 0.480259954929352 0.180514469742775 0.23376277089119 0.448053747415543 0.195569336414337 0.282497435808182 0.200786992907524 0.126285225152969 0.098729707300663 0.115571640431881
0.161122813820839 0.184131056070328 0.211269438266754 0.240051195025444 0.374957919120789 0.30431193113327 0.293290585279465 0.506539642810822 0.629847347736359 0.703020691871643 0.639810860157013 0.496916890144348 0.632934868335724 0.719872117042542 0.722399890422821 0.624161779880524 0.651146471500397 0.646427094936371 -99.9 -99.9 -99.9 0.163279876112938 0.192672148346901 0.233183726668358 0.205304801464081 0.186051040887833 0.436463236808777 0.433220356702805 0.294327527284622 -99.9 -99.9 -99.9 -99.9 -99.9 -99.9 -99.9 -99.9 -99.9 -99.9 -99.9 -99.9 -99.9 -99.9 -99.9 -99.9 0.886382162570953 0.544442117214203 0.459875702857971 0.237657964229584 0.16450922191143 0.214698448777199 0.379243195056915 0.464496970176697 0.202153354883194 0.184172466397285 0.112737812101841 0.102749347686768 0.124874576926231
0.166846975684166 0.205166146159172 0.445894688367844 0.442468166351318 0.624599695205688 0.575093269348145 0.402650624513626 0.456494450569153 0.521934866905212 0.763250470161438 0.444781631231308 0.315611839294434 0.567709445953369 0.811784029006958 0.734023869037628 0.358511656522751 -99.9 -99.9 -99.9 -99.9 -99.9 0.160902097821236 0.196718543767929 0.271325945854187 0.231077492237091 0.268135577440262 0.343475133180618 0.395203202962875 -99.9 -99.9 -99.9 -99.9 -99.9 -99.9 -99.9 -99.9 -99.9 -99.9 -99.9 -99.9 -99.9 -99.9 -99.9 -99.9 -99.9 0.205749690532684 0.300751030445099 0.202562287449837 0.36653271317482 0.451767444610596 0.38376396894455 0.88503485918045 0.467336624860764 0.252866566181183 0.13911697268486 0.116039343178272 0.106768988072872 0.122930660843849
0.247010469436646 0.299330353736877 0.595453202724457 0.559225797653198 0.726945042610168 0.689894378185272 0.545160353183746 0.336985349655151 0.436881989240646 0.818518698215485 0.598567426204681 0.338916003704071 0.650677561759949 -99.9 -99.9 -99.9 -99.9 -99.9 -99.9 0.32333579659462 0.236746668815613 0.1602533608675 0.115909017622471 0.320612549781799 0.23285137116909 0.443392515182495 0.324644178152084 -99.9 -99.9 -99.9 -99.9 -99.9 -99.9 -99.9 -99.9 -99.9 -99.9 -99.9 -99.9 -99.9 -99.9 -99.9 0.237174183130264 0.193008750677109 0.16771037876606 0.158516496419907 0.489723145961761 0.260842978954315 0.25463142991066 0.178010657429695 0.173443108797073 0.169209614396095 0.360173523426056 0.212865054607391 0.211059808731079 0.125948578119278 0.150914311408997 0.171717867255211
0.309909701347351 0.283871114253998 0.253374069929123 0.400451242923737 0.361779421567917 0.818554162979126 1.01931476593018 0.607437074184418 0.35182911157608 0.759958684444427 0.733681440353394 0.856308281421661 0.981748640537262 -99.9 -99.9 -99.9 -99.9 -99.9 -99.9 0.234241470694542 0.535839557647705 0.352729946374893 0.551173686981201 0.232054486870766 0.163676425814629 0.46328341960907 -99.9 -99.9 -99.9 -99.9 -99.9 -99.9 -99.9 -99.9 -99.9 -99.9 -99.9 -99.9 -99.9 -99.9 -99.9 0.801308929920197 1.35193383693695 0.139289721846581 0.120203338563442 0.186276853084564 0.170855239033699 0.308434814214706 0.181793704628944 0.145030722022057 0.16226926445961 0.393198758363724 0.356998682022095 0.27159184217453 0.216378703713417 0.185600653290749 0.151825830340385 0.231473103165627
0.436077564954758 0.31154403090477 0.321622371673584 0.310685575008392 0.443912118673325 0.489766389131546 0.317654490470886 0.338535070419312 0.522033035755157 0.586515307426453 0.735716700553894 0.856903254985809 0.957397699356079 -99.9 -99.9 -99.9 -99.9 -99.9 0.322602927684784 0.343936532735825 0.790841996669769 0.351350575685501 0.382898926734924 0.243202850222588 0.245776325464249 0.268497556447983 0.278566539287567 -99.9 -99.9 -99.9 -99.9 -99.9 -99.9 -99.9 -99.9 -99.9 -99.9 -99.9 -99.9 0.171124175190926 0.319782346487045 0.429794043302536 0.321359127759933 0.27542108297348 0.129198133945465 0.207205772399902 0.25194376707077 0.235534638166428 0.277072042226791 0.181869000196457 0.197760790586472 0.453323841094971 0.151324391365051 0.201544582843781 0.140447065234184 0.163229390978813 0.206110998988152 0.211956828832626
0.402026623487473 -99.9 0.296580940485001 0.261431813240051 0.282570004463196 0.200376331806183 0.349166691303253 0.46029469370842 0.571422696113586 0.50810444355011 0.660974621772766 0.782928824424744 0.879552721977234 -99.9 -99.9 -99.9 0.636828899383545 0.519484758377075 0.40214067697525 0.453631550073624 0.34448629617691 0.232878059148788 0.206520900130272 -99.9 -99.9 -99.9 -99.9 -99.9 -99.9 -99.9 -99.9 -99.9 -99.9 -99.9 -99.9 -99.9 -99.9 -99.9 -99.9 -99.9 0.919742286205292 0.678331017494202 0.251340270042419 0.204187035560608 0.19360662996769 0.195556551218033 0.410034686326981 0.208271831274033 0.113267175853252 0.117077805101871 0.130784764885902 0.105528555810452 0.118412911891937 0.169875860214233 0.185607820749283 0.225168496370316 0.253080546855927 0.30288490653038
0.248863771557808 0.152885645627975 0.14431956410408 0.173642709851265 0.17630036175251 0.287428349256516 0.398556351661682 0.509684324264526 0.620812356472015 0.465526789426804 0.582563757896423 -99.9 -99.9 0.847794711589813 0.893881559371948 0.833710730075836 0.716366589069366 0.599022507667542 0.481678396463394 -99.9 0.282360136508942 0.236036464571953 1.64099586009979 0.348468989133835 -99.9 -99.9 -99.9 -99.9 -99.9 -99.9 -99.9 -99.9 -99.9 -99.9 -99.9 -99.9 -99.9 -99.9 -99.9 0.1734888702631 0.152268379926682 0.180867612361908 -99.9 -99.9 -99.9 -99.9 -99.9 -99.9 -99.9 -99.9 -99.9 -99.9 -99.9 -99.9 0.300962030887604 0.312558263540268 0.470107465982437 0.315642803907394
0.171119555830956 0.162553489208221 0.158432617783546 0.183662980794907 0.237258329987526 0.336818009614944 0.447946012020111 0.559073984622955 0.647614061832428 0.426100075244904 -99.9 -99.9 -99.9 0.769949793815613 0.816036641597748 0.862123489379883 0.795904338359833 -99.9 0.561216175556183 -99.9 -99.9 1.64099586009979 1.64099586009979 -99.9 -99.9 -99.9 -99.9 -99.9 -99.9 -99.9 -99.9 -99.9 -99.9 -99.9 -99.9 -99.9 -99.9 -99.9 -99.9 -99.9 -99.9 -99.9 -99.9 -99.9 -99.9 -99.9 -99.9 -99.9 -99.9 -99.9 -99.9 -99.9 -99.9 -99.9 -99.9 -99.9 0.408982187509537 0.370765596628189
0.180787414312363 0.227514341473579 0.17284332215786 0.244213327765465 0.308175414800644 0.386207669973373 0.49733567237854 0.608463644981384 0.632386565208435 0.396500945091248 0.42574205994606 -99.9 0.646017968654633 0.692104876041412 0.738191723823547 0.784278571605682 -99.9 -99.9 -99.9 -99.9 -99.9 -99.9 1.64099586009979 -99.9 -99.9 -99.9 -99.9 -99.9 -99.9 -99.9 -99.9 -99.9 -99.9 -99.9 -99.9 -99.9 -99.9 -99.9 -99.9 -99.9 -99.9 -99.9 -99.9 -99.9 -99.9 -99.9 -99.9 -99.9 -99.9 -99.9 -99.9 -99.9 -99.9 -99.9 -99.9 -99.9 0.322761654853821 0.306572616100311
0.270327746868134 0.207707390189171 0.233393669128418 0.304763674736023 0.37613371014595 0.435597330331802 0.546725332736969 0.657853305339813 0.617159068584442 0.381273478269577 0.35102853178978 -99.9 0.568173050880432 0.614259898662567 0.660346806049347 0.706433653831482 0.752520561218262 0.798607409000397 -99.9 -99.9 -99.9 -99.9 -99.9 -99.9 -99.9 -99.9 -99.9 -99.9 -99.9 -99.9 -99.9 -99.9 -99.9 -99.9 -99.9 -99.9 -99.9 -99.9 -99.9 -99.9 -99.9 -99.9 -99.9 -99.9 -99.9 -99.9 -99.9 -99.9 -99.9 -99.9 -99.9 -99.9 -99.9 -99.9 0.172267928719521 0.316664278507233 0.352681219577789 0.220586016774178
0.250520795583725 0.222574010491371 0.293944031000137 0.365314036607742 0.436684042215347 0.50137859582901 0.596114993095398 0.707242965698242 0.601931631565094 0.366045981645584 0.31160181760788 -99.9 0.490328133106232 0.536414980888367 0.582501888275146 0.628588736057281 0.674675583839417 0.720762491226196 0.766849339008331 -99.9 -99.9 -99.9 -99.9 -99.9 -99.9 -99.9 -99.9 -99.9 -99.9 -99.9 -99.9 -99.9 -99.9 -99.9 -99.9 -99.9 -99.9 -99.9 -99.9 -99.9 -99.9 -99.9 -99.9 -99.9 -99.9 -99.9 -99.9 -99.9 -99.9 -99.9 -99.9 -99.9 -99.9 -99.9 0.1509860008955 0.252770006656647 0.245934322476387 0.241356879472733
0.424711793661118 0.250403136014938 0.354494392871857 0.425864398479462 0.497234404087067 0.568604409694672 0.645504653453827 0.756632626056671 0.586704134941101 0.350818514823914 -99.9 -99.9 0.412483215332031 0.458570063114166 0.504656970500946 0.550743818283081 0.596830666065216 -99.9 0.684433460235596 -99.9 0.21746164560318 0.122762054204941 -99.9 -99.9 -99.9 -99.9 -99.9 -99.9 -99.9 -99.9 -99.9 -99.9 -99.9 -99.9 -99.9 -99.9 -99.9 -99.9 -99.9 -99.9 -99.9 -99.9 -99.9 -99.9 -99.9 -99.9 -99.9 -99.9 -99.9 -99.9 -99.9 -99.9 -99.9 0.192682966589928 0.274305641651154 0.213345587253571 0.200104415416718 0.194426417350769
0.384848713874817 0.380201786756516 0.268026858568192 0.466676205396652 0.557784736156464 0.629154741764069 0.694894313812256 0.8060222864151 0.571476638317108 -99.9 -99.9 0.26496884226799 0.334638267755508 0.380725145339966 0.426812022924423 0.496410995721817 0.609553039073944 0.591473340988159 0.383030384778976 -99.9 -99.9 0.0695858672261238 0.247278407216072 -99.9 -99.9 -99.9 -99.9 -99.9 -99.9 -99.9 -99.9 -99.9 -99.9 -99.9 -99.9 -99.9 -99.9 -99.9 -99.9 -99.9 -99.9 -99.9 -99.9 -99.9 -99.9 -99.9 -99.9 -99.9 -99.9 -99.9 -99.9 -99.9 -99.9 0.285993099212646 0.203948795795441 0.22141321003437 0.265068203210831 0.216991573572159
0.512750923633575 0.422906070947647 0.177297025918961 0.285650581121445 0.484299927949905 0.682949304580688 0.761075139045715 0.792134761810303 0.556249141693115 0.32036355137825 0.193321645259857 0.197103530168533 0.256793349981308 0.335020124912262 0.448162168264389 0.533652544021606 0.498513281345367 0.463373988866806 0.364705830812454 0.364192873239517 0.342033922672272 0.329468607902527 0.181128516793251 -99.9 -99.9 -99.9 -99.9 -99.9 -99.9 -99.9 -99.9 -99.9 -99.9 -99.9 -99.9 -99.9 -99.9 -99.9 -99.9 -99.9 -99.9 -99.9 -99.9 -99.9 -99.9 -99.9 -99.9 -99.9 -99.9 -99.9 -99.9 -99.9 0.625180423259735 0.269141316413879 0.245996043086052 0.271218359470367 0.243117973208427 0.278286248445511
0.569682896137238 0.316423207521439 0.256926655769348 0.154872685670853 0.303274303674698 0.501923680305481 0.700573027133942 0.72909688949585 0.49247670173645 0.258853226900101 0.147011920809746 0.141712605953217 0.286771297454834 0.399913311004639 0.440692484378815 0.405553191900253 0.370413899421692 0.461216688156128 0.33460134267807 0.486230880022049 -99.9 -99.9 -99.9 -99.9 -99.9 -99.9 -99.9 -99.9 -99.9 -99.9 -99.9 -99.9 -99.9 -99.9 -99.9 -99.9 -99.9 -99.9 -99.9 -99.9 -99.9 -99.9 -99.9 -99.9 -99.9 -99.9 -99.9 -99.9 -99.9 -99.9 -99.9 0.573386549949646 0.598178029060364 0.419493913650513 0.398691564798355 0.557635366916656 0.985342144966125 0.401879161596298
0.410021245479584 0.301310062408447 0.205273643136024 0.153751060366631 0.132448360323906 0.321388959884644 0.525736331939697 0.39406818151474 0.214853599667549 0.190288737416267 0.157237246632576 0.108689062297344 0.280739903450012 0.348239988088608 0.312593102455139 0.277453809976578 -99.9 0.464692384004593 0.460486263036728 -99.9 -99.9 -99.9 -99.9 -99.9 -99.9 -99.9 -99.9 -99.9 -99.9 -99.9 -99.9 -99.9 -99.9 -99.9 -99.9 -99.9 -99.9 -99.9 -99.9 -99.9 -99.9 -99.9 -99.9 -99.9 -99.9 -99.9 -99.9 -99.9 -99.9 -99.9 0.483691275119781 0.503705561161041 0.49334317445755 0.358828723430634 0.231069907546043 0.512893736362457 0.471233755350113 0.246890485286713
