fish_book/data/sediment/Wilson_et_al_2017_data_files_asc/SandD50.asc
NCOLS 200
NROWS 150
XLLCORNER -16
YLLCORNER 44
CELLSIZE 0.125
NODATA_VALUE -99.9
[rows 100 to 124 of 150, columns 58 to 115 of 200]
0.17779852449894 0.141504541039467 0.236832186579704 0.357796788215637 0.47072622179985 0.480606406927109 0.953348398208618 0.414251357316971 0.679593980312347 0.446989804506302 0.333630979061127 0.357014358043671 0.279462933540344 0.260180324316025 0.751719832420349 0.378222614526749 0.659192383289337 0.973063468933105 0.968384504318237 1.05417609214783 1.11732089519501 0.692988812923431 0.919960021972656 1.06598031520844 -99.9 -99.9 -99.9 -99.9 -99.9 -99.9 -99.9 0.578383207321167 0.484183967113495 0.372732728719711 0.215091124176979 0.204745888710022 0.194400653243065 0.207703858613968 0.197996035218239 0.223524540662766 0.286221563816071 0.347749829292297 0.331793457269669 0.337371408939362 0.384643316268921 0.413861364126205 0.536872863769531 0.453606396913528 0.450562596321106 0.601023972034454 0.525832295417786 0.693083465099335 0.768871188163757 0.916052758693695 0.772589683532715 0.796557188034058 0.625024080276489 0.761961340904236
0.171685442328453 0.377996623516083 0.239088535308838 0.196236550807953 0.563428699970245 0.901690542697906 0.258179932832718 0.355736315250397 0.186152279376984 0.667137622833252 0.285381644964218 0.197003528475761 0.206397160887718 0.313799440860748 0.337955743074417 0.272775024175644 0.641174852848053 0.447639912366867 0.531449377536774 0.895566165447235 0.902535617351532 0.852889060974121 0.842797815799713 0.540812909603119 -99.9 -99.9 0.674640953540802 -99.9 -99.9 -99.9 0.542498230934143 0.434776276350021 0.374375909566879 0.264667361974716 0.226755425333977 0.20838774740696 0.208633944392204 0.213906019926071 0.246204018592834 0.358388721942902 0.364884257316589 0.344420939683914 0.38119038939476 0.361079216003418 0.557689845561981 0.488670080900192 0.569515824317932 0.784584403038025 0.565463125705719 0.48607325553894 0.658283293247223 0.596317946910858 0.674370169639587 0.618133962154388 0.689170241355896 0.923755526542664 0.740909993648529 0.760127305984497
0.257913023233414 0.199941471219063 0.173198267817497 0.21397191286087 0.565012872219086 0.211386501789093 0.311039745807648 0.175925776362419 0.179256051778793 0.26899790763855 0.181352511048317 0.226549863815308 0.232504621148109 0.252811461687088 0.514464497566223 0.380540549755096 0.612122118473053 0.462147146463394 0.611067414283752 0.703549861907959 0.853457868099213 0.796385407447815 0.473635196685791 0.320762306451797 0.354484528303146 0.463931292295456 0.477549582719803 0.54414302110672 0.542342066764832 0.579166948795319 0.732545733451843 0.791091918945312 0.413572162389755 0.245909437537193 0.443780124187469 0.21845255792141 0.220249190926552 0.220298945903778 0.305126011371613 0.232011288404465 0.285168677568436 0.270748108625412 0.45601350069046 0.377120792865753 0.497138142585754 0.515602231025696 0.554943859577179 0.566346287727356 0.502791285514832 0.49426606297493 0.55542403459549 0.571901619434357 0.563748478889465 0.587663531303406 0.512840092182159 0.510412752628326 0.510816693305969 0.519517540931702
0.333075940608978 0.322667747735977 0.336572229862213 0.158237367868423 0.167289644479752 0.339744299650192 0.291203290224075 0.160923063755035 0.15753498673439 0.167605757713318 0.197711899876595 0.202796399593353 0.22363355755806 0.300435662269592 0.238673016428947 0.265604674816132 0.473580956459045 0.553122103214264 0.329918682575226 0.554139196872711 0.589139580726624 0.337680101394653 0.461799323558807 0.2544986307621 0.428394466638565 0.619472801685333 0.708686769008636 0.643800973892212 0.477005571126938 0.566287457942963 0.437839925289154 0.653674721717834 0.328497529029846 0.44717612862587 0.441189259290695 0.678522884845734 0.289842218160629 0.351613432168961 0.280775219202042 0.452107459306717 0.462456822395325 0.306692600250244 0.481142342090607 0.427966237068176 0.577095866203308 0.508811056613922 0.55871194601059 0.583960592746735 0.495042532682419 0.530827045440674 0.492211371660233 0.570033431053162 0.568024814128876 0.540674924850464 0.585689544677734 0.531717121601105 0.570848107337952 0.566891014575958
0.33931103348732 0.322775512933731 0.187802046537399 0.193402022123337 0.150825247168541 0.354928642511368 0.175575852394104 0.175505742430687 0.189938142895699 0.512630105018616 0.201957076787949 0.207533419132233 0.223031118512154 0.222468942403793 0.217946723103523 0.236505761742592 0.270464986562729 0.220351338386536 0.235563427209854 0.259733110666275 0.230732977390289 0.337735623121262 0.452729284763336 0.717589735984802 0.400165140628815 0.859242022037506 0.601026892662048 0.55701470375061 0.829312086105347 0.813540697097778 0.692809522151947 0.710947215557098 0.626439094543457 0.39162677526474 0.550641000270844 0.459393829107285 0.43386173248291 0.419657170772552 0.352307289838791 0.342922121286392 0.293196707963943 0.373188704252243 0.450829118490219 0.44361224770546 0.477575153112411 0.425514459609985 0.423828810453415 0.449650287628174 0.434345334768295 0.412071108818054 0.562856376171112 0.458425551652908 0.515875816345215 0.502571523189545 -99.9 -99.9 -99.9 0.501655876636505
0.233926430344582 0.288470536470413 0.207782745361328 0.279331654310226 0.280016034841537 0.268811196088791 0.230726644396782 0.291778653860092 0.24350468814373 0.275220185518265 0.188673675060272 0.222460433840752 0.211965814232826 0.218307048082352 0.22519651055336 0.267591238021851 0.241374030709267 0.312122315168381 0.317395389080048 0.276714831590652 0.252309262752533 0.691207647323608 0.343090146780014 0.500016927719116 0.495311141014099 0.483111351728439 0.486674308776855 0.670605421066284 0.456243723630905 0.599502682685852 0.555504083633423 0.482442259788513 0.511182188987732 0.710912108421326 0.47701221704483 0.7249915599823 0.714738368988037 0.617965936660767 0.382778763771057 0.3908731341362 0.49628734588623 0.478287726640701 0.445101320743561 0.447989732027054 0.360452771186829 0.398089647293091 0.428710281848907 0.549415826797485 0.539197504520416 0.492878973484039 0.581198573112488 0.575255930423737 0.482446849346161 0.456069141626358 0.474476784467697 -99.9 -99.9 -99.9
0.281583398580551 0.229063883423805 0.266371458768845 0.243457362055779 0.336657166481018 0.302907824516296 0.230948925018311 0.243710294365883 0.226433202624321 0.217459708452225 0.240534350275993 0.21140019595623 0.407744824886322 0.227972120046616 0.235480278730392 0.2219208329916 0.237249165773392 0.267777651548386 0.266178041696548 0.309785753488541 0.329545468091965 0.408963143825531 0.428862780332565 0.30337381362915 0.512854933738708 0.446336507797241 0.39056733250618 0.434026509523392 0.412058174610138 0.567103922367096 0.437880128622055 0.551204144954681 0.539646029472351 0.468284070491791 0.538621306419373 0.448329001665115 0.412863552570343 0.527931272983551 0.434479415416718 0.527616322040558 0.444985568523407 0.440399557352066 0.435695976018906 0.434839755296707 0.432381421327591 0.449473649263382 0.456426680088043 0.512408494949341 0.300714105367661 -99.9 0.55022269487381 0.589800119400024 0.49358743429184 0.55260705947876 0.444816023111343 -99.9 -99.9 -99.9
0.246652111411095 0.233917385339737 0.292087256908417 0.268576174974442 0.294223070144653 0.248196735978127 0.231242671608925 0.380067229270935 0.222597792744637 0.235401794314384 0.215111076831818 0.332195580005646 0.224536970257759 0.345137149095535 0.474707037210464 0.25830802321434 0.248412117362022 0.27812859416008 0.352084070444107 0.37538942694664 0.383412688970566 0.389713436365128 0.504628717899323 0.440917879343033 0.406627148389816 0.480402529239655 0.60772830247879 0.417840629816055 0.450298964977264 0.516469180583954 0.611443936824799 0.54320615530014 0.522887408733368 0.41203385591507 0.437477231025696 0.555337429046631 0.454577267169952 0.53691554069519 0.530856251716614 0.521351099014282 0.516661047935486 0.510419130325317 0.420875668525696 0.43444636464119 0.494009584188461 0.557041525840759 0.548888444900513 0.548015892505646 0.525064051151276 0.564163208007812 0.475706338882446 0.568503320217133 0.492033034563065 0.484913378953934 0.437597334384918 0.325822502374649 -99.9 -99.9
0.496342301368713 0.673912882804871 0.350134581327438 0.348777651786804 0.276203513145447 0.289146959781647 0.397980898618698 0.232325613498688 0.227071061730385 0.224170237779617 0.281745165586472 0.243773445487022 0.237076237797737 0.418093144893646 0.270844429731369 0.297159552574158 0.337607026100159 0.315601289272308 0.435931116342545 0.400532126426697 0.463042944669724 0.422918617725372 0.685943961143494 0.443313628435135 0.633144438266754 0.568376779556274 0.454334676265717 0.412310600280762 0.497347593307495 0.575332045555115 0.428465038537979 0.559730470180511 0.470370650291443 0.51604700088501 0.547705411911011 0.550696671009064 0.536378085613251 0.515581786632538 0.525932013988495 0.51600706577301 0.515779733657837 0.50333172082901 0.437327861785889 0.502943992614746 0.551123976707458 0.552002668380737 0.518830180168152 0.462361574172974 0.56334263086319 0.471884876489639 0.513272166252136 0.531450986862183 -99.9 -99.9 0.288611352443695 0.51546174287796 0.384476691484451 -99.9
0.369866549968719 0.335739493370056 0.359713435173035 0.360612452030182 0.314538180828094 0.332129597663879 0.250604450702667 0.377924561500549 0.243494510650635 0.274665623903275 0.234136000275612 0.242993161082268 0.278275400400162 0.267409175634384 0.384074121713638 0.309992432594299 0.412129491567612 0.381190568208694 0.419893831014633 0.664454758167267 0.526773393154144 0.594016075134277 0.425544083118439 0.432008117437363 0.437726408243179 0.45843568444252 0.503491044044495 0.531175076961517 0.54587721824646 0.463301986455917 0.555797517299652 0.490304410457611 0.515782237052917 0.532809793949127 0.554327726364136 0.560344517230988 0.558029472827911 0.566980719566345 0.567351877689362 0.541050732135773 0.500253021717072 0.493246734142303 0.473104238510132 0.515130519866943 0.504701197147369 0.531598508358002 0.514641284942627 0.453702241182327 0.53216415643692 0.457414418458939 0.453172355890274 0.526317954063416 0.531289279460907 0.560093522071838 0.456395924091339 0.471589118242264 0.504422843456268 -99.9
0.400328904390335 0.326153516769409 0.347914814949036 0.332405269145966 0.40806445479393 0.265960901975632 0.2909015417099 0.260043084621429 0.30375012755394 0.31747567653656 0.345048874616623 0.281073272228241 0.286802291870117 0.275851994752884 0.360350489616394 0.390496760606766 0.368362367153168 0.41416922211647 0.421794414520264 0.452185750007629 0.436678558588028 0.436768859624863 0.438987612724304 0.448985189199448 0.431505233049393 0.465654015541077 0.48687544465065 0.520776093006134 0.551611959934235 0.535371005535126 0.56602680683136 0.559021234512329 0.491803139448166 0.571341931819916 0.566895186901093 0.563020765781403 0.543607413768768 0.530241250991821 0.493657171726227 0.558169960975647 0.524899184703827 0.507791876792908 0.472861260175705 0.503838837146759 0.523485064506531 0.498607575893402 0.52547812461853 0.45574939250946 0.504774987697601 0.511974811553955 0.507802903652191 0.489348590373993 0.413736402988434 0.42448166012764 0.35544016957283 0.266687035560608 0.302034646272659 -99.9
0.315378576517105 0.364871472120285 0.39210370182991 0.35772243142128 0.340070456266403 0.454245299100876 0.358417898416519 0.279574543237686 0.279309719800949 0.344578504562378 0.289476692676544 0.306171387434006 0.367144793272018 0.366636842489243 0.37003830075264 0.376737207174301 0.410669505596161 0.384845376014709 0.442059934139252 0.44673964381218 0.460939019918442 0.471425116062164 0.435793519020081 0.43205139040947 0.417443424463272 0.431922197341919 0.51958954334259 0.519746124744415 0.559336185455322 0.546081006526947 0.553225457668304 0.53668475151062 0.501712918281555 0.52795797586441 0.508365631103516 0.570331037044525 0.489493370056152 0.501979112625122 0.505824983119965 0.449777185916901 0.442196130752563 -99.9 -99.9 -99.9 -99.9 -99.9 0.323070228099823 0.316472053527832 0.449481755495071 0.523099899291992 0.492078304290771 0.513619184494019 0.551063358783722 0.560028731822968 0.489758670330048 0.299143135547638 0.393620103597641 -99.9
0.350235760211945 0.363528251647949 0.377422600984573 0.298065394163132 0.373242855072021 0.449879765510559 0.373498916625977 0.273638278245926 0.375039875507355 0.447025001049042 0.374626636505127 0.377269476652145 0.370914280414581 0.309432297945023 0.452865719795227 0.377014726400375 0.373502850532532 0.386608630418777 0.411208271980286 0.387499928474426 0.468995034694672 0.434304773807526 0.489912241697311 0.443265229463577 0.440599709749222 0.533790647983551 0.438651084899902 0.553487181663513 0.498578906059265 0.522174656391144 0.529392778873444 0.52451628446579 0.511064112186432 0.4624944627285 0.555026352405548 0.323341637849808 -99.9 -99.9 -99.9 -99.9 -99.9 -99.9 -99.9 -99.9 -99.9 -99.9 -99.9 0.44451242685318 0.46283295750618 0.463046371936798 0.462086141109467 -99.9 0.545928835868835 0.459691137075424 -99.9 0.231546267867088 0.342187404632568 -99.9
0.310757786035538 0.363362610340118 0.340694487094879 0.389514207839966 0.398722499608994 0.341007143259048 0.374836295843124 0.376105636358261 0.37048077583313 0.372920602560043 0.347914934158325 0.255708754062653 0.375760316848755 0.346810847520828 0.364817559719086 0.365210443735123 0.416402012109756 0.446881413459778 0.473341673612595 0.455706238746643 0.433036983013153 0.436942011117935 0.446940034627914 0.559938371181488 0.479582011699677 0.562553763389587 0.552850425243378 0.510914862155914 0.550637423992157 0.520152032375336 0.554331481456757 0.555885434150696 -99.9 -99.9 -99.9 -99.9 -99.9 -99.9 -99.9 -99.9 -99.9 -99.9 -99.9 -99.9 -99.9 -99.9 -99.9 -99.9 -99.9 -99.9 -99.9 -99.9 -99.9 -99.9 -99.9 -99.9 -99.9 -99.9
0.362214416265488 0.299243330955505 0.375921428203583 0.376286298036575 0.374195009469986 0.376266479492188 0.341426432132721 0.375081688165665 0.349576503038406 0.353659182786942 0.263589918613434 0.375216007232666 0.350658774375916 0.357819497585297 0.42373389005661 0.408477485179901 0.51228666305542 0.488817572593689 0.486254721879959 0.447235703468323 0.484147906303406 0.439797818660736 0.43539559841156 0.456468880176544 0.453439056873322 0.443045645952225 0.552491962909698 0.515329301357269 0.543698072433472 0.512092888355255 0.53502368927002 0.222855299711227 -99.9 -99.9 -99.9 -99.9 -99.9 -99.9 -99.9 -99.9 -99.9 -99.9 -99.9 -99.9 -99.9 -99.9 -99.9 -99.9 -99.9 -99.9 -99.9 -99.9 -99.9 -99.9 -99.9 -99.9 -99.9 -99.9
0.360942631959915 0.264249414205551 0.258994340896606 0.320984810590744 0.223265543580055 0.35768449306488 0.364075034856796 0.351509362459183 0.373831152915955 0.373085737228394 0.373077899217606 0.37675416469574 0.357367396354675 0.373114109039307 0.422439575195312 0.437765896320343 0.446361750364304 0.512792110443115 0.454000264406204 0.475726276636124 0.496159583330154 0.48176845908165 0.410722672939301 0.537758946418762 0.419659912586212 0.408595383167267 0.422704517841339 0.44283464550972 0.457113027572632 0.465763539075851 0.43939408659935 0.290176570415497 0.536364912986755 -99.9 -99.9 -99.9 -99.9 -99.9 -99.9 -99.9 -99.9 -99.9 -99.9 -99.9 -99.9 -99.9 -99.9 -99.9 -99.9 -99.9 -99.9 -99.9 -99.9 -99.9 -99.9 -99.9 -99.9 -99.9
0.273772716522217 0.249956488609314 0.451982796192169 0.235439017415047 0.407105624675751 0.212749764323235 0.212206557393074 0.285356014966965 0.352201581001282 0.373528331518173 0.37316620349884 0.358616262674332 0.367147624492645 0.361950367689133 0.378715097904205 0.370169937610626 0.440391302108765 0.467565536499023 0.460285484790802 0.470124244689941 0.497525125741959 0.379602789878845 0.529685139656067 0.552474439144135 0.435045838356018 0.451125204563141 0.445425242185593 0.49424734711647 0.444979161024094 0.446346700191498 0.439082652330399 0.512592375278473 0.498497813940048 0.407926023006439 -99.9 -99.9 -99.9 -99.9 -99.9 -99.9 -99.9 -99.9 -99.9 -99.9 -99.9 -99.9 -99.9 -99.9 -99.9 -99.9 -99.9 -99.9 -99.9 -99.9 -99.9 -99.9 -99.9 -99.9
-99.9 -99.9 -99.9 -99.9 0.494669556617737 0.339053511619568 0.327629745006561 0.240190342068672 0.304290741682053 0.370699673891068 0.376187592744827 0.360513836145401 0.36337748169899 0.404956758022308 0.396559774875641 0.464042782783508 0.389021128416061 0.446299850940704 0.38017326593399 0.374563068151474 0.446232974529266 0.435573428869247 0.445925295352936 0.466606080532074 0.430013030767441 0.475279986858368 0.442406952381134 0.440050661563873 0.421134948730469 0.462956249713898 0.538698673248291 0.487880647182465 -99.9 -99.9 -99.9 -99.9 -99.9 -99.9 -99.9 -99.9 -99.9 -99.9 -99.9 -99.9 -99.9 -99.9 -99.9 -99.9 -99.9 -99.9 -99.9 -99.9 -99.9 -99.9 -99.9 -99.9 -99.9 -99.9
-99.9 -99.9 -99.9 -99.9 -99.9 -99.9 0.448175132274628 0.297735601663589 0.231970280408859 0.249888092279434 0.341730833053589 0.305666863918304 0.453237682580948 0.45683690905571 0.461736232042313 0.412162333726883 0.382911533117294 0.46313002705574 0.370294779539108 0.375141680240631 0.461648195981979 0.494545429944992 0.506205439567566 0.504965901374817 0.494138568639755 0.463662147521973 0.416062384843826 0.419635385274887 0.436029016971588 0.416622668504715 0.421150714159012 0.522699236869812 0.495114237070084 0.388276904821396 0.360027492046356 -99.9 -99.9 -99.9 -99.9 -99.9 -99.9 -99.9 -99.9 -99.9 -99.9 -99.9 -99.9 -99.9 -99.9 -99.9 -99.9 -99.9 -99.9 -99.9 -99.9 -99.9 -99.9 -99.9
-99.9 -99.9 -99.9 -99.9 -99.9 -99.9 -99.9 -99.9 -99.9 0.477640479803085 0.284285992383957 0.294067114591599 0.38789314031601 0.445459842681885 0.452723145484924 0.462138712406158 0.454171866178513 0.433540165424347 0.37191715836525 0.425281405448914 0.456572830677032 0.476521074771881 0.442962050437927 0.490212887525558 0.444202959537506 0.463394165039062 0.458299934864044 0.418856084346771 0.417376935482025 0.422217130661011 0.423235207796097 0.40836775302887 0.419413834810257 0.384869009256363 0.333843141794205 -99.9 -99.9 0.303904622793198 0.216711819171906 -99.9 -99.9 -99.9 -99.9 -99.9 -99.9 -99.9 -99.9 -99.9 -99.9 -99.9 -99.9 -99.9 -99.9 -99.9 -99.9 -99.9 -99.9 -99.9
-99.9 -99.9 -99.9 -99.9 -99.9 -99.9 -99.9 -99.9 -99.9 -99.9 0.286078155040741 0.271500706672668 0.331220984458923 0.250813215970993 0.362092345952988 0.271159708499908 0.370080977678299 0.343597948551178 0.340890914201736 0.405546069145203 0.465827643871307 0.486150026321411 0.440442204475403 0.483968019485474 0.450914710760117 0.466756105422974 0.387180656194687 0.378505855798721 0.37176313996315 0.287086367607117 0.267888993024826 0.222958996891975 0.259270697832108 0.378086179494858 0.432976096868515 0.302194148302078 0.413856625556946 0.289687275886536 0.226558342576027 0.330875426530838 0.557787179946899 0.429554641246796 -99.9 -99.9 -99.9 -99.9 -99.9 -99.9 -99.9 -99.9 -99.9 -99.9 -99.9 -99.9 -99.9 -99.9 -99.9 -99.9
-99.9 -99.9 -99.9 -99.9 -99.9 -99.9 -99.9 -99.9 -99.9 -99.9 -99.9 -99.9 0.283060520887375 -99.9 0.268244475126266 0.332948863506317 0.392961919307709 0.212824404239655 0.309776097536087 0.47635293006897 0.485206782817841 0.453749567270279 0.446391969919205 0.490183174610138 0.512410759925842 0.465400546789169 0.378086686134338 0.274339467287064 0.261022686958313 0.261620849370956 0.264060765504837 0.270507484674454 0.364067703485489 0.376158118247986 0.359645634889603 0.381148457527161 0.270733177661896 0.381041795015335 0.361738264560699 0.388831496238708 0.277827560901642 0.2742038667202 0.443966627120972 0.267248749732971 0.40320211648941 -99.9 -99.9 -99.9 -99.9 -99.9 -99.9 -99.9 -99.9 -99.9 -99.9 -99.9 -99.9 -99.9
-99.9 -99.9 -99.9 -99.9 -99.9 -99.9 -99.9 -99.9 -99.9 -99.9 -99.9 -99.9 -99.9 -99.9 -99.9 -99.9 -99.9 -99.9 0.265087306499481 0.323523581027985 0.344379663467407 0.2575743496418 0.366883963346481 0.264089435338974 0.263566672801971 0.27546638250351 0.384187430143356 0.244252741336823 0.284030914306641 0.256637424230576 0.268110692501068 0.248487815260887 0.332758158445358 0.340941995382309 0.374749094247818 0.357073664665222 0.426391571760178 0.431315064430237 0.437731206417084 0.439684510231018 0.385231763124466 0.387029856443405 0.464393496513367 0.352869957685471 0.323861718177795 0.15975034236908 0.236119389533997 0.381315588951111 0.341678857803345 0.233400464057922 -99.9 -99.9 -99.9 -99.9 -99.9 -99.9 -99.9 -99.9
-99.9 -99.9 -99.9 -99.9 -99.9 -99.9 -99.9 -99.9 -99.9 -99.9 -99.9 -99.9 -99.9 -99.9 -99.9 -99.9 -99.9 -99.9 -99.9 -99.9 -99.9 0.478938341140747 0.355065077543259 0.331088840961456 0.348461985588074 0.164049163460732 0.366863310337067 0.271423578262329 0.235046222805977 0.327932059764862 0.250921338796616 0.262028753757477 0.25190457701683 0.366162359714508 0.358995229005814 0.358574211597443 0.385085225105286 0.422820955514908 0.424454987049103 0.394726365804672 0.459309101104736 0.257479727268219 0.221377164125443 0.431492060422897 -99.9 -99.9 0.322934001684189 0.219516828656197 0.210142493247986 0.471638888120651 -99.9 -99.9 -99.9 -99.9 -99.9 -99.9 -99.9 -99.9
-99.9 -99.9 -99.9 -99.9 -99.9 -99.9 -99.9 -99.9 -99.9 -99.9 -99.9 -99.9 -99.9 -99.9 -99.9 -99.9 -99.9 -99.9 -99.9 -99.9 -99.9 -99.9 -99.9 -99.9 -99.9 0.275474101305008 0.267099559307098 0.252838581800461 0.266755014657974 0.249111190438271 0.216998532414436 0.393699020147324 0.284267067909241 0.225310072302818 0.261804044246674 0.350634664297104 0.440639704465866 0.350380390882492 0.435194075107574 0.41832423210144 0.36259925365448 0.371222674846649 0.209130346775055 0.260315835475922 0.300207227468491 0.300182163715363 0.447562664747238 0.415408104658127 0.3382907807827 0.28281244635582 0.351198971271515 0.182258188724518 -99.9 -99.9 -99.9 -99.9 -99.9 -99.9
