fish_book/data/sediment/Wilson_et_al_2017_data_files_asc/SandPercent.asc
NCOLS 200
NROWS 150
XLLCORNER -16
YLLCORNER 44
CELLSIZE 0.125
NODATA_VALUE -99.9
[rows 78 to 103 of 150, columns 59 to 117 of 200]
-99.9 -99.9 -99.9 -99.9 -99.9 -99.9 -99.9 -99.9 -99.9 -99.9 -99.9 -99.9 -99.9 -99.9 -99.9 -99.9 -99.9 -99.9 -99.9 -99.9 -99.9 35.6735763549805 46.7221870422363 86.3665466308594 81.7837066650391 57.160701751709 55.6887512207031 53.6656494140625 43.6424217224121 32.8986740112305 45.6011695861816 52.6806297302246 -99.9 -99.9 -99.9 -99.9 -99.9 -99.9 -99.9 -99.9 -99.9 -99.9 -99.9 -99.9 -99.9 -99.9 -99.9 -99.9 -99.9 -99.9 -99.9 -99.9 -99.9 -99.9 -99.9 -99.9 -99.9 -99.9 -99.9
-99.9 -99.9 -99.9 -99.9 -99.9 -99.9 -99.9 -99.9 -99.9 -99.9 -99.9 -99.9 -99.9 -99.9 -99.9 -99.9 -99.9 -99.9 -99.9 -99.9 57.9182777404785 46.6946640014648 43.6821670532227 73.9149017333984 82.7679214477539 74.0066146850586 67.6516647338867 44.4702644348145 38.0473022460938 54.3655166625977 30.9254360198975 -99.9 -99.9 59.75048828125 82.9322814941406 76.1925659179688 -99.9 -99.9 -99.9 -99.9 -99.9 -99.9 -99.9 -99.9 -99.9 -99.9 -99.9 -99.9 -99.9 -99.9 -99.9 -99.9 -99.9 -99.9 -99.9 -99.9 -99.9 -99.9 -99.9
-99.9 -99.9 -99.9 -99.9 -99.9 -99.9 -99.9 -99.9 -99.9 -99.9 -99.9 -99.9 -99.9 -99.9 -99.9 -99.9 -99.9 -99.9 -99.9 -99.9 72.5179290771484 61.0501365661621 46.1141510009766 70.3442230224609 74.1433029174805 70.1268920898438 57.652214050293 58.986026763916 62.3399963378906 71.8826446533203 43.8699798583984 80.3170166015625 68.8268203735352 42.1691513061523 84.0519943237305 81.9692916870117 -99.9 -99.9 -99.9 -99.9 -99.9 -99.9 -99.9 -99.9 -99.9 -99.9 -99.9 -99.9 -99.9 -99.9 -99.9 -99.9 -99.9 -99.9 -99.9 -99.9 -99.9 -99.9 -99.9
-99.9 -99.9 -99.9 -99.9 -99.9 -99.9 -99.9 -99.9 -99.9 -99.9 -99.9 -99.9 -99.9 -99.9 -99.9 -99.9 -99.9 -99.9 -99.9 -99.9 75.1359710693359 61.4949836730957 51.1620788574219 66.4896392822266 57.9169731140137 58.6203842163086 48.4019584655762 82.388053894043 89.4010467529297 84.6973114013672 75.8556137084961 70.9848098754883 68.2314682006836 91.7106475830078 84.3015518188477 90.6929931640625 -99.9 -99.9 -99.9 -99.9 -99.9 -99.9 -99.9 -99.9 -99.9 -99.9 -99.9 -99.9 -99.9 -99.9 -99.9 -99.9 -99.9 -99.9 -99.9 -99.9 -99.9 -99.9 -99.9
-99.9 -99.9 -99.9 -99.9 -99.9 -99.9 -99.9 -99.9 -99.9 -99.9 -99.9 -99.9 -99.9 -99.9 -99.9 -99.9 -99.9 -99.9 -99.9 86.831169128418 84.023323059082 63.1095542907715 34.9206047058105 53.5949630737305 40.8935089111328 40.5486526489258 55.6235122680664 81.1645431518555 82.7275772094727 80.132568359375 79.3406829833984 69.6204071044922 66.6753845214844 64.8789749145508 96.2199249267578 93.2802200317383 -99.9 -99.9 -99.9 -99.9 -99.9 -99.9 -99.9 -99.9 -99.9 -99.9 -99.9 -99.9 -99.9 -99.9 -99.9 -99.9 -99.9 -99.9 -99.9 -99.9 -99.9 -99.9 -99.9
-99.9 -99.9 -99.9 -99.9 -99.9 -99.9 -99.9 -99.9 -99.9 -99.9 -99.9 -99.9 -99.9 -99.9 -99.9 -99.9 -99.9 -99.9 67.020751953125 77.2730178833008 87.3873519897461 78.5868759155273 45.6097068786621 26.2160778045654 43.6057205200195 51.0895576477051 78.0997085571289 81.0698165893555 69.7330780029297 61.0498123168945 71.4244003295898 58.0330619812012 82.2916564941406 74.8251113891602 65.7884902954102 -99.9 -99.9 -99.9 -99.9 -99.9 -99.9 -99.9 -99.9 -99.9 -99.9 -99.9 -99.9 -99.9 -99.9 -99.9 -99.9 -99.9 -99.9 -99.9 -99.9 -99.9 -99.9 -99.9 -99.9
-99.9 -99.9 -99.9 -99.9 -99.9 -99.9 -99.9 -99.9 -99.9 -99.9 -99.9 -99.9 -99.9 -99.9 -99.9 75.6632461547852 -99.9 -99.9 65.3934326171875 73.8378829956055 75.299934387207 75.3353729248047 53.3237228393555 26.5795097351074 28.889949798584 53.9862823486328 68.1042938232422 58.6913909912109 52.0705947875977 60.4430313110352 67.5049591064453 53.030200958252 -99.9 -99.9 -99.9 -99.9 -99.9 -99.9 -99.9 -99.9 -99.9 -99.9 -99.9 -99.9 -99.9 -99.9 -99.9 -99.9 -99.9 -99.9 -99.9 -99.9 -99.9 -99.9 -99.9 -99.9 -99.9 -99.9 -99.9
-99.9 -99.9 -99.9 -99.9 -99.9 -99.9 -99.9 -99.9 -99.9 61.6334419250488 65.1534652709961 64.5286407470703 44.9146957397461 31.2672138214111 64.5214996337891 61.425537109375 82.2096405029297 90.2935485839844 79.3631896972656 60.6474456787109 59.9453811645508 60.4855995178223 51.445629119873 44.9465866088867 50.3793563842773 58.6909561157227 54.255687713623 64.1797027587891 51.9117164611816 62.1540412902832 -99.9 -99.9 -99.9 -99.9 -99.9 -99.9 -99.9 -99.9 -99.9 -99.9 -99.9 -99.9 -99.9 -99.9 -99.9 -99.9 -99.9 -99.9 -99.9 -99.9 -99.9 -99.9 -99.9 -99.9 -99.9 -99.9 -99.9 -99.9 -99.9
-99.9 -99.9 -99.9 -99.9 -99.9 -99.9 -99.9 -99.9 41.5802803039551 70.3143463134766 42.1121139526367 30.8870983123779 48.1760940551758 51.163932800293 85.1433181762695 86.3103408813477 90.6291809082031 95.0108947753906 91.3266525268555 77.4992218017578 50.8532257080078 45.8532562255859 46.2139778137207 43.4668502807617 45.6835670471191 24.366340637207 67.3112030029297 -99.9 -99.9 -99.9 -99.9 -99.9 -99.9 -99.9 -99.9 -99.9 -99.9 -99.9 -99.9 -99.9 -99.9 -99.9 -99.9 -99.9 -99.9 -99.9 -99.9 -99.9 -99.9 -99.9 -99.9 -99.9 -99.9 -99.9 -99.9 -99.9 -99.9 -99.9 -99.9
-99.9 -99.9 -99.9 -99.9 -99.9 63.5709114074707 31.1961040496826 35.1147766113281 46.430103302002 55.4438438415527 41.8430213928223 62.1240615844727 68.2653427124023 88.8465194702148 80.2077102661133 86.9795532226562 94.7860412597656 96.566764831543 93.8439331054688 89.0873641967773 59.4185218811035 61.7798843383789 60.6724243164062 59.4225997924805 58.1822052001953 50.5259437561035 57.1855888366699 76.9955978393555 -99.9 -99.9 -99.9 -99.9 -99.9 -99.9 -99.9 -99.9 -99.9 -99.9 -99.9 -99.9 -99.9 -99.9 -99.9 -99.9 -99.9 -99.9 -99.9 -99.9 -99.9 -99.9 -99.9 -99.9 -99.9 -99.9 -99.9 -99.9 -99.9 -99.9 -99.9
-99.9 -99.9 62.6739730834961 40.0354652404785 22.5734367370605 25.6064472198486 29.0884761810303 32.9233322143555 37.4909439086914 63.8838348388672 62.4241981506348 82.16259765625 77.0189514160156 48.8371315002441 44.9259757995605 47.6595916748047 79.0371627807617 95.7773971557617 94.1984710693359 92.7990951538086 95.4332962036133 89.0435943603516 79.8577423095703 52.4047088623047 50.2363052368164 42.0297698974609 52.8095054626465 -99.9 -99.9 -99.9 -99.9 -99.9 58.6104431152344 85.0616912841797 -99.9 -99.9 -99.9 -99.9 -99.9 -99.9 -99.9 -99.9 -99.9 -99.9 -99.9 -99.9 -99.9 -99.9 -99.9 -99.9 -99.9 -99.9 -99.9 -99.9 -99.9 -99.9 -99.9 -99.9 -99.9
70.0341415405273 79.3292541503906 73.4681854248047 75.7976837158203 83.4832534790039 31.1985187530518 32.658203125 34.4838333129883 36.7439155578613 46.4540138244629 57.603458404541 69.0788421630859 77.8596878051758 62.2831687927246 41.4091987609863 42.977970123291 88.6738357543945 92.2676620483398 88.6037216186523 89.5360565185547 88.4062423706055 90.6120452880859 92.7165832519531 90.7654190063477 78.9762420654297 95.1824264526367 81.6530380249023 88.5791931152344 80.4183197021484 84.7784957885742 71.7450942993164 76.3627090454102 89.578727722168 78.4350204467773 -99.9 -99.9 -99.9 60.3644561767578 -99.9 -99.9 -99.9 -99.9 -99.9 -99.9 -99.9 -99.9 -99.9 -99.9 -99.9 -99.9 -99.9 -99.9 -99.9 -99.9 -99.9 -99.9 -99.9 -99.9 -99.9
75.7809982299805 77.6677551269531 83.0052261352539 79.0798416137695 76.0149307250977 43.0353927612305 41.7384147644043 42.3994750976562 44.1041793823242 51.5232849121094 63.2631683349609 72.4904022216797 81.1572570800781 82.9344024658203 77.2557983398438 80.9967575073242 90.177375793457 71.8034973144531 62.417724609375 63.6559944152832 50.830867767334 72.3270111083984 95.2517318725586 94.891227722168 98.1230163574219 97.2731475830078 97.159294128418 96.5001068115234 79.7714996337891 81.4290084838867 77.1779632568359 71.9827270507812 91.4414978027344 79.3530883789062 64.1395111083984 45.8291320800781 63.7735443115234 42.0915336608887 29.5283088684082 26.0503177642822 -99.9 -99.9 -99.9 -99.9 32.687671661377 80.0132064819336 -99.9 -99.9 -99.9 -99.9 -99.9 -99.9 -99.9 -99.9 -99.9 -99.9 -99.9 -99.9 -99.9
81.3734512329102 78.0604476928711 81.0049285888672 81.3161163330078 81.7763824462891 77.928108215332 54.6275634765625 52.929573059082 52.4353866577148 57.7032203674316 62.8234558105469 62.9421577453613 58.1147842407227 57.1042938232422 72.5522384643555 88.8880844116211 80.6756134033203 46.987979888916 30.3383750915527 21.2662754058838 49.4664878845215 87.0013656616211 94.6678009033203 97.1972351074219 98.2488250732422 98.4049987792969 96.7478408813477 95.1285552978516 86.9667434692383 78.8859786987305 59.5639572143555 51.858325958252 70.5365447998047 69.8054504394531 45.9123878479004 24.3792877197266 22.7591762542725 13.8494815826416 12.2170314788818 12.2206573486328 20.8959655761719 16.9473094940186 39.6549606323242 36.9340515136719 36.20947265625 -99.9 -99.9 -99.9 -99.9 -99.9 -99.9 -99.9 -99.9 -99.9 -99.9 -99.9 -99.9 -99.9 -99.9
82.8704376220703 74.9512329101562 77.0310440063477 78.6712341308594 82.1299591064453 81.5485305786133 67.9665069580078 65.7758560180664 61.1722755432129 62.5024719238281 64.4651641845703 65.1863327026367 66.1294021606445 69.5446624755859 80.6946487426758 83.3524551391602 86.0481262207031 78.0632858276367 52.9908180236816 42.356258392334 61.0113410949707 89.2561340332031 87.2891845703125 98.9347839355469 98.6061859130859 98.2972640991211 98.8304443359375 97.073860168457 96.7507858276367 91.7188568115234 55.7471389770508 34.5284004211426 59.261589050293 69.8431625366211 56.0775566101074 -99.9 -99.9 -99.9 -99.9 -99.9 -99.9 -99.9 -99.9 -99.9 -99.9 -99.9 -99.9 -99.9 -99.9 -99.9 -99.9 -99.9 -99.9 -99.9 -99.9 -99.9 -99.9 -99.9 -99.9
81.3326187133789 78.9136276245117 82.9898223876953 79.7864379882812 77.747688293457 82.6065216064453 77.9992904663086 70.9720153808594 63.4937591552734 67.7410507202148 75.7569351196289 78.0434494018555 80.4341201782227 82.7851943969727 88.5497283935547 87.7201156616211 94.0366058349609 84.7229690551758 78.0127639770508 70.785041809082 77.1526031494141 93.9343032836914 89.3685302734375 97.7058792114258 98.5204162597656 98.6561050415039 94.7428512573242 93.0848388671875 88.2109603881836 76.064338684082 71.7114868164062 45.8543891906738 36.304759979248 60.4146919250488 83.5961151123047 -99.9 -99.9 -99.9 -99.9 -99.9 -99.9 -99.9 -99.9 -99.9 -99.9 -99.9 -99.9 -99.9 -99.9 -99.9 -99.9 -99.9 -99.9 -99.9 -99.9 -99.9 -99.9 -99.9 -99.9
76.3779678344727 77.1251220703125 73.3470306396484 76.8809814453125 75.131591796875 86.090217590332 79.278076171875 72.840690612793 65.362434387207 70.9799728393555 82.5543441772461 88.3346328735352 83.9197845458984 88.785774230957 75.8633117675781 79.5912475585938 88.8123168945312 88.4200820922852 82.1655731201172 84.6884765625 87.4901351928711 92.7603530883789 94.6422805786133 94.8255996704102 87.2675018310547 78.4084854125977 69.7664260864258 61.1193618774414 55.6890296936035 65.3814849853516 80.6238250732422 85.2778778076172 -99.9 -99.9 -99.9 -99.9 -99.9 -99.9 -99.9 -99.9 -99.9 -99.9 -99.9 -99.9 -99.9 -99.9 -99.9 -99.9 -99.9 -99.9 -99.9 -99.9 -99.9 -99.9 -99.9 -99.9 -99.9 -99.9 -99.9
74.0361938476562 70.4076766967773 75.409294128418 73.6452331542969 81.4272232055664 89.3441772460938 75.9085922241211 67.0416946411133 66.2153015136719 74.6869735717773 81.4260025024414 83.6851501464844 85.0371170043945 82.4432067871094 92.302978515625 85.5644683837891 78.4453125 85.4446105957031 89.2070693969727 92.4328765869141 93.9745254516602 86.4860229492188 51.3380279541016 69.7034530639648 81.3494873046875 71.8474655151367 61.3041114807129 51.136402130127 53.6231498718262 92.8709487915039 49.4628791809082 76.8295669555664 -99.9 -99.9 -99.9 -99.9 -99.9 -99.9 -99.9 -99.9 -99.9 -99.9 -99.9 -99.9 -99.9 -99.9 -99.9 -99.9 -99.9 -99.9 -99.9 -99.9 -99.9 -99.9 -99.9 -99.9 -99.9 -99.9 -99.9
53.7765655517578 53.002872467041 59.468391418457 68.4265823364258 77.3603439331055 85.4160842895508 92.3750762939453 60.9286193847656 67.7226715087891 72.4551315307617 74.0808944702148 80.7808227539062 82.6779403686523 71.2666778564453 82.7106170654297 88.8560943603516 92.9275207519531 91.229621887207 85.7274856567383 77.9705810546875 87.5677261352539 79.2164993286133 53.0496253967285 67.9082107543945 81.0515518188477 74.3430938720703 76.8755722045898 79.8922805786133 76.9734420776367 71.1809310913086 58.1223487854004 -99.9 -99.9 -99.9 -99.9 -99.9 -99.9 -99.9 -99.9 -99.9 -99.9 -99.9 -99.9 -99.9 -99.9 -99.9 -99.9 -99.9 -99.9 -99.9 -99.9 -99.9 -99.9 -99.9 69.7882766723633 33.7426490783691 56.2204322814941 -99.9 -99.9
59.4282417297363 51.7888832092285 55.3889389038086 58.8775672912598 66.4271087646484 57.9412384033203 63.0781517028809 51.1564903259277 62.0397415161133 71.3418655395508 67.0793533325195 66.1319808959961 69.9537887573242 75.3276672363281 89.5096588134766 86.3359985351562 81.1223373413086 78.130256652832 74.8927459716797 84.5161056518555 86.8782043457031 75.4423904418945 75.5287551879883 49.659839630127 75.7804946899414 80.3052749633789 83.2138824462891 65.1043930053711 43.8557472229004 -99.9 -99.9 -99.9 -99.9 -99.9 -99.9 -99.9 -99.9 -99.9 -99.9 -99.9 -99.9 68.6958770751953 65.5484771728516 74.0239715576172 81.6397476196289 89.3428649902344 87.8340377807617 62.6727256774902 60.4202880859375 -99.9 77.9357147216797 65.3983154296875 -99.9 26.6167449951172 40.2001953125 40.7442169189453 46.7104759216309 57.4709434509277 56.2483787536621
61.8193817138672 51.1796188354492 55.0293197631836 58.2056884765625 69.3077163696289 61.5890884399414 66.8670349121094 76.5897369384766 71.2645416259766 61.1434288024902 73.5120010375977 66.5444793701172 73.1904754638672 79.8492126464844 92.4317016601562 85.7353439331055 63.6896705627441 81.6730651855469 74.8988037109375 64.5650405883789 62.1408271789551 80.0764007568359 80.0919723510742 67.1821975708008 70.6905746459961 80.2663345336914 75.0218658447266 47.9872589111328 -99.9 -99.9 -99.9 -99.9 -99.9 -99.9 -99.9 -99.9 -99.9 -99.9 -99.9 -99.9 -99.9 52.4785499572754 66.4386215209961 86.2258911132812 86.4608612060547 80.8083419799805 60.2933578491211 38.2600479125977 39.7441673278809 45.6561012268066 35.9069061279297 27.9412574768066 24.1682147979736 19.5224323272705 38.1473922729492 49.9747276306152 45.4151153564453 22.3045711517334 16.5511569976807
64.098258972168 53.0920333862305 51.1972045898438 66.9406661987305 71.3876647949219 73.7210006713867 69.8225250244141 63.1257858276367 72.5111541748047 85.1329879760742 63.2498931884766 64.9291915893555 83.6568832397461 81.964225769043 80.3410186767578 84.0577392578125 62.5770988464355 83.3598327636719 77.3862075805664 70.8417205810547 79.4943237304688 62.1547050476074 61.1003341674805 58.5521545410156 79.0101089477539 75.4037704467773 89.1058959960938 -99.9 -99.9 -99.9 -99.9 -99.9 -99.9 74.5278778076172 73.0374526977539 70.6745910644531 -99.9 -99.9 -99.9 -99.9 -99.9 70.0153350830078 78.7627639770508 89.402099609375 76.5461196899414 56.7574691772461 42.5268669128418 30.6643714904785 30.4643878936768 32.8282127380371 18.6720409393311 22.6571598052979 27.5893630981445 35.9173889160156 28.7262344360352 24.9588985443115 37.8552474975586 36.4632301330566 51.8700408935547
63.2221260070801 59.1910705566406 51.110424041748 53.8433036804199 62.7290153503418 49.9492301940918 73.5030212402344 72.4246368408203 72.5951538085938 75.3188629150391 82.2120590209961 73.8655395507812 82.4519882202148 81.5675506591797 87.9588088989258 85.0664825439453 78.599479675293 70.3557205200195 76.0263519287109 67.301155090332 75.5324478149414 61.8828620910645 36.071346282959 -99.9 -99.9 -99.9 -99.9 -99.9 -99.9 -99.9 69.8744125366211 77.7037200927734 84.0895919799805 80.7195739746094 76.9668045043945 89.2076797485352 75.1011657714844 78.1712265014648 82.7610931396484 79.2349014282227 70.2296981811523 82.2143020629883 85.9842147827148 85.2019958496094 72.8376541137695 60.9377593994141 56.3608131408691 47.7623825073242 40.0725898742676 28.9312915802002 17.6286392211914 17.4450798034668 16.5848560333252 15.187403678894 25.0772972106934 14.7277956008911 20.5008792877197 14.4693231582642 25.9490089416504
62.2789154052734 62.9449119567871 44.272533416748 50.4513130187988 59.091194152832 74.3679504394531 68.6452178955078 64.8003845214844 71.3996047973633 63.3269882202148 70.0221939086914 73.7938842773438 72.4223175048828 86.4979095458984 73.9544296264648 84.8442535400391 77.5563430786133 76.9262008666992 69.5184707641602 67.1763458251953 66.7985000610352 54.4733734130859 36.5042266845703 -99.9 -99.9 85.9458770751953 -99.9 -99.9 -99.9 66.6672668457031 87.0947875976562 87.8834762573242 89.9686279296875 91.6167907714844 93.9987411499023 92.4615631103516 96.3051528930664 97.74169921875 93.1167755126953 87.1330947875977 91.5126419067383 86.6141052246094 76.1841583251953 62.1863899230957 55.7048072814941 39.2919807434082 40.232006072998 26.1367378234863 25.5898818969727 33.1919441223145 35.2704010009766 40.0147171020508 34.7952079772949 24.4128570556641 20.8093070983887 19.64137840271 15.5735912322998 12.1529226303101 28.7084808349609
64.1567077636719 66.4639129638672 55.6378555297852 59.2148704528809 67.0200500488281 75.9028778076172 73.7465744018555 69.9982223510742 68.190803527832 74.9636993408203 78.3113327026367 77.8069458007812 83.8173599243164 89.0839767456055 90.3681793212891 74.4282302856445 63.9555320739746 67.4358444213867 77.7550201416016 64.6275177001953 74.1646957397461 85.2108001708984 87.118896484375 77.4868392944336 66.9353179931641 66.863037109375 66.0746383666992 53.1908721923828 56.7545585632324 67.1519470214844 69.765869140625 64.4852066040039 76.7929534912109 72.2325973510742 75.9459838867188 78.070198059082 86.0061264038086 91.457633972168 91.9235458374023 93.165901184082 92.0902557373047 76.8135681152344 73.0132675170898 71.0775833129883 60.2332038879395 54.9316787719727 51.4975662231445 40.8646545410156 27.302640914917 15.6583099365234 11.6227073669434 12.9690494537354 22.3805179595947 23.5363292694092 28.7890930175781 28.8450679779053 18.6793899536133 26.6958980560303 21.4170665740967
83.2775802612305 78.0945510864258 73.837760925293 73.1686782836914 87.9773101806641 88.8591842651367 75.6894683837891 77.5876922607422 58.4887924194336 84.0375137329102 69.1298751831055 67.8145980834961 71.6272125244141 90.6499252319336 79.0402450561523 69.6584548950195 90.1494598388672 82.0014266967773 69.9036026000977 72.9334030151367 82.2319717407227 80.8926544189453 86.3324737548828 85.6159133911133 76.224983215332 70.9211349487305 64.4219131469727 41.1743850708008 42.4737968444824 73.8879852294922 63.3235168457031 69.1847839355469 69.380126953125 67.6600799560547 67.9745635986328 64.3431015014648 62.127082824707 57.7834320068359 73.3428649902344 81.4897842407227 79.8829193115234 80.2587127685547 74.1985397338867 76.9185028076172 59.9845008850098 51.1245346069336 66.5306625366211 65.1604385375977 46.3324165344238 28.879207611084 23.0662117004395 25.5692234039307 28.3383293151855 41.4616355895996 29.7693214416504 24.7103443145752 24.1118469238281 29.9845199584961 20.9295387268066
