fish_book/data/sediment/Wilson_et_al_2017_data_files_asc/SurfaceCarbon.asc
NCOLS 200
NROWS 150
XLLCORNER -16
YLLCORNER 44
CELLSIZE 0.125
NODATA_VALUE -99.9
[rows 0 to 25 of 150, columns 116 to 173 of 200]
-99.9 -99.9 -99.9 -99.9 -99.9 -99.9 -99.9 -99.9 -99.9 -99.9 -99.9 -99.9 -99.9 -99.9 -99.9 -99.9 -99.9 -99.9 -99.9 -99.9 -99.9 -99.9 -99.9 -99.9 -99.9 -99.9 -99.9 -99.9 -99.9 -99.9 -99.9 -99.9 -99.9 -99.9 -99.9 -99.9 -99.9 -99.9 -99.9 -99.9 -99.9 -99.9 -99.9 -99.9 -99.9 -99.9 -99.9 -99.9 -99.9 -99.9 -99.9 -99.9 -99.9 -99.9 -99.9 -99.9 -99.9 -99.9
-99.9 -99.9 -99.9 -99.9 -99.9 -99.9 -99.9 -99.9 -99.9 -99.9 -99.9 -99.9 -99.9 -99.9 -99.9 -99.9 -99.9 -99.9 -99.9 -99.9 -99.9 -99.9 -99.9 -99.9 -99.9 -99.9 -99.9 -99.9 -99.9 -99.9 -99.9 -99.9 -99.9 -99.9 -99.9 -99.9 -99.9 -99.9 -99.9 -99.9 -99.9 -99.9 -99.9 -99.9 -99.9 -99.9 -99.9 -99.9 -99.9 -99.9 -99.9 -99.9 -99.9 -99.9 -99.9 -99.9 -99.9 -99.9
-99.9 -99.9 -99.9 -99.9 -99.9 -99.9 -99.9 -99.9 -99.9 -99.9 -99.9 -99.9 -99.9 -99.9 -99.9 -99.9 -99.9 -99.9 -99.9 -99.9 -99.9 -99.9 -99.9 -99.9 -99.9 -99.9 -99.9 -99.9 -99.9 -99.9 -99.9 -99.9 -99.9 -99.9 -99.9 -99.9 -99.9 -99.9 -99.9 -99.9 -99.9 -99.9 -99.9 -99.9 -99.9 -99.9 -99.9 -99.9 -99.9 -99.9 -99.9 -99.9 -99.9 -99.9 -99.9 -99.9 -99.9 -99.9
-99.9 -99.9 -99.9 -99.9 -99.9 -99.9 -99.9 -99.9 -99.9 -99.9 -99.9 -99.9 -99.9 -99.9 -99.9 -99.9 -99.9 -99.9 -99.9 -99.9 -99.9 -99.9 -99.9 -99.9 -99.9 -99.9 -99.9 -99.9 -99.9 -99.9 -99.9 -99.9 -99.9 -99.9 -99.9 -99.9 -99.9 -99.9 -99.9 -99.9 -99.9 -99.9 -99.9 -99.9 -99.9 -99.9 -99.9 -99.9 -99.9 -99.9 -99.9 -99.9 -99.9 -99.9 -99.9 -99.9 -99.9 -99.9
-99.9 -99.9 -99.9 -99.9 -99.9 -99.9 -99.9 -99.9 -99.9 -99.9 -99.9 -99.9 -99.9 -99.9 -99.9 -99.9 -99.9 -99.9 -99.9 -99.9 -99.9 -99.9 -99.9 -99.9 -99.9 -99.9 -99.9 -99.9 -99.9 -99.9 -99.9 -99.9 -99.9 -99.9 -99.9 -99.9 -99.9 -99.9 -99.9 -99.9 -99.9 -99.9 -99.9 -99.9 -99.9 -99.9 -99.9 -99.9 -99.9 -99.9 -99.9 -99.9 -99.9 -99.9 -99.9 -99.9 -99.9 -99.9
-99.9 -99.9 -99.9 -99.9 -99.9 -99.9 -99.9 -99.9 -99.9 -99.9 -99.9 -99.9 -99.9 -99.9 -99.9 -99.9 -99.9 -99.9 -99.9 -99.9 -99.9 -99.9 -99.9 -99.9 -99.9 -99.9 -99.9 -99.9 -99.9 -99.9 -99.9 -99.9 -99.9 -99.9 -99.9 -99.9 -99.9 -99.9 -99.9 -99.9 -99.9 -99.9 -99.9 -99.9 -99.9 -99.9 -99.9 -99.9 -99.9 -99.9 -99.9 -99.9 -99.9 -99.9 -99.9 -99.9 -99.9 -99.9
-99.9 -99.9 -99.9 -99.9 -99.9 -99.9 0.867418169975281 0.808881461620331 0.645157039165497 0.753040790557861 0.760305881500244 0.749488174915314 0.569612860679626 0.588787615299225 0.654424071311951 0.659077703952789 0.57750940322876 0.548450112342834 0.515329658985138 0.516214609146118 0.55511862039566 0.552513837814331 0.553514659404755 0.646004319190979 0.825025618076324 0.786353468894958 0.780254662036896 0.835664689540863 0.792548954486847 0.801641881465912 0.787570536136627 0.772288501262665 0.755377590656281 0.788890659809113 0.824069917201996 0.90833044052124 1.02298772335052 1.06821918487549 1.10556948184967 1.15887153148651 1.10454595088959 1.49033772945404 1.22523176670074 1.2657482624054 1.24344742298126 1.40857827663422 1.37096476554871 1.49226427078247 1.68074464797974 1.64079010486603 2.30781221389771 -99.9 -99.9 -99.9 -99.9 -99.9 -99.9 -99.9
-99.9 -99.9 -99.9 -99.9 0.793113052845001 0.778035819530487 0.839185178279877 0.713693618774414 0.806600451469421 0.535181224346161 0.537825465202332 0.527222156524658 0.523290157318115 0.535843253135681 0.527205526828766 0.568129003047943 0.52281254529953 0.508114874362946 0.586748957633972 0.524639368057251 0.52823269367218 0.525611758232117 0.533418357372284 0.545766770839691 0.840141296386719 0.832134783267975 0.770935714244843 0.767043650150299 0.794920325279236 0.794515132904053 0.772285580635071 0.796196043491364 0.784867823123932 0.849464237689972 0.792090892791748 0.850870549678802 0.994118809700012 1.10077714920044 1.12151730060577 1.17036306858063 1.15938913822174 1.35582447052002 1.44336533546448 1.30519330501556 1.30993044376373 1.49645614624023 1.40999841690063 1.66386818885803 1.70429944992065 2.28524255752563 -99.9 -99.9 -99.9 -99.9 -99.9 -99.9 -99.9 -99.9
-99.9 -99.9 0.924710035324097 0.897972047328949 0.660344123840332 0.748723030090332 0.894274592399597 0.601202249526978 0.497070521116257 0.526107847690582 0.538093686103821 0.531771898269653 0.534938752651215 0.522377610206604 0.529064297676086 0.517074048519135 0.508973956108093 0.564752042293549 0.522188603878021 0.558280169963837 0.548176646232605 0.545344531536102 0.594744384288788 0.553201079368591 0.55871170759201 0.884846210479736 0.871866345405579 0.865570187568665 0.762005686759949 0.816714107990265 0.752983808517456 0.778989255428314 0.790312826633453 0.799724340438843 0.773998260498047 0.820377171039581 0.922462642192841 1.05154466629028 1.16186606884003 1.21470284461975 1.15654909610748 1.15547752380371 1.22393202781677 1.23495578765869 1.38715600967407 1.33788299560547 1.42184448242188 1.87740755081177 1.78547549247742 2.44282221794128 -99.9 -99.9 -99.9 -99.9 -99.9 -99.9 -99.9 -99.9
-99.9 0.575468599796295 0.612959265708923 0.615740835666656 0.646616876125336 0.799064040184021 0.829220533370972 0.815030813217163 0.591622591018677 0.565690338611603 0.594507873058319 0.56473571062088 0.527964770793915 0.513325572013855 0.52618819475174 0.510317325592041 0.536416530609131 0.52215987443924 0.530035138130188 0.54327654838562 0.568145751953125 0.57307767868042 0.592680513858795 0.533564984798431 0.540262877941132 0.551596999168396 0.652602672576904 0.840792000293732 0.864409208297729 0.846412718296051 0.77264267206192 0.754018723964691 0.796674787998199 0.791726350784302 0.879527449607849 0.897091269493103 0.958677768707275 0.907162189483643 0.971516609191895 1.06879794597626 1.13404226303101 1.11368179321289 1.12157487869263 1.38719344139099 1.5177276134491 1.62520754337311 1.77298331260681 1.73392379283905 2.48209953308105 -99.9 -99.9 -99.9 -99.9 -99.9 -99.9 -99.9 -99.9 -99.9
0.636362016201019 0.588971734046936 0.608272671699524 0.677753686904907 0.82240355014801 0.641678929328918 0.822283387184143 0.58724045753479 0.612390398979187 0.593791604042053 0.591049790382385 0.610278487205505 0.627073526382446 0.612401902675629 0.578279137611389 0.542266368865967 0.544942319393158 0.500762164592743 0.506282269954681 0.573008358478546 0.530275285243988 0.562262952327728 0.549954950809479 0.552149474620819 0.550398170948029 0.526419997215271 0.52329808473587 0.565711140632629 0.556563854217529 0.545479416847229 0.850769698619843 0.830712497234344 0.856482028961182 0.970682740211487 0.888027131557465 0.842106580734253 0.823518395423889 0.799415111541748 0.846270382404327 1.02065861225128 0.888383686542511 0.89362758398056 1.02726292610168 1.01078200340271 0.988130748271942 1.60660588741302 1.69708287715912 1.7439786195755 1.75743436813354 2.39059543609619 2.36186671257019 2.22165894508362 -99.9 -99.9 -99.9 -99.9 -99.9 -99.9
0.640421628952026 0.556517541408539 0.574372470378876 0.567347943782806 0.615473806858063 0.616929590702057 0.619463801383972 0.590415775775909 0.613981008529663 0.594413101673126 0.600971162319183 0.599846065044403 0.621609807014465 0.617454767227173 0.616057157516479 0.645720779895782 0.596643567085266 0.555704295635223 0.56904411315918 0.528255760669708 0.585830748081207 0.564607799053192 0.538720786571503 0.522073268890381 0.53603595495224 0.550726056098938 0.56164288520813 0.516138315200806 0.520746350288391 0.543938457965851 0.543009281158447 0.589056134223938 0.855054259300232 0.955871343612671 0.958045840263367 0.872780561447144 0.718664467334747 0.671914398670197 0.724017977714539 0.932824194431305 0.870309948921204 0.861610770225525 0.813117980957031 0.850408554077148 0.955366313457489 1.54632377624512 1.70119786262512 1.98782110214233 2.24135708808899 -99.9 2.32128620147705 -99.9 -99.9 -99.9 -99.9 -99.9 -99.9 -99.9
0.550628840923309 0.581564426422119 0.572626173496246 0.60013085603714 0.602667152881622 0.591274857521057 0.649769842624664 0.595747768878937 0.607212126255035 0.584020912647247 0.600029110908508 0.642312467098236 0.61947500705719 0.635231673717499 0.603010952472687 0.574910283088684 0.610245883464813 0.611465990543365 0.585529088973999 0.519157350063324 0.581932187080383 0.533691048622131 0.511279702186584 0.493090122938156 0.549613773822784 0.556360602378845 0.509287357330322 0.531634151935577 0.490530222654343 0.443554759025574 0.514035820960999 0.526950180530548 0.556929647922516 0.836947202682495 0.981028437614441 0.841077566146851 0.66286301612854 0.557271361351013 0.620154678821564 0.811249911785126 0.957330584526062 0.92372989654541 1.35453128814697 0.833267688751221 0.97807902097702 1.29619824886322 1.73434138298035 1.36357080936432 1.65029907226562 -99.9 -99.9 -99.9 -99.9 -99.9 -99.9 -99.9 -99.9 -99.9
0.58067661523819 0.612824618816376 0.561345219612122 0.566364884376526 0.61526894569397 0.57985258102417 0.569603025913239 0.59559577703476 0.610141575336456 0.575437188148499 0.586216628551483 0.61932897567749 0.604125320911407 0.601443111896515 0.614280104637146 0.609871208667755 0.610734879970551 0.573094725608826 0.545645415782928 0.559377253055573 0.518098294734955 0.497999221086502 0.594187557697296 0.54261589050293 0.553750216960907 0.5393345952034 0.54233181476593 0.493820607662201 0.457982122898102 0.451227992773056 0.46827158331871 0.501889646053314 0.502550184726715 0.549236297607422 0.830525279045105 0.903044581413269 0.858851969242096 0.51896470785141 0.5619136095047 0.779750287532806 1.09707677364349 0.875343978404999 0.847138524055481 0.900629699230194 1.57969236373901 1.18481814861298 1.68092012405396 1.92879462242126 2.17848873138428 -99.9 -99.9 -99.9 -99.9 -99.9 -99.9 -99.9 -99.9 -99.9
0.496316492557526 0.530548334121704 0.574945211410522 0.602049469947815 0.624934494495392 0.561685740947723 0.570387303829193 0.621614038944244 0.569819152355194 0.594200432300568 0.632832527160645 0.595334410667419 0.626818895339966 0.606326043605804 0.562788426876068 0.536263465881348 0.557601988315582 0.589093804359436 0.560978353023529 0.490425229072571 0.507945775985718 0.451651215553284 0.481811791658401 0.613292813301086 0.509250462055206 0.515815854072571 0.481319308280945 0.477593749761581 0.490791350603104 0.471333801746368 0.449496209621429 0.454832345247269 0.427629321813583 0.503905415534973 0.533979117870331 0.89263904094696 0.908452808856964 0.791141271591187 0.584162771701813 0.825334966182709 1.08303999900818 1.0463433265686 0.78193199634552 0.778660774230957 0.891714811325073 1.189781665802 1.23577952384949 2.03801274299622 2.53282403945923 2.58230519294739 -99.9 -99.9 -99.9 -99.9 -99.9 -99.9 -99.9 -99.9
0.582948088645935 0.607087671756744 0.687636077404022 0.819714188575745 -99.9 -99.9 0.607817113399506 0.609778046607971 0.580279648303986 0.639225959777832 0.551471889019012 0.60947847366333 0.632050633430481 0.595042884349823 0.623845636844635 0.595256805419922 0.549306988716125 0.561527490615845 0.578964233398438 0.502614140510559 0.695422887802124 0.540053367614746 0.550912737846375 0.660253167152405 0.657593786716461 0.51255601644516 0.475569665431976 0.472806364297867 0.497711837291718 0.486499130725861 0.504340827465057 0.474041849374771 0.45074263215065 0.469941556453705 0.501312255859375 0.543185472488403 0.840285181999207 0.949235260486603 0.912177205085754 0.911897122859955 1.10329163074493 0.864270031452179 0.78144758939743 0.759051203727722 1.03194546699524 1.14922344684601 1.60234236717224 1.6174623966217 2.60557985305786 2.44431257247925 -99.9 -99.9 -99.9 -99.9 -99.9 -99.9 -99.9 -99.9
0.723920524120331 0.801726281642914 0.793448448181152 -99.9 -99.9 0.768178582191467 0.630580306053162 0.675632774829865 0.669970393180847 0.588584125041962 0.502435743808746 0.500626683235168 0.60123074054718 0.598271906375885 0.621424198150635 0.585723042488098 0.565383672714233 0.559265732765198 0.563141345977783 0.746025741100311 0.71214884519577 0.678136944770813 0.687775731086731 0.748952686786652 0.841129183769226 0.806214809417725 0.551893413066864 0.428135484457016 0.461657673120499 0.474703043699265 0.523012399673462 0.469071179628372 0.43466591835022 0.434638202190399 0.427845567464828 0.531572341918945 0.764191687107086 0.938202202320099 1.0040374994278 1.06418454647064 1.02577340602875 1.08209657669067 0.852927565574646 0.953244090080261 1.06369435787201 1.10772550106049 1.2453134059906 1.2408355474472 1.99107384681702 2.17940378189087 2.03868508338928 -99.9 -99.9 -99.9 -99.9 -99.9 -99.9 -99.9
-99.9 -99.9 -99.9 -99.9 0.8423131108284 0.807351648807526 0.829540491104126 0.799543142318726 0.64449006319046 0.603422939777374 0.620164036750793 0.552215695381165 0.627552449703217 0.590019822120667 0.600198984146118 0.60630989074707 0.574046492576599 0.565250098705292 0.534614086151123 0.462191611528397 0.447006165981293 0.407786339521408 0.415191471576691 0.483941465616226 0.491838932037354 0.580186724662781 0.434400737285614 0.481191635131836 0.767760038375854 0.823950290679932 0.675196647644043 0.42486959695816 0.387508392333984 0.405239015817642 0.39532282948494 0.441619992256165 0.537148535251617 0.723469436168671 0.991079807281494 1.21072769165039 1.05800402164459 0.828838765621185 0.93960440158844 0.764866769313812 1.04064166545868 1.16572093963623 1.13417780399323 1.28883469104767 1.32509970664978 2.75855422019958 -99.9 -99.9 -99.9 -99.9 -99.9 -99.9 -99.9 -99.9
-99.9 -99.9 -99.9 -99.9 0.933213114738464 0.75935286283493 0.763350963592529 0.790442109107971 0.65226686000824 0.60631400346756 0.618915855884552 0.623876929283142 0.616059958934784 0.613864362239838 0.616383075714111 0.608110904693604 0.587316811084747 0.558580219745636 0.555097997188568 0.695622324943542 0.752597570419312 0.680201351642609 0.642498195171356 0.59973669052124 0.44549423456192 0.454095542430878 0.449658989906311 0.401827484369278 0.630104959011078 0.730831801891327 0.633107542991638 0.398115426301956 0.400191009044647 0.393977344036102 0.396884471178055 0.39861986041069 0.471101403236389 0.572656035423279 0.668555200099945 0.858911454677582 1.07488560676575 0.795036196708679 0.64700984954834 0.583161294460297 0.65864098072052 1.0586678981781 0.973858296871185 1.21626269817352 1.57488751411438 1.88958990573883 2.88779664039612 -99.9 -99.9 -99.9 -99.9 -99.9 -99.9 -99.9
-99.9 -99.9 -99.9 0.849001705646515 0.815490126609802 0.640582501888275 0.633238255977631 0.654965698719025 0.607954800128937 0.58825558423996 0.639098405838013 0.621442496776581 0.650312125682831 0.746721148490906 0.793304860591888 0.598678112030029 0.577562034130096 0.838958621025085 0.986462950706482 1.00527954101562 0.878356158733368 0.858116328716278 0.827467083930969 0.61448073387146 0.507335662841797 0.41128608584404 0.412541896104813 0.394245594739914 0.391556650400162 0.436823129653931 0.4416463971138 0.400712579488754 0.39961838722229 0.404142737388611 0.388730525970459 0.425002753734589 0.484960973262787 0.514706611633301 0.807936787605286 1.04297196865082 0.959567785263062 0.905347049236298 0.759834587574005 0.644692182540894 0.751982510089874 0.968198657035828 1.18280911445618 1.31589186191559 1.36608183383942 1.95241928100586 2.6302387714386 -99.9 -99.9 -99.9 -99.9 -99.9 -99.9 -99.9
-99.9 -99.9 -99.9 -99.9 0.93050342798233 0.766451835632324 0.704440474510193 0.678860545158386 0.654500722885132 0.636883437633514 0.606139838695526 0.612797319889069 0.733425199985504 0.938883721828461 0.621968686580658 0.613351106643677 0.802903592586517 0.970859408378601 0.812610566616058 0.625352144241333 0.766407310962677 0.887511610984802 0.54387229681015 0.451856911182404 0.477865040302277 0.441366851329803 0.423347413539886 0.398232311010361 0.382406383752823 0.42532354593277 0.447069942951202 0.469769775867462 0.4339719414711 0.411230713129044 0.44101494550705 0.486663937568665 0.475150793790817 0.762356996536255 0.928613841533661 0.920895516872406 0.995268702507019 1.02583456039429 0.756028294563293 0.615129947662354 0.746997833251953 0.990755379199982 1.16442716121674 1.18356597423553 1.11700248718262 1.70523226261139 2.07905125617981 2.36738324165344 -99.9 -99.9 -99.9 -99.9 -99.9 -99.9
0.929043114185333 -99.9 -99.9 0.942259907722473 0.636506319046021 0.694018125534058 0.662548303604126 0.64656275510788 0.637026190757751 0.628042638301849 0.614763736724854 0.612414836883545 0.855494737625122 1.03116691112518 0.836766421794891 0.59211403131485 0.599030017852783 0.633909404277802 0.550274193286896 0.52568906545639 0.500135779380798 0.661791682243347 0.510964691638947 0.430693417787552 0.466432839632034 0.454869300127029 0.45976847410202 0.471023947000504 0.407110512256622 0.419931709766388 0.48581799864769 0.463669449090958 0.459476053714752 0.437665849924088 0.484480381011963 0.47685170173645 0.456592112779617 0.776079714298248 0.866038680076599 0.92234605550766 0.967475950717926 1.04492807388306 0.810902833938599 0.59831964969635 0.69731217622757 1.01643693447113 1.17141163349152 1.14907443523407 1.1992814540863 1.64003252983093 1.37011456489563 2.82010006904602 -99.9 -99.9 -99.9 -99.9 -99.9 -99.9
0.616327047348022 -99.9 0.710789740085602 0.64547872543335 0.623668193817139 0.62351006269455 0.61767590045929 0.585329174995422 0.575411021709442 0.582220017910004 0.583409249782562 0.618979632854462 0.702703595161438 0.898933351039886 0.799456000328064 0.562646508216858 0.525177538394928 0.550067126750946 0.565110206604004 0.565144300460815 0.579160571098328 0.548150718212128 0.547076463699341 0.430349826812744 0.433105885982513 0.450618237257004 0.470795929431915 0.471894711256027 0.403604090213776 0.445883691310883 0.533165812492371 0.488970369100571 0.536870121955872 0.554002344608307 0.464458525180817 0.469156891107559 0.470437675714493 0.702696204185486 0.880423665046692 0.898033082485199 0.964289307594299 1.00372064113617 0.792057633399963 0.591041386127472 0.70136570930481 1.01227676868439 1.14755249023438 1.14306795597076 1.19384706020355 1.50988745689392 1.82162833213806 2.53058195114136 2.08384108543396 -99.9 -99.9 -99.9 -99.9 -99.9
0.526831686496735 0.616297543048859 0.578807294368744 0.60102516412735 0.631512522697449 0.577609539031982 0.557522118091583 0.535821557044983 0.557485282421112 0.562618672847748 0.642333447933197 0.687520384788513 0.856717884540558 0.8023801445961 0.613239884376526 0.513449847698212 0.749835908412933 0.732032001018524 0.496411979198456 0.491738706827164 0.533918917179108 0.45888277888298 0.523254334926605 0.540341317653656 0.493981271982193 0.452246695756912 0.479348689317703 0.483455955982208 0.479411005973816 0.44335401058197 0.506137907505035 0.614978790283203 0.651857435703278 0.539087474346161 0.508435845375061 0.442528694868088 0.421051174402237 0.535102307796478 0.756966531276703 0.939704358577728 0.827884793281555 0.823203682899475 0.748892962932587 0.582477569580078 0.744051158428192 1.02124273777008 1.1840455532074 1.14072513580322 1.09347569942474 1.11695158481598 1.718878865242 2.69447755813599 -99.9 -99.9 -99.9 -99.9 -99.9 -99.9
0.45652848482132 0.467431306838989 0.517161190509796 0.604896187782288 0.605108141899109 0.559771656990051 0.586625933647156 0.564789354801178 0.551961779594421 0.521484136581421 0.740013837814331 0.794725894927979 0.892763137817383 0.881829440593719 0.850699365139008 0.781651735305786 0.730542063713074 0.714926421642303 0.584122896194458 0.590025067329407 0.470222532749176 0.490037202835083 0.577589154243469 0.579696893692017 0.527538895606995 0.498701840639114 0.679289162158966 0.459137171506882 0.45968896150589 0.519628286361694 0.600635528564453 0.70327490568161 0.569305658340454 0.51693469285965 0.510584533214569 0.452448546886444 0.429095685482025 0.447084486484528 0.823800086975098 0.924776136875153 0.76345294713974 0.625015318393707 0.60380083322525 0.685853004455566 0.949936747550964 1.11516320705414 1.18128979206085 1.12485718727112 1.02742171287537 1.005988240242 1.16718101501465 1.54935574531555 3.10534191131592 -99.9 -99.9 -99.9 -99.9 -99.9
0.567982196807861 0.498716682195663 0.563077449798584 0.582377314567566 0.560665309429169 0.584185421466827 0.602374017238617 0.544873476028442 0.533559381961823 0.540075778961182 0.847500145435333 0.816666483879089 0.949944972991943 0.805609464645386 0.735839009284973 0.705359399318695 0.664833426475525 0.66742354631424 0.622161328792572 0.448371291160583 0.46024289727211 0.438470065593719 0.460568904876709 0.537962317466736 0.526248812675476 0.51972633600235 0.788343608379364 0.76028299331665 0.478754371404648 0.527190387248993 0.742323398590088 0.705264925956726 0.579915821552277 0.544937312602997 0.500949501991272 0.483873009681702 0.476238042116165 0.658070623874664 0.843585193157196 0.908956527709961 0.744112133979797 0.803125441074371 0.987638294696808 1.11316442489624 1.12026953697205 1.14038562774658 1.12821471691132 1.07909309864044 0.911763846874237 0.818786025047302 0.905209839344025 1.94383525848389 2.49971127510071 -99.9 -99.9 -99.9 -99.9 -99.9
