fish_book/data/sediment/Wilson_et_al_2017_data_files_asc/SurfaceCarbon.asc
NCOLS 200
NROWS 150
XLLCORNER -16
YLLCORNER 44
CELLSIZE 0.125
NODATA_VALUE -99.9
[rows 104 to 129 of 150, columns 58 to 115 of 200]
0.577785074710846 0.613838732242584 0.643994629383087 0.545805692672729 0.646211504936218 0.501048028469086 0.657923102378845 0.672067821025848 0.640311300754547 0.70176362991333 0.653119564056396 0.750049531459808 0.674550712108612 0.556399166584015 0.420108288526535 0.379426538944244 0.619435489177704 0.392851889133453 0.429673284292221 0.401473164558411 0.376406401395798 0.389992862939835 0.224464789032936 0.233611866831779 0.283967256546021 0.340199649333954 0.349929869174957 0.345380485057831 0.318825483322144 0.325551301240921 0.322533547878265 0.323987603187561 0.34730389714241 0.33442434668541 0.354847431182861 0.351702123880386 0.376477509737015 0.350370973348618 0.345384150743484 0.301628619432449 0.290486693382263 0.277801662683487 0.258484661579132 0.274425178766251 0.233944714069366 0.224329143762589 0.321358799934387 0.246633857488632 0.27030998468399 0.254590719938278 0.305997520685196 0.441020786762238 0.466177314519882 0.381706267595291 -99.9 -99.9 -99.9 0.455137014389038
0.495219230651855 0.49161022901535 0.458017855882645 0.4542296230793 0.43155574798584 0.444689929485321 0.442168533802032 0.449952751398087 0.464271187782288 0.42999255657196 0.635751664638519 0.463163375854492 0.466643989086151 0.438535511493683 0.369437992572784 0.403890699148178 0.395040065050125 0.367005854845047 0.383354485034943 0.401666104793549 0.408814340829849 0.376656800508499 0.236901760101318 0.222411543130875 0.220782905817032 0.35199236869812 0.346732139587402 0.313956469297409 0.298276156187057 0.308283507823944 0.326385885477066 0.330154240131378 0.323799312114716 0.371811300516129 0.338844627141953 0.370161026716232 0.34132969379425 0.376112937927246 0.335870236158371 0.298563539981842 0.283768266439438 0.298697471618652 0.293423503637314 0.302067071199417 0.279805570840836 0.27638703584671 0.292065799236298 0.297662824392319 0.333854198455811 0.372306138277054 0.381491184234619 0.277417123317719 0.331681966781616 0.370075464248657 0.518441319465637 -99.9 -99.9 -99.9
0.49849134683609 0.483777076005936 0.478673309087753 0.462982028722763 0.446727365255356 0.463984966278076 0.456297218799591 0.449669748544693 0.450480222702026 0.443782210350037 0.445640385150909 0.432171225547791 0.434157967567444 0.408573269844055 0.407672762870789 0.407388925552368 0.394893527030945 0.375094532966614 0.371621012687683 0.365650802850723 0.390628695487976 0.363519936800003 0.371081620454788 0.380684971809387 0.40688881278038 0.390747219324112 0.340969234704971 0.354109019041061 0.322464406490326 0.316345989704132 0.340720027685165 0.338143080472946 0.340043514966965 0.340650349855423 0.352008819580078 0.335481017827988 0.342664122581482 0.323921799659729 0.334544450044632 0.301797151565552 0.343553066253662 0.309936672449112 0.272456854581833 0.283853083848953 0.272455722093582 0.264310330152512 0.298945009708405 0.362309455871582 0.574019551277161 -99.9 0.471296221017838 0.523959338665009 0.3642558157444 0.364753037691116 0.385617047548294 -99.9 -99.9 -99.9
0.483509749174118 0.492482990026474 0.438259989023209 0.470462620258331 0.461910516023636 0.476350426673889 0.459620088338852 0.47739240527153 0.709888637065887 0.445567220449448 0.573337137699127 0.425658375024796 0.418031245470047 0.379594802856445 0.397746860980988 0.381575733423233 0.404508620500565 0.380882382392883 0.401716977357864 0.359869241714478 0.372786164283752 0.369971722364426 0.356278955936432 0.371617764234543 0.355477303266525 0.35275536775589 0.311091303825378 0.305608570575714 0.32939749956131 0.313157707452774 0.338984102010727 0.317748755216599 0.307002395391464 0.312874525785446 0.320884108543396 0.302156835794449 0.30679926276207 0.295999854803085 0.317879915237427 0.314834535121918 0.286521792411804 0.278303891420364 0.246729224920273 0.242880582809448 0.246843442320824 0.269657105207443 0.271418333053589 0.31047534942627 0.344371557235718 0.288632303476334 0.324992716312408 0.418927699327469 0.435586631298065 0.456252098083496 0.477344334125519 0.594827353954315 -99.9 -99.9
0.451988250017166 0.430318593978882 0.419821709394455 0.421719431877136 0.434842795133591 0.446537345647812 0.452399760484695 0.438799798488617 0.407935857772827 0.448362022638321 0.41995295882225 0.40762335062027 0.400354743003845 0.378782421350479 0.407135009765625 0.391882210969925 0.376697063446045 0.364112943410873 0.354217648506165 0.385284632444382 0.371565520763397 0.358428567647934 0.34402996301651 0.35467067360878 0.337005615234375 0.332868903875351 0.308728814125061 0.305191457271576 0.31978303194046 0.314685046672821 0.312257319688797 0.319583356380463 0.290641754865646 0.279857873916626 0.275049775838852 0.267837017774582 0.269479990005493 0.277190148830414 0.291412204504013 0.279748886823654 0.268730342388153 0.281018048524857 0.297771394252777 0.282011300325394 0.217764750123024 0.295565634965897 0.272785812616348 0.273012727499008 0.295707821846008 0.277902364730835 0.311228573322296 0.426353335380554 -99.9 -99.9 0.565761148929596 0.349139809608459 0.624622702598572 -99.9
0.443965405225754 0.408069908618927 0.404493153095245 0.407963126897812 0.39267960190773 0.429162442684174 0.399651318788528 0.421339422464371 0.404986053705215 0.407861053943634 0.367051213979721 0.382542073726654 0.355285137891769 0.369017034769058 0.367161601781845 0.36400231719017 0.372639566659927 0.360004901885986 0.355768948793411 0.357751160860062 0.370967358350754 0.38260954618454 0.340232819318771 0.345297336578369 0.367873251438141 0.325213640928268 0.305171817541122 0.306525379419327 0.291306644678116 0.300607621669769 0.318725168704987 0.287832856178284 0.326075106859207 0.302517890930176 0.333311408758163 0.315995544195175 0.331242024898529 0.323858290910721 0.307380050420761 0.303796023130417 0.287661254405975 0.284923702478409 0.273521095514297 0.277760446071625 0.311694324016571 0.31291401386261 0.295267343521118 0.288906127214432 0.28992360830307 0.283476531505585 0.312475651502609 0.378388911485672 0.428511410951614 0.422169148921967 0.424868106842041 0.445174157619476 0.42368358373642 -99.9
0.40070778131485 0.426121890544891 0.407696217298508 0.389289498329163 0.439028799533844 0.401742398738861 0.402253419160843 0.397401988506317 0.415140867233276 0.37585037946701 0.393195539712906 0.393952369689941 0.364776700735092 0.362442821264267 0.386516600847244 0.395674616098404 0.356279522180557 0.372588098049164 0.356201708316803 0.373352617025375 0.352659791707993 0.35782054066658 0.330103397369385 0.32302051782608 0.324709922075272 0.334906458854675 0.321061015129089 0.281393468379974 0.295817762613297 0.318401098251343 0.341414302587509 0.328968167304993 0.309819877147675 0.321893066167831 0.317485481500626 0.330407023429871 0.341432392597198 0.340267390012741 0.317104041576385 0.288223326206207 0.299505621194839 0.314128220081329 0.336125612258911 0.312255263328552 0.356642633676529 0.421828001737595 0.349287122488022 0.344409376382828 0.33830600976944 0.312721103429794 0.26688739657402 0.353797227144241 0.433596014976501 0.446748942136765 0.484355628490448 0.58851945400238 0.578459560871124 -99.9
0.39167332649231 0.367367208003998 0.381253302097321 0.414602965116501 0.38178089261055 0.411647617816925 0.391932249069214 0.372421443462372 0.364137142896652 0.401460140943527 0.384602546691895 0.359278708696365 0.397142618894577 0.358056992292404 0.365221560001373 0.357694983482361 0.389915406703949 0.356919467449188 0.351512491703033 0.376407772302628 0.337847054004669 0.336636155843735 0.327478528022766 0.323188245296478 0.323028534650803 0.311969250440598 0.3017957508564 0.278444051742554 0.317651331424713 0.350365698337555 0.331834137439728 0.331155180931091 0.318365752696991 0.322412192821503 0.331357300281525 0.359131634235382 0.316552102565765 0.370887130498886 0.335955649614334 0.370442748069763 0.35843288898468 -99.9 -99.9 -99.9 -99.9 -99.9 0.570158123970032 0.481529772281647 0.328019231557846 0.341590374708176 0.357109218835831 0.406680941581726 0.409331053495407 0.400963217020035 0.395851105451584 0.525478661060333 0.666406512260437 -99.9
0.355395942926407 0.389972001314163 0.343760132789612 0.376322895288467 0.394941300153732 0.402951031923294 0.396352887153625 0.396315634250641 0.398540943861008 0.369803160429001 0.365662336349487 0.39890331029892 0.365065395832062 0.366279244422913 0.400068014860153 0.364986330270767 0.358132392168045 0.350912749767303 0.345145761966705 0.345304787158966 0.346227526664734 0.342730760574341 0.362182587385178 0.324504882097244 0.328607052564621 0.305640548467636 0.30142405629158 0.302886754274368 0.337995588779449 0.335189640522003 0.331465840339661 0.364258170127869 0.336023956537247 0.410947382450104 0.450348317623138 0.654038190841675 -99.9 -99.9 -99.9 -99.9 -99.9 -99.9 -99.9 -99.9 -99.9 -99.9 -99.9 0.489430963993073 0.424717545509338 0.440222471952438 0.498834073543549 -99.9 0.404001325368881 0.473906576633453 -99.9 0.747098386287689 0.875453054904938 -99.9
0.368095546960831 0.387276262044907 0.363050401210785 0.376361310482025 0.450256496667862 0.389115929603577 0.405412942171097 0.397785931825638 0.415179878473282 0.389020651578903 0.371209591627121 0.512091159820557 0.364885181188583 0.361242890357971 0.340285539627075 0.351044893264771 0.336356103420258 0.325522750616074 0.36756432056427 0.341306746006012 0.365149587392807 0.375967681407928 0.333010733127594 0.319386929273605 0.307280212640762 0.316019803285599 0.325308084487915 0.319845378398895 0.384749174118042 0.358219414949417 0.350808918476105 0.473129481077194 -99.9 -99.9 -99.9 -99.9 -99.9 -99.9 -99.9 -99.9 -99.9 -99.9 -99.9 -99.9 -99.9 -99.9 -99.9 -99.9 -99.9 -99.9 -99.9 -99.9 -99.9 -99.9 -99.9 -99.9 -99.9 -99.9
0.494431376457214 0.459690481424332 0.483943939208984 0.468643933534622 0.415734022855759 0.392590522766113 0.390250414609909 0.363918721675873 0.368369817733765 0.392560333013535 0.37989804148674 0.378600031137466 0.347338289022446 0.327149748802185 0.332170158624649 0.337768405675888 0.318190962076187 0.314887434244156 0.334498554468155 0.341315001249313 0.350958049297333 0.344707280397415 0.338482290506363 0.326477110385895 0.341778337955475 0.294684022665024 0.312630385160446 0.31418588757515 0.356999278068542 0.537611305713654 0.464743703603745 -99.9 -99.9 -99.9 -99.9 -99.9 -99.9 -99.9 -99.9 -99.9 -99.9 -99.9 -99.9 -99.9 -99.9 -99.9 -99.9 -99.9 -99.9 -99.9 -99.9 -99.9 -99.9 -99.9 -99.9 -99.9 -99.9 -99.9
0.451735109090805 0.54727429151535 0.610062062740326 0.649513900279999 0.4932941198349 0.420849025249481 0.386079609394073 0.368227124214172 0.367171138525009 0.360923409461975 0.371542513370514 0.359072118997574 0.357024490833282 0.36300265789032 0.339594304561615 0.340395361185074 0.328866183757782 0.315233319997787 0.351995080709457 0.390921056270599 0.375285178422928 0.37096107006073 0.385415285825729 0.342995703220367 0.314151436090469 0.306629866361618 0.289566248655319 0.282775223255157 0.30100953578949 0.304359138011932 0.549975454807281 0.566187977790833 0.450904697179794 -99.9 -99.9 -99.9 -99.9 -99.9 -99.9 -99.9 -99.9 -99.9 -99.9 -99.9 -99.9 -99.9 -99.9 -99.9 -99.9 -99.9 -99.9 -99.9 -99.9 -99.9 -99.9 -99.9 -99.9 -99.9
0.840249359607697 0.712840497493744 0.780127882957458 0.633157789707184 0.649462640285492 0.490600228309631 0.497627884149551 0.63589996099472 0.386602759361267 0.37522429227829 0.368146896362305 0.371554225683212 0.362764209508896 0.369262605905533 0.338987797498703 0.341088503599167 0.341949313879013 0.329597532749176 0.321442574262619 0.362935364246368 0.352724015712738 0.3879614174366 0.363011538982391 0.322610557079315 0.327190846204758 0.32677236199379 0.297422409057617 0.294647663831711 0.30605685710907 0.29489529132843 0.294301986694336 0.310827672481537 0.345465660095215 0.686482310295105 -99.9 -99.9 -99.9 -99.9 -99.9 -99.9 -99.9 -99.9 -99.9 -99.9 -99.9 -99.9 -99.9 -99.9 -99.9 -99.9 -99.9 -99.9 -99.9 -99.9 -99.9 -99.9 -99.9 -99.9
-99.9 -99.9 -99.9 -99.9 0.773379385471344 0.679817259311676 0.485235512256622 0.500053763389587 0.625359892845154 0.377223879098892 0.363462656736374 0.353136152029037 0.360156774520874 0.336941301822662 0.331012278795242 0.323376387357712 0.337768018245697 0.331250071525574 0.361221611499786 0.338416576385498 0.312542796134949 0.336828291416168 0.320044577121735 0.361670434474945 0.321339815855026 0.321670264005661 0.344606757164001 0.296956032514572 0.316227078437805 0.354969084262848 0.486907064914703 0.474782109260559 -99.9 -99.9 -99.9 -99.9 -99.9 -99.9 -99.9 -99.9 -99.9 -99.9 -99.9 -99.9 -99.9 -99.9 -99.9 -99.9 -99.9 -99.9 -99.9 -99.9 -99.9 -99.9 -99.9 -99.9 -99.9 -99.9
-99.9 -99.9 -99.9 -99.9 -99.9 -99.9 0.830487489700317 0.788745701313019 0.557869672775269 0.500681042671204 0.454108834266663 0.377579241991043 0.379399538040161 0.331092774868011 0.335344463586807 0.316680639982224 0.320031136274338 0.340118706226349 0.351924538612366 0.35004711151123 0.37074613571167 0.326042205095291 0.328194946050644 0.341389119625092 0.355247229337692 0.354370027780533 0.345827251672745 0.315274894237518 0.285514682531357 0.29131805896759 0.316672801971436 0.351063072681427 0.367399364709854 0.5965576171875 1.03863573074341 -99.9 -99.9 -99.9 -99.9 -99.9 -99.9 -99.9 -99.9 -99.9 -99.9 -99.9 -99.9 -99.9 -99.9 -99.9 -99.9 -99.9 -99.9 -99.9 -99.9 -99.9 -99.9 -99.9
-99.9 -99.9 -99.9 -99.9 -99.9 -99.9 -99.9 -99.9 -99.9 0.710136413574219 0.632608532905579 0.407154649496078 0.348242610692978 0.353849291801453 0.367848366498947 0.356205493211746 0.330560654401779 0.353659063577652 0.337845951318741 0.339456140995026 0.31819099187851 0.322857409715652 0.316565036773682 0.360270351171494 0.335434973239899 0.359029203653336 0.380250215530396 0.381049394607544 0.353619754314423 0.335422486066818 0.315926223993301 0.310149013996124 0.347788780927658 0.433299630880356 0.544325530529022 -99.9 -99.9 0.617850244045258 0.547263860702515 -99.9 -99.9 -99.9 -99.9 -99.9 -99.9 -99.9 -99.9 -99.9 -99.9 -99.9 -99.9 -99.9 -99.9 -99.9 -99.9 -99.9 -99.9 -99.9
-99.9 -99.9 -99.9 -99.9 -99.9 -99.9 -99.9 -99.9 -99.9 -99.9 0.727800607681274 0.829363882541656 0.757386982440948 0.769216895103455 0.789550602436066 0.566885530948639 0.369942247867584 0.383215516805649 0.361729979515076 0.338397204875946 0.30995500087738 0.317064374685287 0.30742734670639 0.338968455791473 0.349296241998672 0.374279230833054 0.37977546453476 0.399910360574722 0.408858448266983 0.409900903701782 0.544672667980194 0.463003128767014 0.540895640850067 0.441811412572861 0.478662520647049 0.511792898178101 0.627252459526062 0.511470198631287 0.703544080257416 1.10583579540253 1.33599531650543 1.44157195091248 -99.9 -99.9 -99.9 -99.9 -99.9 -99.9 -99.9 -99.9 -99.9 -99.9 -99.9 -99.9 -99.9 -99.9 -99.9 -99.9
-99.9 -99.9 -99.9 -99.9 -99.9 -99.9 -99.9 -99.9 -99.9 -99.9 -99.9 -99.9 0.833540737628937 -99.9 0.628796875476837 0.748431921005249 0.476752072572708 0.464775115251541 0.377980887889862 0.339423060417175 0.341150313615799 0.30507355928421 0.310307204723358 0.344357877969742 0.348752975463867 0.343223363161087 0.382994651794434 0.416728883981705 0.575448572635651 0.613693356513977 0.508243560791016 0.56515634059906 0.480294197797775 0.470180094242096 0.453983783721924 0.468226432800293 0.474421322345734 0.503574669361115 0.71216756105423 0.705064356327057 0.717421114444733 0.945979475975037 1.33872413635254 1.1196414232254 1.35388994216919 -99.9 -99.9 -99.9 -99.9 -99.9 -99.9 -99.9 -99.9 -99.9 -99.9 -99.9 -99.9 -99.9
-99.9 -99.9 -99.9 -99.9 -99.9 -99.9 -99.9 -99.9 -99.9 -99.9 -99.9 -99.9 -99.9 -99.9 -99.9 -99.9 -99.9 -99.9 0.701411724090576 0.732352137565613 0.74097865819931 0.499013483524323 0.375953555107117 0.580871045589447 0.470426648855209 0.410584270954132 0.383058369159698 0.425332576036453 0.608757972717285 0.635936796665192 0.541929662227631 0.643445312976837 0.511561512947083 0.503758192062378 0.500890612602234 0.469984650611877 0.448851197957993 0.479313343763351 0.499555379152298 0.483673512935638 0.517654299736023 0.750267326831818 0.914537370204926 1.16514909267426 1.23583090305328 1.57683718204498 0.861747801303864 1.13140213489532 0.899826288223267 0.875831782817841 -99.9 -99.9 -99.9 -99.9 -99.9 -99.9 -99.9 -99.9
-99.9 -99.9 -99.9 -99.9 -99.9 -99.9 -99.9 -99.9 -99.9 -99.9 -99.9 -99.9 -99.9 -99.9 -99.9 -99.9 -99.9 -99.9 -99.9 -99.9 -99.9 0.793398976325989 0.765837907791138 0.792524456977844 0.744921624660492 0.763426780700684 0.379371166229248 0.420136332511902 0.42051637172699 0.642321825027466 0.632372200489044 0.568143546581268 0.504130303859711 0.496220111846924 0.543594479560852 0.517124176025391 0.470150142908096 0.470671892166138 0.487007558345795 0.492010146379471 0.509010672569275 0.563194870948792 0.732787549495697 1.00792622566223 -99.9 -99.9 0.995247721672058 0.663209080696106 0.579179406166077 0.759263813495636 -99.9 -99.9 -99.9 -99.9 -99.9 -99.9 -99.9 -99.9
-99.9 -99.9 -99.9 -99.9 -99.9 -99.9 -99.9 -99.9 -99.9 -99.9 -99.9 -99.9 -99.9 -99.9 -99.9 -99.9 -99.9 -99.9 -99.9 -99.9 -99.9 -99.9 -99.9 -99.9 -99.9 0.754904627799988 0.603873729705811 0.614914357662201 0.580087780952454 0.454663395881653 0.515502512454987 0.664522171020508 0.646734356880188 0.540424883365631 0.543020308017731 0.52083033323288 0.520404040813446 0.480261951684952 0.496500790119171 0.494567334651947 0.503721058368683 0.502127528190613 0.558115482330322 0.581046998500824 0.545755803585052 0.678686499595642 0.45850795507431 0.404460728168488 0.429969370365143 0.535241603851318 0.693307936191559 0.86902129650116 -99.9 -99.9 -99.9 -99.9 -99.9 -99.9
-99.9 -99.9 -99.9 -99.9 -99.9 -99.9 -99.9 -99.9 -99.9 -99.9 -99.9 -99.9 -99.9 -99.9 -99.9 -99.9 -99.9 -99.9 -99.9 -99.9 -99.9 -99.9 -99.9 -99.9 -99.9 0.73974609375 0.802933633327484 0.738626897335052 0.650025844573975 0.452128201723099 0.452674210071564 0.718295812606812 0.520872592926025 0.62850958108902 0.695465683937073 0.533739268779755 0.525139093399048 0.509876787662506 0.492304652929306 0.459386020898819 0.48232102394104 0.491809457540512 0.477025181055069 0.473025143146515 0.491173326969147 0.42671149969101 0.409879386425018 0.321498155593872 0.347079992294312 0.406051814556122 0.536368012428284 0.730206668376923 0.737596273422241 -99.9 -99.9 -99.9 -99.9 -99.9
-99.9 -99.9 -99.9 -99.9 -99.9 -99.9 -99.9 -99.9 -99.9 -99.9 -99.9 -99.9 -99.9 -99.9 -99.9 -99.9 -99.9 -99.9 -99.9 -99.9 -99.9 -99.9 -99.9 -99.9 -99.9 -99.9 -99.9 -99.9 0.689103007316589 0.691103875637054 0.608714580535889 0.492015182971954 0.494161665439606 0.488171577453613 0.505048990249634 0.528213024139404 0.555083692073822 0.523570477962494 0.535822868347168 0.506371140480042 0.504902362823486 0.462882876396179 0.465643733739853 0.471590220928192 0.461085498332977 0.438415020704269 0.408635556697845 0.406370550394058 0.350896418094635 0.364103496074677 0.538654208183289 0.672339677810669 -99.9 -99.9 -99.9 -99.9 -99.9 -99.9
-99.9 -99.9 -99.9 -99.9 -99.9 -99.9 -99.9 -99.9 -99.9 -99.9 -99.9 -99.9 -99.9 -99.9 -99.9 -99.9 -99.9 -99.9 -99.9 -99.9 -99.9 -99.9 -99.9 -99.9 -99.9 -99.9 -99.9 -99.9 -99.9 0.780321538448334 0.670220673084259 0.712873995304108 0.539730787277222 0.513803601264954 0.542660176753998 0.526757597923279 0.697759628295898 0.804772734642029 0.566679954528809 0.523665845394135 0.523143768310547 0.48019614815712 0.466580271720886 0.457751989364624 0.448830932378769 0.475805163383484 0.462521076202393 0.429238379001617 0.449724912643433 0.490075081586838 0.440781205892563 0.501273930072784 0.711431622505188 -99.9 -99.9 -99.9 -99.9 -99.9
-99.9 -99.9 -99.9 -99.9 -99.9 -99.9 -99.9 -99.9 -99.9 -99.9 -99.9 -99.9 -99.9 -99.9 -99.9 -99.9 -99.9 -99.9 -99.9 -99.9 -99.9 -99.9 -99.9 -99.9 -99.9 -99.9 -99.9 -99.9 -99.9 -99.9 -99.9 0.635905146598816 0.666491031646729 0.454550206661224 0.505802392959595 0.516458928585052 0.567240655422211 0.603270471096039 0.723577439785004 0.544548034667969 0.534838378429413 0.52865993976593 0.53235912322998 0.501801311969757 0.463378012180328 0.487735360860825 0.474774122238159 0.454121232032776 0.508146345615387 0.539865016937256 0.603791177272797 -99.9 0.466259151697159 0.488733768463135 -99.9 -99.9 -99.9 -99.9
-99.9 -99.9 -99.9 -99.9 -99.9 -99.9 -99.9 -99.9 -99.9 -99.9 -99.9 -99.9 -99.9 -99.9 -99.9 -99.9 -99.9 -99.9 -99.9 -99.9 -99.9 -99.9 -99.9 -99.9 -99.9 -99.9 -99.9 -99.9 -99.9 -99.9 -99.9 0.723688721656799 0.64469575881958 0.454012960195541 0.574550211429596 0.543171286582947 0.526406049728394 0.529131650924683 0.489220947027206 0.484603464603424 0.532085716724396 0.530571460723877 0.515508353710175 0.52616959810257 0.497865706682205 0.457263320684433 0.479751795530319 0.439427465200424 0.460505247116089 0.478317975997925 0.596994400024414 0.450598448514938 0.420929849147797 0.447128891944885 0.60561329126358 -99.9 -99.9 -99.9
