fish_book/data/sediment/Wilson_et_al_2017_data_files_asc/SurfaceNitrogen.asc
NCOLS 200
NROWS 150
XLLCORNER -16
YLLCORNER 44
CELLSIZE 0.125
NODATA_VALUE -99.9
[rows 25 to 49 of 150, columns 57 to 113 of 200]
-99.9 -99.9 -99.9 -99.9 -99.9 -99.9 -99.9 -99.9 -99.9 -99.9 -99.9 -99.9 -99.9 -99.9 -99.9 -99.9 -99.9 -99.9 0.102179117500782 0.0906140506267548 0.0940501242876053 0.0853828564286232 0.0849367901682854 0.088544525206089 0.0796571150422096 0.0845430120825768 0.0830883681774139 0.0830691084265709 0.0868554711341858 0.0868697240948677 0.090691402554512 0.086231142282486 0.0862151011824608 0.084169052541256 0.0741700083017349 0.0737546011805534 0.074857585132122 0.0754039958119392 0.0775210559368134 0.094302736222744 0.104029946029186 0.0735430270433426 0.0815812796354294 0.0746837481856346 0.0726896375417709 0.0716426521539688 0.0670965686440468 0.0680159851908684 0.0644882544875145 0.0641805306077003 0.0631810799241066 0.0698238536715508 0.0713722184300423 0.0717526823282242 0.0756576061248779 0.0702147409319878 0.0770622119307518
-99.9 -99.9 -99.9 -99.9 -99.9 -99.9 -99.9 -99.9 -99.9 -99.9 -99.9 -99.9 -99.9 -99.9 -99.9 -99.9 -99.9 -99.9 0.0922444835305214 0.0833139568567276 0.0888285338878632 0.0883737355470657 0.0847606211900711 0.0847833901643753 0.0801271721720695 0.079609602689743 0.0834332704544067 0.0816383436322212 0.0823648199439049 0.0846327021718025 0.0934146791696548 0.0959078818559647 0.0828090608119965 0.0751244723796844 0.0771298483014107 0.0749608129262924 0.0746689364314079 0.0793743804097176 0.0759111195802689 0.0871576443314552 0.0927389040589333 0.100521974265575 0.0869104415178299 0.0674109607934952 0.0678133070468903 0.0675579756498337 0.071446530520916 0.0856275632977486 0.0797423645853996 0.0682866349816322 0.0763368159532547 0.0834462940692902 0.0825142487883568 0.0778133645653725 0.0725262612104416 0.0738746672868729 0.0737285315990448
-99.9 -99.9 -99.9 -99.9 -99.9 -99.9 -99.9 -99.9 -99.9 -99.9 -99.9 -99.9 -99.9 -99.9 -99.9 -99.9 0.108055748045444 0.10335198789835 0.0887800976634026 0.0878969803452492 0.0873635038733482 0.0803663358092308 0.0817227214574814 0.0797487571835518 0.0726045072078705 0.0775271952152252 0.0768217444419861 0.0764987990260124 0.0817296877503395 0.0823015198111534 0.0820788890123367 0.0780140683054924 0.0781277939677238 0.0768518820405006 0.0741725564002991 0.0763671472668648 0.0783236473798752 0.0742431357502937 0.0765650197863579 0.0746895968914032 0.088476151227951 0.0858568772673607 0.0746798813343048 0.0707568228244781 0.0711406618356705 0.0740746632218361 0.0915908887982368 -99.9 0.0784330070018768 0.0764955505728722 0.0845082029700279 -99.9 0.0809892565011978 0.0722256451845169 0.0663079246878624 0.068221352994442 0.0675977990031242
-99.9 -99.9 -99.9 -99.9 -99.9 -99.9 -99.9 -99.9 -99.9 -99.9 -99.9 -99.9 0.122900776565075 0.114432938396931 0.108431331813335 0.102568753063679 0.0969464555382729 0.0884255990386009 0.084834985435009 0.0827450379729271 0.0823443308472633 0.0805577337741852 0.0745907798409462 0.0716582611203194 0.0862197801470757 0.0723985657095909 0.0666870474815369 0.0676915347576141 0.0658437833189964 0.0666041523218155 0.064692534506321 0.067567877471447 0.0661618560552597 0.0671577975153923 0.0664442777633667 0.0659889653325081 0.0653194636106491 0.0729892551898956 0.0735177248716354 0.0722405090928078 0.0840311050415039 0.0726277381181717 0.0734943076968193 0.0735510811209679 0.0775947421789169 0.0787254199385643 -99.9 0.0823319926857948 -99.9 -99.9 0.0789482221007347 0.0743534937500954 0.0671239495277405 0.063647523522377 0.0615287907421589 0.0641703531146049 0.0673542469739914
-99.9 -99.9 -99.9 -99.9 -99.9 -99.9 -99.9 -99.9 -99.9 -99.9 -99.9 0.100775539875031 0.100204706192017 0.10999408364296 0.103040888905525 0.100873455405235 0.0988239198923111 0.0938920751214027 0.0833455771207809 0.0806923359632492 0.0719571933150291 0.0664491131901741 0.0696660354733467 0.0699563324451447 0.0768342986702919 0.0728934109210968 0.0681939125061035 0.0626221299171448 0.066743977367878 0.0660163536667824 0.0625637024641037 0.0604894571006298 0.0640939027070999 0.0630326271057129 0.0620274096727371 0.0615483820438385 0.0573165826499462 0.0606226734817028 0.0610136277973652 0.0654093846678734 0.0705426335334778 0.0796794295310974 0.0857473239302635 0.0818645879626274 -99.9 -99.9 -99.9 -99.9 -99.9 0.083184652030468 0.0781016200780869 0.0719429850578308 0.0642051994800568 0.065941646695137 0.0656832009553909 0.0634517818689346 0.0638168156147003
-99.9 -99.9 -99.9 -99.9 -99.9 -99.9 -99.9 -99.9 -99.9 -99.9 0.102584652602673 0.0825602859258652 0.0871335789561272 0.0901064872741699 0.0997308269143105 0.100641809403896 0.0955665782094002 0.0906834080815315 0.0800635665655136 0.0769084244966507 0.0749563574790955 0.0678331851959229 0.0662984549999237 0.0720757469534874 0.0687732324004173 0.0670672357082367 0.0693947970867157 0.0647951290011406 0.0659273117780685 0.0637875273823738 0.0626494511961937 0.0622906871140003 0.0564388111233711 0.0626217126846313 0.0668609365820885 0.0604860037565231 0.0602526813745499 0.0568590722978115 0.0585938468575478 0.0601946264505386 0.0601758100092411 0.0654894709587097 0.0805149376392365 0.0820993483066559 -99.9 -99.9 -99.9 -99.9 -99.9 0.076940730214119 0.0710145831108093 0.0665722787380219 0.0677601769566536 0.0664457678794861 0.0672782734036446 0.0664780512452126 0.0769941881299019
-99.9 -99.9 -99.9 -99.9 -99.9 -99.9 -99.9 -99.9 -99.9 0.104737311601639 0.0815994068980217 0.0888606905937195 0.0877675488591194 0.0838277339935303 0.0818049758672714 0.0959297344088554 0.0999014750123024 0.0837467238306999 0.0784693509340286 0.0817408487200737 0.0753164514899254 0.0719357058405876 0.0728836208581924 0.069701574742794 0.0728385969996452 0.0630822479724884 0.0637646019458771 0.0630194097757339 0.0615861378610134 0.0619681403040886 0.0651281327009201 0.0612981878221035 0.0610366500914097 0.060308899730444 0.060673788189888 0.0615069158375263 0.0548340789973736 0.0627682209014893 0.0621795505285263 0.0613200850784779 0.0621121823787689 0.063296265900135 0.0740650296211243 0.0792836099863052 -99.9 -99.9 0.0904668420553207 -99.9 0.0789539664983749 0.0713069438934326 0.0686929598450661 0.0644606798887253 0.0649647414684296 0.0687578022480011 0.0694032609462738 0.0735393613576889 0.0804056823253632
-99.9 -99.9 -99.9 -99.9 -99.9 0.117907047271729 0.121671639382839 0.10647289454937 0.102667689323425 0.0941906198859215 0.0865286439657211 0.0821626558899879 0.0748486146330833 0.0731233134865761 0.0757016465067863 0.0701247304677963 0.0703634768724442 0.0784202367067337 0.0803039148449898 0.0742745846509933 0.0731845498085022 0.0753145962953568 0.0778423473238945 0.0768947973847389 0.0741407573223114 0.0699845552444458 0.0657758712768555 0.0630281418561935 0.0622903443872929 0.0692907944321632 0.085498183965683 0.0791203305125237 0.0794794633984566 0.0819585621356964 0.0680778101086617 0.0685958415269852 0.0655552819371223 0.0683524459600449 0.0759679302573204 0.0770201310515404 0.0692973732948303 0.0840337574481964 0.0803505629301071 0.0878337696194649 0.0848014354705811 0.0911549180746078 0.0891959071159363 -99.9 0.0746974349021912 0.0612141042947769 0.0589496046304703 0.0557902418076992 0.0580014772713184 0.0593106523156166 0.0661264881491661 0.0693461447954178 0.0731098800897598
-99.9 0.107775293290615 0.105191074311733 0.104049406945705 0.104911923408508 0.105671383440495 0.101498544216156 0.0923675075173378 0.0904680714011192 0.0898266136646271 0.0850088372826576 0.0723795816302299 0.0766304060816765 0.0693010166287422 0.0718252435326576 0.06697628647089 0.064375251531601 0.0646841675043106 0.0648545548319817 0.0674375295639038 0.0738433375954628 0.0843837410211563 0.0706549510359764 0.0739659667015076 0.0743010342121124 0.0846334993839264 0.0755081251263618 0.0649077668786049 0.0651343390345573 0.0773521959781647 -99.9 -99.9 -99.9 -99.9 -99.9 -99.9 0.0902335196733475 -99.9 -99.9 -99.9 -99.9 -99.9 -99.9 -99.9 -99.9 -99.9 -99.9 0.0751327201724052 0.0698854029178619 0.057397186756134 0.0575958900153637 0.0586427263915539 0.0567358620464802 0.0550195947289467 0.0627188831567764 0.0707894191145897 0.0839076638221741
0.104675360023975 0.104687832295895 0.105786807835102 0.103061720728874 0.101703181862831 0.0944824069738388 0.0906695127487183 0.0904353410005569 0.0847833082079887 0.0821659192442894 0.0771419405937195 0.0683041736483574 0.064109779894352 0.0646396651864052 0.0636868253350258 0.0638909339904785 0.0676203519105911 0.0746600106358528 0.0769089758396149 -99.9 -99.9 -99.9 0.076272577047348 0.0763355195522308 0.0828537568449974 0.0855604559183121 0.0888381227850914 0.0784813389182091 0.0827119126915932 0.0921898931264877 -99.9 -99.9 -99.9 -99.9 -99.9 -99.9 -99.9 -99.9 -99.9 -99.9 -99.9 -99.9 -99.9 -99.9 -99.9 -99.9 -99.9 0.0734363794326782 0.0632038712501526 0.0570175498723984 0.0531302466988564 0.0532851293683052 0.0586961694061756 0.0599566996097565 0.0601717308163643 0.0755239203572273 0.0880775898694992
0.100772857666016 0.0997757986187935 0.0975094139575958 0.0896485224366188 0.0865081921219826 0.0842590630054474 0.0764610841870308 0.0667634233832359 0.0670618340373039 0.0693983361124992 0.0672722607851028 0.0653355047106743 0.0724769458174706 0.0723671689629555 0.0800029933452606 0.0815575644373894 0.0962215140461922 -99.9 -99.9 -99.9 -99.9 -99.9 0.0886409655213356 0.123311348259449 0.0856288075447083 0.0866154581308365 0.0876128152012825 0.0888041034340858 0.129166185855865 -99.9 -99.9 -99.9 -99.9 -99.9 -99.9 -99.9 -99.9 -99.9 -99.9 -99.9 -99.9 -99.9 -99.9 -99.9 -99.9 -99.9 0.0734610185027122 0.0665683597326279 0.0574674196541309 0.054495133459568 0.0539608225226402 0.0518517792224884 0.0512328296899796 0.0519375242292881 0.0810383036732674 0.0954908356070518 0.103553853929043
0.0982383489608765 0.0944702327251434 0.0865611061453819 0.0874757766723633 0.0870540216565132 0.0765897110104561 0.0710632354021072 0.0670498237013817 0.0732619091868401 0.0641528218984604 0.062889575958252 0.0637860521674156 0.0650574937462807 0.0836349055171013 -99.9 -99.9 -99.9 -99.9 -99.9 -99.9 0.162088647484779 0.126394182443619 0.115771606564522 0.13547171652317 0.122041024267673 0.12864051759243 0.118749357759953 0.110712848603725 -99.9 -99.9 -99.9 -99.9 -99.9 -99.9 -99.9 -99.9 -99.9 -99.9 -99.9 -99.9 -99.9 -99.9 -99.9 0.0806586891412735 0.0741902440786362 0.0662667900323868 0.0607879944145679 0.0538313761353493 0.0514760687947273 0.052861861884594 0.0535885393619537 0.0510974824428558 0.0728990808129311 0.0622983425855637 0.0595908463001251 0.0657695159316063 0.0705124288797379
0.098029613494873 0.0895980000495911 0.0859263241291046 0.0890643075108528 0.0886739939451218 0.0807385891675949 0.0694556534290314 0.0761573016643524 0.068035289645195 0.0643170103430748 0.0679396688938141 0.0682483315467834 0.0849967300891876 0.0869085937738419 -99.9 -99.9 -99.9 -99.9 -99.9 -99.9 0.164285913109779 0.12350419908762 0.102142728865147 0.134162843227386 0.165304601192474 0.134642526507378 0.165183782577515 -99.9 -99.9 -99.9 -99.9 -99.9 -99.9 -99.9 -99.9 -99.9 -99.9 -99.9 -99.9 -99.9 -99.9 -99.9 0.0788180157542229 0.0776301845908165 0.0706660822033882 0.0622215829789639 0.0606851726770401 0.057639617472887 0.0550093241035938 0.0597496666014194 0.0711789727210999 0.0655144080519676 0.0710582882165909 0.0650844946503639 0.0623653307557106 0.0666214823722839 0.0607954002916813
0.0845662206411362 0.0745032653212547 0.0798474326729774 0.081650123000145 0.0888384953141212 0.0733860731124878 0.0684264898300171 0.0806214958429337 0.0750687196850777 0.0700242817401886 0.0642231777310371 0.0672472715377808 0.0694402828812599 0.0752195119857788 -99.9 -99.9 -99.9 -99.9 -99.9 0.0895237103104591 0.132283672690392 0.129148662090302 0.093707837164402 0.0900254622101784 0.0874324142932892 0.0945048779249191 0.113169193267822 0.157684400677681 -99.9 -99.9 -99.9 -99.9 -99.9 -99.9 -99.9 -99.9 -99.9 -99.9 -99.9 -99.9 0.0977756828069687 0.0881442129611969 0.0936999246478081 0.0798605754971504 0.0693787112832069 0.0788347199559212 0.109553076326847 0.130576193332672 0.133229106664658 0.101971305906773 0.0763255730271339 0.0634133964776993 0.0737315490841866 0.0747270435094833 0.0819982588291168 0.0975882634520531 0.0666263177990913
0.0818632915616035 0.0886737182736397 -99.9 0.084227554500103 0.0798645466566086 0.0885684117674828 0.0646409690380096 0.0701302736997604 0.0851971507072449 0.0666148066520691 0.0777273923158646 0.0846169590950012 0.0880810543894768 0.0833750441670418 -99.9 -99.9 -99.9 0.0939444452524185 0.0875339508056641 0.076978787779808 0.0754820555448532 0.095943920314312 0.143313348293304 0.149935871362686 -99.9 -99.9 -99.9 -99.9 -99.9 -99.9 -99.9 -99.9 -99.9 -99.9 -99.9 -99.9 -99.9 -99.9 -99.9 -99.9 -99.9 0.0979480072855949 0.0956798866391182 0.100031793117523 0.100444212555885 0.0901497825980186 0.109911687672138 0.0873717442154884 0.0966960191726685 0.116574436426163 0.117928124964237 0.124014675617218 0.131570652127266 0.10266949236393 0.0802841633558273 0.103193581104279 0.072377473115921
0.0967003926634789 0.0960249453783035 0.0937148034572601 0.0944283753633499 0.0816878527402878 0.0858932659029961 0.0685529485344887 0.0674042701721191 0.0687795281410217 0.0665715709328651 0.0730132162570953 0.0917278006672859 -99.9 -99.9 -99.9 0.128979757428169 0.132487222552299 0.083316408097744 0.0817710235714912 -99.9 -99.9 0.102161325514317 0.149443373084068 0.0832600742578506 0.167755663394928 -99.9 -99.9 -99.9 -99.9 -99.9 -99.9 -99.9 -99.9 -99.9 -99.9 -99.9 -99.9 -99.9 -99.9 -99.9 0.143032386898994 0.157101035118103 0.105073437094688 -99.9 -99.9 -99.9 -99.9 -99.9 -99.9 -99.9 -99.9 -99.9 -99.9 -99.9 -99.9 0.0800305381417274 0.0794460847973824
0.0941911339759827 0.0961322858929634 0.0975332036614418 0.0992900133132935 0.0823915526270866 0.0778984427452087 0.0685025081038475 0.0761558338999748 0.0796539187431335 0.0720462128520012 0.0745996609330177 -99.9 -99.9 -99.9 0.115076154470444 0.0901717022061348 0.0920456424355507 0.104482293128967 -99.9 0.111042737960815 -99.9 -99.9 0.0867742672562599 0.0701311826705933 -99.9 -99.9 -99.9 -99.9 -99.9 -99.9 -99.9 -99.9 -99.9 -99.9 -99.9 -99.9 -99.9 -99.9 -99.9 -99.9 -99.9 -99.9 -99.9 -99.9 -99.9 -99.9 -99.9 -99.9 -99.9 -99.9 -99.9 -99.9 -99.9 -99.9 -99.9 -99.9 -99.9
0.0853410810232162 0.0921124815940857 0.0946656912565231 0.101196147501469 0.0761925503611565 0.0699878484010696 0.0897244364023209 0.0729002356529236 0.0749975070357323 0.0815443322062492 0.0794678032398224 0.073421373963356 -99.9 -99.9 0.101728245615959 0.0892442241311073 0.0820868611335754 -99.9 -99.9 -99.9 -99.9 -99.9 -99.9 0.0915535315871239 -99.9 -99.9 -99.9 -99.9 -99.9 -99.9 -99.9 -99.9 -99.9 -99.9 -99.9 -99.9 -99.9 -99.9 -99.9 -99.9 -99.9 -99.9 -99.9 -99.9 -99.9 -99.9 -99.9 -99.9 -99.9 -99.9 -99.9 -99.9 -99.9 -99.9 -99.9 -99.9 -99.9
0.0876926779747009 0.0891971439123154 0.0890465676784515 0.0853326693177223 0.0858853310346603 0.0816083922982216 0.0841933190822601 0.0769259557127953 0.0745877251029015 0.0804008394479752 0.0810867473483086 0.0881765484809875 -99.9 0.120488606393337 0.106811217963696 0.0874561965465546 0.084750808775425 0.107818149030209 0.112224087119102 -99.9 -99.9 -99.9 -99.9 -99.9 -99.9 -99.9 -99.9 -99.9 -99.9 -99.9 -99.9 -99.9 -99.9 -99.9 -99.9 -99.9 -99.9 -99.9 -99.9 -99.9 -99.9 -99.9 -99.9 -99.9 -99.9 -99.9 -99.9 -99.9 -99.9 -99.9 -99.9 -99.9 -99.9 -99.9 -99.9 0.0769010558724403 0.0712413191795349
0.0896559804677963 0.0893150120973587 0.0831316858530045 0.0794186070561409 0.0768939256668091 0.0749951377511024 0.0825604647397995 0.0770740211009979 0.0775566846132278 0.0854329541325569 0.0760328844189644 0.0920625999569893 -99.9 0.0954414159059525 0.136126831173897 0.133260652422905 0.124385483562946 0.144837409257889 0.145801827311516 0.0961063280701637 -99.9 -99.9 -99.9 -99.9 -99.9 -99.9 -99.9 -99.9 -99.9 -99.9 -99.9 -99.9 -99.9 -99.9 -99.9 -99.9 -99.9 -99.9 -99.9 -99.9 -99.9 -99.9 -99.9 -99.9 -99.9 -99.9 -99.9 -99.9 -99.9 -99.9 -99.9 -99.9 -99.9 -99.9 -99.9 0.0753482207655907 0.061963927000761
0.0880372375249863 0.0862519443035126 0.0834762454032898 0.0815132558345795 0.077974446117878 0.0797823294997215 0.0790327861905098 0.0759036168456078 0.0768721923232079 0.0878950953483582 0.077241413295269 -99.9 -99.9 0.126091659069061 0.126570835709572 0.110815308988094 0.135822668671608 0.0859443098306656 -99.9 0.13793557882309 -99.9 0.15255381166935 0.0914901569485664 -99.9 -99.9 -99.9 -99.9 -99.9 -99.9 -99.9 -99.9 -99.9 -99.9 -99.9 -99.9 -99.9 -99.9 -99.9 -99.9 -99.9 -99.9 -99.9 -99.9 -99.9 -99.9 -99.9 -99.9 -99.9 -99.9 -99.9 -99.9 -99.9 -99.9 -99.9 0.0794262588024139 0.075918547809124 0.0634449124336243
0.0844492986798286 0.0813438296318054 0.0785893648862839 0.081179715692997 0.0759150013327599 0.07587631046772 0.0762912780046463 0.0771496966481209 0.0704620853066444 0.0707875192165375 -99.9 -99.9 0.113674573600292 0.111840456724167 0.114011317491531 0.127890795469284 0.107817091047764 0.156997352838516 0.114188924431801 0.129613026976585 -99.9 -99.9 0.104683056473732 -99.9 -99.9 -99.9 -99.9 -99.9 -99.9 -99.9 -99.9 -99.9 -99.9 -99.9 -99.9 -99.9 -99.9 -99.9 -99.9 -99.9 -99.9 -99.9 -99.9 -99.9 -99.9 -99.9 -99.9 -99.9 -99.9 -99.9 -99.9 -99.9 -99.9 -99.9 0.0733414590358734 0.0574596896767616 0.0686075314879417
0.0805889889597893 0.0808036550879478 0.0785342901945114 0.0773683488368988 0.0780881568789482 0.0759128406643867 0.0717675238847733 0.0686630979180336 0.0793046355247498 0.0784381330013275 0.0773413479328156 0.112251125276089 0.120445467531681 0.116179466247559 0.107095614075661 0.117097236216068 0.0933432132005692 0.112795114517212 0.157779395580292 0.114155426621437 0.0935004353523254 0.140976920723915 0.114413395524025 0.0831662267446518 -99.9 -99.9 -99.9 -99.9 -99.9 -99.9 -99.9 -99.9 -99.9 -99.9 -99.9 -99.9 -99.9 -99.9 -99.9 -99.9 -99.9 -99.9 -99.9 -99.9 -99.9 -99.9 -99.9 -99.9 -99.9 -99.9 -99.9 -99.9 -99.9 0.0774774476885796 0.062195148319006 0.0565556958317757 0.0674334019422531
0.0828734412789345 0.0806121900677681 0.0848454684019089 0.0816583558917046 0.0783087015151978 0.0762368589639664 0.0670000165700912 0.0681533738970757 0.0692832246422768 0.0747232511639595 0.0814937353134155 0.105750910937786 0.103212215006351 0.121942721307278 0.127874433994293 0.129661858081818 0.0829228460788727 0.0784064754843712 0.0939022302627563 0.100241832435131 0.0874622687697411 -99.9 -99.9 -99.9 -99.9 -99.9 -99.9 -99.9 -99.9 -99.9 -99.9 -99.9 -99.9 -99.9 -99.9 -99.9 -99.9 -99.9 -99.9 -99.9 -99.9 -99.9 -99.9 -99.9 -99.9 -99.9 -99.9 -99.9 -99.9 -99.9 -99.9 -99.9 0.0753815770149231 0.0935790985822678 0.0551461912691593 0.0547971054911613 0.0598343908786774
0.0712283328175545 0.0722461193799973 0.0975191220641136 0.10296656191349 0.100689947605133 0.092404730618 0.0695624426007271 0.0671315342187881 0.0681199282407761 0.0861742794513702 0.0783418118953705 0.0922011286020279 0.0851876139640808 0.0801194831728935 0.0920751839876175 0.0806320533156395 0.0728216543793678 -99.9 0.0880404189229012 0.0921793356537819 -99.9 -99.9 -99.9 -99.9 -99.9 -99.9 -99.9 -99.9 -99.9 -99.9 -99.9 -99.9 -99.9 -99.9 -99.9 -99.9 -99.9 -99.9 -99.9 -99.9 -99.9 -99.9 -99.9 -99.9 -99.9 -99.9 -99.9 -99.9 -99.9 -99.9 -99.9 0.145646452903748 0.0706880539655685 0.0586495101451874 0.0522812977433205 0.0519948676228523 0.0546252615749836
