fish_book/data/sediment/Wilson_et_al_2017_data_files_asc/SurfaceNitrogen.asc
NCOLS 200
NROWS 150
XLLCORNER -16
YLLCORNER 44
CELLSIZE 0.125
NODATA_VALUE -99.9
[rows 100 to 124 of 150, columns 57 to 113 of 200]
0.0865518674254417 0.0948008298873901 0.0877434909343719 0.0830239206552505 0.0983845666050911 0.0940939784049988 0.0778564810752869 0.0734580457210541 0.0764262303709984 0.0846173316240311 0.0996860191226006 0.115371853113174 0.115433126688004 0.146116763353348 0.0834413319826126 0.0798448175191879 0.0801909118890762 0.0733838677406311 0.0624238103628159 0.0618185140192509 0.0629609003663063 0.0597326569259167 0.0548747442662716 0.0519106909632683 0.0553085878491402 -99.9 -99.9 -99.9 -99.9 -99.9 -99.9 -99.9 0.0870579108595848 0.0707522183656693 0.0664173737168312 0.0876505076885223 0.0965196266770363 0.109130941331387 0.0974351540207863 0.0909588262438774 0.0816687345504761 0.0755296796560287 0.0682455152273178 0.0655981823801994 0.0590913631021976 0.05691097676754 0.0575520358979702 0.0583813674747944 0.0580056272447109 0.0578722395002842 0.0581768937408924 0.0684633925557137 0.0616768412292004 0.0623781941831112 0.0585160292685032 0.059832226485014 0.0554809160530567
0.0847316011786461 0.0850410610437393 0.0954332873225212 0.0900979563593864 0.113449290394783 0.0966521054506302 0.0836224779486656 0.0765462219715118 0.0976407751441002 0.103803351521492 0.101100340485573 0.113370135426521 0.109854571521282 0.125407859683037 0.0803113803267479 0.0756683945655823 0.0789588242769241 0.0744142085313797 0.0573519989848137 0.0610697567462921 0.0620723776519299 0.0616154260933399 0.0510629527270794 0.0518987439572811 0.0564211085438728 -99.9 -99.9 0.0827800780534744 -99.9 -99.9 -99.9 0.0716926157474518 0.0643580630421638 0.0669242739677429 0.0644408762454987 0.0674205645918846 0.0599920935928822 0.068410649895668 0.0633935630321503 0.0576137490570545 0.0556247308850288 0.0526922829449177 0.0542460232973099 0.0648359432816505 0.0595644935965538 0.0570633299648762 0.0573209784924984 0.0570774264633656 0.0559218265116215 0.0562802702188492 0.0588733851909637 0.0565449595451355 0.0659651532769203 0.0605374351143837 0.0672457218170166 0.0597203262150288 0.0520687885582447
0.0854779705405235 0.0862360820174217 0.0922709479928017 0.0879746153950691 0.0936228930950165 0.0869005098938942 0.0874670222401619 0.0840267911553383 0.0894527658820152 0.0982387885451317 0.100342497229576 0.101834185421467 0.0889256000518799 0.0947504937648773 0.077995590865612 0.0713682770729065 0.0754634439945221 0.0717347115278244 0.0731960460543633 0.076480507850647 -99.9 0.0697417110204697 0.0619553104043007 0.052811972796917 0.057307206094265 0.061653595417738 0.0642090663313866 0.0634409785270691 0.0692437887191772 0.075348012149334 0.0645770877599716 0.0608097277581692 0.0614993907511234 0.0610089376568794 0.0583765581250191 0.0598835945129395 0.0596864856779575 0.0667921155691147 0.0604756325483322 0.0545100755989552 0.0504455380141735 0.0528346821665764 0.0537417344748974 0.0527451448142529 0.0553159713745117 0.0569136589765549 0.0561640411615372 0.0640780031681061 0.0560442321002483 0.0587715655565262 0.0619448572397232 0.0561928004026413 0.0609586425125599 0.0526153743267059 0.0550992526113987 0.0445619449019432 0.0476316660642624
0.0765365287661552 0.0720908790826797 0.0736535042524338 0.0750825703144073 0.0950296744704247 0.0988839045166969 0.0730000361800194 0.0732714459300041 0.0970296636223793 0.0865614861249924 0.0998083353042603 0.0791010707616806 0.104161478579044 0.103491954505444 0.0957328379154205 0.0704257041215897 0.0734836459159851 0.0727727636694908 0.0617164932191372 0.062974713742733 0.0616126582026482 0.0591746754944324 0.0553295761346817 0.0515661127865314 0.0550596788525581 0.0586890280246735 0.0597748681902885 0.0600688792765141 0.0602102242410183 0.0585796982049942 0.0601259022951126 0.0594061389565468 0.059599619358778 0.0574049167335033 0.0601824298501015 0.0593022033572197 0.0587620884180069 0.0639745071530342 0.0588925741612911 0.0582059435546398 0.0557296276092529 0.0566358007490635 0.0537959970533848 0.0549527443945408 0.0561176314949989 0.053410105407238 0.0553211383521557 0.0551247037947178 0.0542998649179935 0.0558032132685184 0.0524596981704235 0.0504788011312485 0.0538383834064007 0.0647654011845589 0.0633278712630272 0.0643319115042686 0.0632725805044174
0.0722772851586342 0.0774683728814125 0.0789793580770493 0.0829064771533012 0.0794706493616104 0.0860796272754669 0.0778531059622765 0.0847958251833916 0.0854838043451309 0.0801013261079788 0.0825222432613373 0.079763375222683 0.0869851559400558 0.0882938802242279 0.0794347450137138 0.0719016566872597 0.0708605349063873 0.0794312357902527 0.0681438222527504 0.0739153772592545 0.0672074779868126 0.0612835288047791 0.0632613971829414 0.0502530820667744 0.0514346212148666 0.0546968430280685 0.0597170889377594 0.0639094784855843 0.0643226653337479 0.057328961789608 0.0581094659864902 0.0569453313946724 0.0573803782463074 0.059406366199255 0.0577485077083111 0.0609366856515408 0.058530792593956 0.0663843080401421 0.0595593936741352 0.0594548769295216 0.0581399649381638 0.0571709647774696 0.0574041344225407 0.056946761906147 0.0545753315091133 0.0539884977042675 0.0544950664043427 0.0520865134894848 0.0561396889388561 0.0541466325521469 0.0580791682004929 0.0622935406863689 0.0734392404556274 0.072537936270237 0.0646192207932472 -99.9 -99.9
0.0758985206484795 0.0761455148458481 0.0779443234205246 0.0728656202554703 0.0733116194605827 0.06949333101511 0.0696076974272728 0.0742429420351982 0.0733841508626938 0.0748272091150284 0.0712144821882248 0.0769530758261681 0.07457285374403 0.0754296258091927 0.0725899264216423 0.0664586052298546 0.0723670721054077 0.0713489949703217 0.0716791525483131 0.0695002377033234 0.0732728019356728 0.0731136724352837 0.0678032711148262 0.0502729900181293 0.0502596311271191 0.0504026785492897 0.0604681223630905 0.0629900544881821 0.0557011999189854 0.0576345473527908 0.0584897771477699 0.0577879883348942 0.0585150755941868 0.0577085800468922 0.0662752091884613 0.0581637658178806 0.0664684250950813 0.0589780397713184 0.0613104142248631 0.0596740320324898 0.058619499206543 0.0574280433356762 0.0585643835365772 0.0587682016193867 0.046407163143158 0.0565115846693516 0.058050099760294 0.0659087225794792 0.0673492699861526 0.063811831176281 0.0691241696476936 0.0690636858344078 0.0621056295931339 0.0647527053952217 0.0655453279614449 0.0759593322873116 -99.9
0.0754626914858818 0.076126404106617 0.0758895799517632 0.0748564451932907 0.0749994143843651 0.073521725833416 0.0756116658449173 0.0757548958063126 0.0731040388345718 0.0752755180001259 0.0733926445245743 0.0733799338340759 0.0718825832009315 0.070758581161499 0.0698232278227806 0.0704253539443016 0.0703041106462479 0.0704776644706726 0.0707643106579781 0.0662693753838539 0.065680980682373 0.0685631707310677 0.0663398206233978 0.0672716572880745 0.0677587389945984 0.0724937543272972 0.068622387945652 0.0594634972512722 0.0603040978312492 0.0588219985365868 0.0598469153046608 0.0653122961521149 0.0592167936265469 0.0590478293597698 0.0597812719643116 0.0610140524804592 0.0592163391411304 0.0599661357700825 0.0604699738323689 0.0607193186879158 0.0606430917978287 0.0517759881913662 0.0592607595026493 0.0585200935602188 0.0574266724288464 0.0554511919617653 0.0571042224764824 0.0610132701694965 0.0656816512346268 0.0782073363661766 -99.9 0.0750150755047798 0.0797497555613518 0.0640400797128677 0.0654670000076294 0.0647195726633072 -99.9
0.0679849982261658 0.0760239809751511 0.0805553048849106 0.0707869604229927 0.0751757919788361 0.0736963525414467 0.0769212394952774 0.0751346275210381 0.0759277641773224 0.086717814207077 0.0713131129741669 0.0742986500263214 0.0732556134462357 0.0711309611797333 0.0680911839008331 0.070324033498764 0.0669703111052513 0.0712451934814453 0.0694085359573364 0.0707217752933502 0.0636450871825218 0.0647393390536308 0.0664396658539772 0.0656621232628822 0.0664100721478462 0.0655495524406433 0.0622491911053658 0.0571025609970093 0.0567843094468117 0.0613151751458645 0.0584836713969707 0.0619224160909653 0.0603022091090679 0.0596132837235928 0.0584147796034813 0.0588134825229645 0.0600534193217754 0.0578879676759243 0.0594515241682529 0.0609972327947617 0.0640009120106697 0.0653486400842667 0.0579224191606045 0.0560057386755943 0.0578345730900764 0.0611089952290058 0.0634239166975021 0.0630059465765953 0.0621966160833836 0.0651686489582062 0.0618117675185204 0.0654477030038834 0.067803367972374 0.0738765895366669 0.071356937289238 0.0688650980591774 0.0765215307474136
0.0748437270522118 0.073532946407795 0.0707816705107689 0.0689900815486908 0.0696273967623711 0.0734593197703362 0.0705603286623955 0.0734169632196426 0.0724348649382591 0.0687555968761444 0.0720430016517639 0.0704231634736061 0.0705073103308678 0.071323923766613 0.0698705390095711 0.0707425624132156 0.0697531625628471 0.0680935904383659 0.0673463195562363 0.0667634904384613 0.0673417076468468 0.0665073245763779 0.066445492208004 0.0651049092411995 0.0651218816637993 0.0634343028068542 0.061635497957468 0.0579781420528889 0.0577574670314789 0.060490109026432 0.0603716894984245 0.059359397739172 0.0589486546814442 0.0602207817137241 0.0606505572795868 0.0590449571609497 0.0586922094225883 0.0597887672483921 0.0609749928116798 0.060530174523592 0.0592206902801991 0.0587296411395073 0.0606503374874592 0.069086417555809 0.0636719614267349 0.0574873387813568 0.0723817199468613 0.0621171034872532 0.0600623227655888 0.0638864934444427 0.0625573843717575 0.0641326308250427 0.0727503523230553 -99.9 -99.9 0.0777400135993958 0.06364656239748
0.0731410160660744 0.0716458112001419 0.0716224685311317 0.0685340762138367 0.0722099542617798 0.0676750242710114 0.0734163299202919 0.0695815458893776 0.0707766488194466 0.0708384290337563 0.069084644317627 0.0660658851265907 0.0698211789131165 0.0648471638560295 0.0683379024267197 0.068916991353035 0.0684589743614197 0.0674901604652405 0.0680223405361176 0.0662529692053795 0.0656609982252121 0.0662127137184143 0.0667940527200699 0.0650356560945511 0.0642802342772484 0.0672569870948792 0.0607267543673515 0.0589415058493614 0.0612638890743256 0.058632779866457 0.0605344474315643 0.0642834156751633 0.0619063377380371 0.0654756873846054 0.0656543299555779 0.0702661648392677 0.0697638913989067 0.0709256753325462 0.0700474381446838 0.0663856565952301 0.0676664561033249 0.062837578356266 0.0646181553602219 0.064340353012085 0.0654287785291672 0.0734243467450142 0.0733436644077301 0.0673581808805466 0.0606441237032413 0.0671941936016083 0.0645459070801735 0.0664642527699471 0.0681843608617783 0.0695448815822601 0.0691448673605919 0.0679374039173126 0.0651466399431229
0.0748116821050644 0.0695610791444778 0.0743891298770905 0.0694535672664642 0.0669954940676689 0.0738211646676064 0.0686367750167847 0.0679723247885704 0.0711823999881744 0.0725359469652176 0.0649510845541954 0.0686595663428307 0.0702683255076408 0.0659921243786812 0.0663841590285301 0.0699579119682312 0.0697046518325806 0.0680522993206978 0.0690630748867989 0.0671559423208237 0.0687076598405838 0.0653847083449364 0.0694063007831573 0.0658988505601883 0.0639458745718002 0.0635619387030602 0.0628928244113922 0.0617096684873104 0.0597307533025742 0.0653901919722557 0.0695445984601974 0.0713364034891129 0.0714927613735199 0.0684740170836449 0.0691664442420006 0.069420151412487 0.0704467296600342 0.0708560422062874 0.071193628013134 0.0659307092428207 0.0642806887626648 0.0648835673928261 0.066548578441143 0.0660262778401375 0.0644162446260452 0.0655583664774895 0.0705941244959831 0.0643914416432381 0.063818022608757 0.0696982368826866 0.0642718002200127 0.0581357851624489 0.0616154707968235 0.0662236288189888 0.0654029175639153 0.0682634711265564 0.0747440159320831
0.0659651532769203 0.0717878267168999 0.0665924251079559 0.070811502635479 0.0727253705263138 0.0679626241326332 0.0701896771788597 0.0679081976413727 0.063982754945755 0.0637627393007278 0.0704700350761414 0.0695892944931984 0.06508669257164 0.0701484307646751 0.0648781210184097 0.0674690306186676 0.0671146959066391 0.0695152953267097 0.0662205964326859 0.0656816735863686 0.0702811703085899 0.0682827010750771 0.0677421689033508 0.0660777986049652 0.0648400336503983 0.0661494433879852 0.0652188509702682 0.0610659681260586 0.0612376965582371 0.0661659613251686 0.0729909241199493 0.0722256749868393 0.0699121356010437 0.0693922191858292 0.0715936571359634 0.069034144282341 0.0718679502606392 0.0649691745638847 0.0693124532699585 0.0676957443356514 0.070818156003952 0.0658487677574158 -99.9 -99.9 -99.9 -99.9 -99.9 0.0796747282147408 0.0761997252702713 0.0667425096035004 0.0665148571133614 0.0660134702920914 0.0704259052872658 0.0665592774748802 0.0661438703536987 0.0627757236361504 0.0708301737904549
0.0710998475551605 0.0650603324174881 0.0728152394294739 0.0613834224641323 0.0666388943791389 0.0678291842341423 0.0686432868242264 0.0657700374722481 0.0693880915641785 0.0676509812474251 0.066093273460865 0.0638836398720741 0.0705537423491478 0.0676939189434052 0.0659234970808029 0.070636011660099 0.0691161677241325 0.0685410350561142 0.0678904801607132 0.0663873329758644 0.0659641399979591 0.0684089735150337 0.0671384260058403 0.0702742487192154 0.0655524432659149 0.0686237663030624 0.0644718855619431 0.0636291801929474 0.0647214129567146 0.0715015083551407 0.0712102428078651 0.0725256949663162 0.0704200342297554 0.0654309093952179 0.0692135691642761 0.0742090195417404 0.085455484688282 -99.9 -99.9 -99.9 -99.9 -99.9 -99.9 -99.9 -99.9 -99.9 -99.9 -99.9 0.0738323181867599 0.0668044313788414 0.0672219470143318 0.0759803503751755 -99.9 0.0657374486327171 0.0720545500516891 -99.9 0.0852068588137627
0.0642013475298882 0.066710501909256 0.0715426132082939 0.0642349049448967 0.0670312717556953 0.0761561393737793 0.0670659393072128 0.0699725672602654 0.0656692385673523 0.0704426318407059 0.0647784695029259 0.0679120644927025 0.071448914706707 0.0684440657496452 0.0643345192074776 0.0624769628047943 0.0659747794270515 0.0644184723496437 0.0642466172575951 0.0695977732539177 0.0666017532348633 0.0693429112434387 0.0708960592746735 0.068457342684269 0.0669210404157639 0.0644079074263573 0.065678283572197 0.0669360309839249 0.0646654218435287 0.0725134834647179 0.0718781352043152 0.0672487691044807 0.075834609568119 -99.9 -99.9 -99.9 -99.9 -99.9 -99.9 -99.9 -99.9 -99.9 -99.9 -99.9 -99.9 -99.9 -99.9 -99.9 -99.9 -99.9 -99.9 -99.9 -99.9 -99.9 -99.9 -99.9 -99.9
0.0711670443415642 0.0814687237143517 0.0706019476056099 0.0737579464912415 0.0745586305856705 0.0707196667790413 0.0683732777833939 0.071148507297039 0.0670098215341568 0.069587729871273 0.0713315382599831 0.0653400123119354 0.0710717663168907 0.0646235346794128 0.0629503577947617 0.0668966919183731 0.0670935213565826 0.0616183020174503 0.0646710395812988 0.0669454112648964 0.0682171285152435 0.0695723593235016 0.0687335431575775 0.0694277510046959 0.0665423944592476 0.0686308667063713 0.0619066953659058 0.0651828423142433 0.0647860169410706 0.0684988647699356 0.0789742842316628 0.0768291354179382 -99.9 -99.9 -99.9 -99.9 -99.9 -99.9 -99.9 -99.9 -99.9 -99.9 -99.9 -99.9 -99.9 -99.9 -99.9 -99.9 -99.9 -99.9 -99.9 -99.9 -99.9 -99.9 -99.9 -99.9 -99.9
0.0819082483649254 0.072999432682991 0.0796822085976601 0.0842143073678017 0.0853222087025642 0.0747349187731743 0.0693065375089645 0.0699804797768593 0.0662545636296272 0.0676539242267609 0.0663178041577339 0.0688915625214577 0.0652133524417877 0.0673876330256462 0.064623735845089 0.0649511441588402 0.067582443356514 0.0659253969788551 0.0660704746842384 0.0686259046196938 0.0720410346984863 0.072384387254715 0.0741252154111862 0.0761743038892746 0.0708494111895561 0.0641103833913803 0.0620810985565186 0.0582812651991844 0.061896875500679 0.0618858337402344 0.063850574195385 0.0781228989362717 0.0759379714727402 0.0734161734580994 -99.9 -99.9 -99.9 -99.9 -99.9 -99.9 -99.9 -99.9 -99.9 -99.9 -99.9 -99.9 -99.9 -99.9 -99.9 -99.9 -99.9 -99.9 -99.9 -99.9 -99.9 -99.9 -99.9
0.114957228302956 0.107916049659252 0.0972622632980347 0.0976121053099632 0.100282311439514 0.0985376536846161 0.0779085829854012 0.0765258967876434 0.0881384536623955 0.0676946863532066 0.0670592114329338 0.0665381550788879 0.0706924572587013 0.0681443512439728 0.0690494775772095 0.0634310767054558 0.0662509277462959 0.0657647699117661 0.0617894418537617 0.0623343177139759 0.0655261799693108 0.065594919025898 0.0712267383933067 0.0713503882288933 0.0676048845052719 0.0664268434047699 0.0664879828691483 0.0624348782002926 0.0618720836937428 0.0616406947374344 0.0594568960368633 0.0582485571503639 0.0616041719913483 0.061663631349802 0.0824816077947617 -99.9 -99.9 -99.9 -99.9 -99.9 -99.9 -99.9 -99.9 -99.9 -99.9 -99.9 -99.9 -99.9 -99.9 -99.9 -99.9 -99.9 -99.9 -99.9 -99.9 -99.9 -99.9
-99.9 -99.9 -99.9 -99.9 -99.9 0.110105596482754 0.0985262468457222 0.0820735469460487 0.0766322463750839 0.0852284952998161 0.0610344633460045 0.0610565692186356 0.0595719777047634 0.0651864260435104 0.0640161409974098 0.0641381740570068 0.0626418590545654 0.0636873990297318 0.0590333230793476 0.0649158805608749 0.0619124881923199 0.058165118098259 0.0668442696332932 0.0643919110298157 0.0732821002602577 0.0648053139448166 0.0661168321967125 0.0661212056875229 0.0599479414522648 0.0629696622490883 0.0645075589418411 0.0793576166033745 0.0718011260032654 -99.9 -99.9 -99.9 -99.9 -99.9 -99.9 -99.9 -99.9 -99.9 -99.9 -99.9 -99.9 -99.9 -99.9 -99.9 -99.9 -99.9 -99.9 -99.9 -99.9 -99.9 -99.9 -99.9 -99.9
-99.9 -99.9 -99.9 -99.9 -99.9 -99.9 -99.9 0.109403245151043 0.107630021870136 0.0904646143317223 0.0757091790437698 0.0612171441316605 0.0589547082781792 0.0677909404039383 0.0616411752998829 0.063391737639904 0.0605555102229118 0.0576215386390686 0.0592393167316914 0.0617056265473366 0.0611177161335945 0.0658699348568916 0.0622099004685879 0.0640944316983223 0.0645596385002136 0.069469191133976 0.069941833615303 0.067315012216568 0.0636708736419678 0.0572495125234127 0.0570273734629154 0.0618933774530888 0.066121980547905 0.0633651986718178 0.0773860290646553 0.106675647199154 -99.9 -99.9 -99.9 -99.9 -99.9 -99.9 -99.9 -99.9 -99.9 -99.9 -99.9 -99.9 -99.9 -99.9 -99.9 -99.9 -99.9 -99.9 -99.9 -99.9 -99.9
-99.9 -99.9 -99.9 -99.9 -99.9 -99.9 -99.9 -99.9 -99.9 -99.9 0.099261574447155 0.0870691314339638 0.0638318881392479 0.0589798651635647 0.0653980672359467 0.067801371216774 0.065471850335598 0.0589122250676155 0.0653358027338982 0.0593664832413197 0.0631006732583046 0.0580350682139397 0.0622016452252865 0.059626292437315 0.0673360228538513 0.0652218535542488 0.0705067068338394 0.0717142447829247 0.06791702657938 0.0652975961565971 0.0575855374336243 0.0545046366751194 0.0524537712335587 0.0592564642429352 0.0637150779366493 0.07370725274086 -99.9 -99.9 0.078737661242485 0.0755977779626846 -99.9 -99.9 -99.9 -99.9 -99.9 -99.9 -99.9 -99.9 -99.9 -99.9 -99.9 -99.9 -99.9 -99.9 -99.9 -99.9 -99.9
-99.9 -99.9 -99.9 -99.9 -99.9 -99.9 -99.9 -99.9 -99.9 -99.9 -99.9 0.0972566306591034 0.105586796998978 0.0977130681276321 0.104824230074883 0.0939234793186188 0.0716201364994049 0.0566239394247532 0.0615252666175365 0.0548517964780331 0.0603177398443222 0.0575633496046066 0.0613979585468769 0.0590221993625164 0.0639529526233673 0.0648999437689781 0.0692022293806076 0.0708664953708649 0.073493130505085 0.0748704224824905 0.0718194171786308 0.0741487294435501 0.0697037801146507 0.069999523460865 0.0658681094646454 0.0689675509929657 0.0711470544338226 0.0772554203867912 0.076820395886898 0.0841869711875916 0.109471447765827 0.136707946658134 0.133757621049881 -99.9 -99.9 -99.9 -99.9 -99.9 -99.9 -99.9 -99.9 -99.9 -99.9 -99.9 -99.9 -99.9 -99.9
-99.9 -99.9 -99.9 -99.9 -99.9 -99.9 -99.9 -99.9 -99.9 -99.9 -99.9 -99.9 -99.9 0.109901025891304 -99.9 0.0941933393478394 0.100703157484531 0.0704138875007629 0.0638331770896912 0.0624873489141464 0.0542727075517178 0.064758725464344 0.0564817823469639 0.0586069673299789 0.0656647831201553 0.0661186203360558 0.0645228773355484 0.0663558468222618 0.0730792135000229 0.0796126797795296 0.083178423345089 0.0782195776700974 0.0781401842832565 0.0764195844531059 0.0713365897536278 0.0708014592528343 0.0710562393069267 0.0690431147813797 0.0673853233456612 0.0764423906803131 0.0761501416563988 0.0776045173406601 0.0899808704853058 0.128159180283546 0.103394016623497 0.126557528972626 -99.9 -99.9 -99.9 -99.9 -99.9 -99.9 -99.9 -99.9 -99.9 -99.9 -99.9
-99.9 -99.9 -99.9 -99.9 -99.9 -99.9 -99.9 -99.9 -99.9 -99.9 -99.9 -99.9 -99.9 -99.9 -99.9 -99.9 -99.9 -99.9 -99.9 0.100289106369019 0.101602084934711 0.0898700878024101 0.0671176016330719 0.0566979460418224 0.0737202912569046 0.0678378045558929 0.0684085115790367 0.0654688626527786 0.0687552243471146 0.0801766589283943 0.0841417387127876 0.0787573009729385 0.0829025357961655 0.0790306180715561 0.0789289772510529 0.0772931054234505 0.0712285414338112 0.0711737647652626 0.0715183839201927 0.0723785385489464 0.0703828409314156 0.0707252770662308 0.080107145011425 0.0883503183722496 0.107644252479076 0.102700613439083 0.13956843316555 0.0855653807520866 0.101454339921474 0.0952087044715881 0.0925826206803322 -99.9 -99.9 -99.9 -99.9 -99.9 -99.9
-99.9 -99.9 -99.9 -99.9 -99.9 -99.9 -99.9 -99.9 -99.9 -99.9 -99.9 -99.9 -99.9 -99.9 -99.9 -99.9 -99.9 -99.9 -99.9 -99.9 -99.9 -99.9 0.110547743737698 0.0940598249435425 0.0993640050292015 0.092882513999939 0.092495933175087 0.0604147873818874 0.0667857676744461 0.0635895729064941 0.0819497257471085 0.0828881934285164 0.0806798860430717 0.0795648768544197 0.0802636370062828 0.081254780292511 0.0774203240871429 0.0726570263504982 0.071326732635498 0.0748486742377281 0.0706150457262993 0.0712000876665115 0.0728326886892319 0.0817028060555458 0.0865086913108826 -99.9 -99.9 0.0988369137048721 0.0806664377450943 0.0712307468056679 0.0842778980731964 -99.9 -99.9 -99.9 -99.9 -99.9 -99.9
-99.9 -99.9 -99.9 -99.9 -99.9 -99.9 -99.9 -99.9 -99.9 -99.9 -99.9 -99.9 -99.9 -99.9 -99.9 -99.9 -99.9 -99.9 -99.9 -99.9 -99.9 -99.9 -99.9 -99.9 -99.9 -99.9 0.0946578159928322 0.0719686225056648 0.0746404081583023 0.0747374668717384 0.0699679031968117 0.0766434147953987 0.0853213220834732 0.0860518962144852 0.0828421041369438 0.0806977525353432 0.0789392441511154 0.0789562314748764 0.0749553516507149 0.0756030529737473 0.0769077390432358 0.0766061618924141 0.0688767656683922 0.0705297365784645 0.0706078261137009 0.0670647397637367 0.0755148157477379 0.0652849078178406 0.06139075756073 0.0630304589867592 0.0675711408257484 0.0756469592452049 0.104148328304291 -99.9 -99.9 -99.9 -99.9
