fish_book/data/sediment/Wilson_et_al_2017_data_files_asc/SurfaceNitrogen.asc
NCOLS 200
NROWS 150
XLLCORNER -16
YLLCORNER 44
CELLSIZE 0.125
NODATA_VALUE -99.9
[rows 0 to 24 of 150, columns 57 to 113 of 200]
-99.9 -99.9 -99.9 -99.9 -99.9 -99.9 -99.9 0.107433669269085 0.102302737534046 0.0934234336018562 0.11085394769907 0.115016914904118 0.117908343672752 0.115543998777866 0.114543825387955 0.116417802870274 0.107621677219868 0.104569613933563 0.105286091566086 0.121349982917309 0.118230000138283 0.133640423417091 0.131217658519745 0.133736416697502 0.135046675801277 0.13720703125 -99.9 -99.9 -99.9 -99.9 -99.9 -99.9 -99.9 -99.9 -99.9 -99.9 -99.9 -99.9 -99.9 -99.9 -99.9 -99.9 -99.9 -99.9 -99.9 -99.9 -99.9 -99.9 -99.9 -99.9 -99.9 -99.9 -99.9 -99.9 -99.9 -99.9 -99.9
-99.9 -99.9 0.108151756227016 0.104489155113697 0.106103926897049 0.098888099193573 0.0950822606682777 0.0836395919322968 0.0831942856311798 0.0824810862541199 0.08704973757267 0.0847363471984863 0.0819099545478821 0.0837938264012337 0.0844386294484138 0.0795052722096443 0.083163745701313 0.0843264535069466 0.079306423664093 0.0803173556923866 0.0774642080068588 0.081695444881916 0.0955439656972885 0.112488955259323 0.124764859676361 0.131559491157532 0.131599426269531 0.124931365251541 0.123685441911221 0.131770089268684 -99.9 -99.9 -99.9 -99.9 -99.9 -99.9 -99.9 -99.9 -99.9 -99.9 -99.9 -99.9 -99.9 -99.9 -99.9 -99.9 -99.9 -99.9 -99.9 -99.9 -99.9 -99.9 -99.9 -99.9 -99.9 -99.9 -99.9
0.0979912877082825 0.107121683657169 0.0947661474347115 0.105970963835716 0.100341476500034 0.0880332663655281 0.0829468593001366 0.0774518921971321 0.0774626135826111 0.0797090008854866 0.0803598314523697 0.0836224406957626 0.0846119523048401 0.0906225070357323 0.0874707922339439 0.090275414288044 0.0861744210124016 0.0851509794592857 0.0844632238149643 0.0856185182929039 0.090967521071434 0.0837253928184509 0.0805729851126671 0.0793658345937729 0.0842203348875046 0.102098360657692 0.109140604734421 0.114828437566757 0.107574202120304 0.129416808485985 0.121398419141769 0.126536294817924 0.123838379979134 0.129692509770393 -99.9 -99.9 -99.9 -99.9 -99.9 -99.9 -99.9 -99.9 -99.9 -99.9 -99.9 -99.9 -99.9 -99.9 -99.9 -99.9 -99.9 -99.9 -99.9 -99.9 -99.9 -99.9 -99.9
0.0941568240523338 0.0934086665511131 0.0919219776988029 0.0854574292898178 0.0882917791604996 0.0818239450454712 0.0817514955997467 0.0850846022367477 0.0791987553238869 0.0826879814267159 0.0869400352239609 0.0865116268396378 0.0935375913977623 -99.9 -99.9 -99.9 -99.9 -99.9 -99.9 -99.9 -99.9 0.0899688899517059 0.0817841812968254 0.0813152194023132 0.0820465832948685 0.101351328194141 0.107208035886288 0.101572126150131 0.0913102105259895 0.100456871092319 0.12207368761301 0.105333037674427 0.122228421270847 0.125663727521896 0.122376576066017 0.120710097253323 0.115603163838387 0.112994812428951 0.122758440673351 -99.9 -99.9 -99.9 -99.9 -99.9 -99.9 -99.9 -99.9 -99.9 -99.9 -99.9 -99.9 -99.9 -99.9 -99.9 -99.9 -99.9 -99.9
0.101071156561375 0.0881886780261993 0.0886931642889977 0.0822805985808372 0.0826077163219452 0.0832801014184952 0.0835999846458435 0.0844915434718132 0.0878936126828194 0.0812657251954079 0.0834791287779808 0.0847994312644005 0.0884326174855232 -99.9 -99.9 -99.9 -99.9 -99.9 -99.9 -99.9 0.0870502442121506 0.0848031342029572 0.0835931450128555 0.0796486958861351 0.0866352990269661 0.108101315796375 0.107629857957363 0.0958349704742432 0.0896625593304634 0.0912897065281868 0.0989563539624214 0.113143905997276 0.11674402654171 0.136884808540344 0.127589285373688 0.121723979711533 0.115828111767769 0.114705160260201 0.113371297717094 0.122694127261639 0.114749282598495 0.115143798291683 -99.9 -99.9 -99.9 -99.9 -99.9 -99.9 -99.9 -99.9 -99.9 -99.9 -99.9 -99.9 -99.9 -99.9 -99.9
0.111786067485809 0.0910561978816986 0.0900560319423676 0.086872898042202 0.0822378247976303 0.0795474126935005 0.0843333825469017 0.0843278244137764 0.0889416635036469 0.0818827152252197 0.0829684734344482 0.0877258405089378 -99.9 -99.9 -99.9 -99.9 -99.9 -99.9 0.0881079584360123 0.0854579359292984 0.0834841355681419 0.084052212536335 0.0803145170211792 0.0833628997206688 0.103144057095051 0.109395384788513 0.11101982742548 0.0946753397583961 0.0908578410744667 0.09071084856987 0.101013086736202 0.110360451042652 0.116222955286503 0.110190473496914 0.124709919095039 0.11862725019455 0.117514997720718 0.116174772381783 0.118449166417122 -99.9 -99.9 -99.9 -99.9 -99.9 -99.9 -99.9 -99.9 -99.9 -99.9 -99.9 -99.9 -99.9 -99.9 -99.9 -99.9 -99.9 -99.9
0.0977682396769524 0.102523475885391 0.101108275353909 0.104868970811367 0.0910953059792519 0.0827984809875488 0.0819681361317635 0.078451581299305 0.0824826285243034 0.0827067196369171 0.0821031183004379 0.0832317918539047 0.0853845700621605 0.0868063047528267 0.08528783172369 -99.9 -99.9 0.0908190980553627 0.0910393893718719 0.0852596238255501 0.0771091431379318 0.080140732228756 0.0796879976987839 0.0954400524497032 0.105039618909359 0.10318573564291 0.0920145288109779 0.0924179330468178 0.0928832292556763 0.100482694804668 0.0950428992509842 0.120895646512508 0.116604156792164 0.121357806026936 0.115649238228798 0.117065772414207 -99.9 -99.9 -99.9 -99.9 -99.9 -99.9 -99.9 -99.9 -99.9 -99.9 -99.9 -99.9 -99.9 -99.9 -99.9 -99.9 -99.9 -99.9 -99.9 -99.9 -99.9
-99.9 -99.9 0.123883366584778 0.120049171149731 0.100060872733593 0.0811475440859795 0.0799447149038315 0.084625132381916 0.0919520407915115 0.0865127220749855 0.0847560092806816 0.0800871923565865 0.0829083174467087 0.0797576159238815 0.0853300839662552 0.0890728309750557 -99.9 -99.9 0.0958372205495834 0.0806772485375404 0.0747099295258522 0.0784477815032005 0.0839655324816704 0.100648388266563 0.11283840239048 0.0938803181052208 0.101097039878368 0.102706871926785 0.109345301985741 0.103745706379414 0.115589573979378 0.119790002703667 0.115210793912411 0.101648554205894 0.127250835299492 -99.9 -99.9 -99.9 -99.9 -99.9 -99.9 -99.9 -99.9 -99.9 -99.9 -99.9 -99.9 -99.9 -99.9 -99.9 -99.9 -99.9 -99.9 -99.9 -99.9 -99.9 -99.9
-99.9 -99.9 -99.9 -99.9 0.123750738799572 0.116030119359493 0.097805954515934 0.104517936706543 0.0950282588601112 0.0901115015149117 0.0872299447655678 0.0890975743532181 0.084156446158886 0.0828901752829552 0.0874598398804665 -99.9 0.0888807252049446 0.0930080488324165 0.0859090015292168 0.0770150050520897 0.0774434581398964 0.0948022902011871 0.0923648700118065 0.0930312126874924 0.110440999269485 0.0914240106940269 0.0907296314835548 0.0998584777116776 0.0913951098918915 0.0928247049450874 0.126316338777542 0.121493846178055 0.115744315087795 0.114624172449112 0.126058638095856 -99.9 -99.9 -99.9 -99.9 -99.9 -99.9 -99.9 -99.9 -99.9 -99.9 -99.9 -99.9 -99.9 -99.9 -99.9 -99.9 -99.9 -99.9 -99.9 -99.9 -99.9 -99.9
-99.9 -99.9 -99.9 -99.9 -99.9 0.123480051755905 0.120415262877941 0.0997229367494583 0.100444868206978 0.100146807730198 0.0888449624180794 0.101166613399982 0.0997181758284569 0.0803879946470261 0.0853885263204575 -99.9 -99.9 0.0912106484174728 0.0833433419466019 0.0825601369142532 0.118589043617249 0.10615961253643 0.0993979498744011 0.107197001576424 0.0954574868083 0.0902321040630341 0.0912044420838356 0.0949821472167969 0.122725799679756 0.120044820010662 0.113825567066669 0.122355155646801 0.109112374484539 0.117261119186878 -99.9 -99.9 -99.9 -99.9 -99.9 -99.9 -99.9 -99.9 -99.9 -99.9 -99.9 -99.9 -99.9 -99.9 -99.9 -99.9 -99.9 -99.9 -99.9 -99.9 -99.9 -99.9 -99.9
0.113500103354454 0.115392096340656 -99.9 -99.9 -99.9 -99.9 -99.9 -99.9 0.127860203385353 0.12612122297287 0.131730988621712 0.119929440319538 0.112197913229465 0.0913994386792183 0.0846080407500267 0.0848389267921448 -99.9 -99.9 0.0877702310681343 0.0878441631793976 0.10489697009325 0.121698282659054 0.101568020880222 0.0905121862888336 0.094646230340004 0.117101952433586 0.0898469313979149 0.0923714116215706 0.092248298227787 0.111193463206291 0.125607967376709 0.128681436181068 0.107737421989441 -99.9 -99.9 -99.9 -99.9 -99.9 -99.9 -99.9 -99.9 -99.9 -99.9 -99.9 -99.9 -99.9 -99.9 -99.9 -99.9 -99.9 -99.9 -99.9 -99.9 -99.9 -99.9 -99.9 -99.9
0.110705450177193 0.112497933208942 0.103833712637424 0.118644908070564 0.115849711000919 -99.9 -99.9 -99.9 -99.9 -99.9 -99.9 0.135268241167068 0.121186874806881 0.0935323908925056 0.0828260183334351 0.0809187218546867 0.0853591710329056 0.083998329937458 0.0834117084741592 0.0820644944906235 0.0838175639510155 0.08914814889431 0.0860878750681877 0.0934728607535362 0.0988155826926231 0.0952769890427589 0.10322193056345 0.0918622836470604 0.116435877978802 0.0953974351286888 0.114956550300121 0.113554544746876 -99.9 -99.9 -99.9 -99.9 -99.9 -99.9 -99.9 -99.9 -99.9 -99.9 -99.9 -99.9 -99.9 -99.9 -99.9 -99.9 -99.9 -99.9 -99.9 -99.9 -99.9 -99.9 -99.9 -99.9 -99.9
0.0936081781983376 0.0911934822797775 0.0972839966416359 0.100144505500793 0.111561447381973 0.1195944622159 0.127736359834671 -99.9 -99.9 -99.9 -99.9 -99.9 0.136057481169701 0.117736645042896 0.0844630748033524 0.0873745307326317 0.0857125073671341 0.0810773894190788 0.0798279270529747 0.0786567777395248 0.0818953737616539 0.0842184647917747 0.112286120653152 0.107802875339985 0.121365927159786 0.0983024835586548 0.0889469310641289 0.089999295771122 0.0926207154989243 0.118047505617142 -99.9 -99.9 -99.9 -99.9 -99.9 -99.9 -99.9 -99.9 -99.9 -99.9 -99.9 -99.9 -99.9 -99.9 -99.9 -99.9 -99.9 -99.9 -99.9 -99.9 -99.9 -99.9 -99.9 -99.9 -99.9 0.09791349619627 0.0913598909974098
0.0900751426815987 0.0869741067290306 0.0865672826766968 0.0836758837103844 0.10063923150301 0.103226065635681 0.120712876319885 0.118287421762943 0.126918181777 -99.9 -99.9 -99.9 -99.9 0.132924929261208 0.118576645851135 0.0839938968420029 0.0879075527191162 0.0832226350903511 0.0824366435408592 0.0784701928496361 0.0829158127307892 0.0934301614761353 0.115471303462982 0.11156003922224 0.114967331290245 0.0980532616376877 0.0949057638645172 0.112702317535877 0.0938003808259964 -99.9 -99.9 -99.9 -99.9 -99.9 -99.9 -99.9 -99.9 -99.9 -99.9 -99.9 -99.9 -99.9 -99.9 -99.9 -99.9 -99.9 -99.9 -99.9 -99.9 -99.9 -99.9 -99.9 0.108160935342312 0.0933477506041527 0.0917806774377823 0.0893892645835876 0.0886667966842651
0.0811795145273209 0.0843742787837982 0.0915083587169647 0.089542381465435 0.0996285974979401 0.11400605738163 0.105455592274666 0.120343767106533 -99.9 -99.9 -99.9 -99.9 -99.9 -99.9 0.122537523508072 0.0976957976818085 0.0906627103686333 0.0820771157741547 0.0852318704128265 0.0799353942275047 0.076201356947422 0.0856464728713036 0.0901542752981186 0.112780503928661 0.0955010950565338 0.121039777994156 0.0959458202123642 0.134670987725258 -99.9 -99.9 -99.9 -99.9 -99.9 -99.9 -99.9 -99.9 -99.9 -99.9 -99.9 -99.9 -99.9 -99.9 -99.9 -99.9 -99.9 -99.9 -99.9 -99.9 -99.9 0.0969349294900894 0.0958233699202538 0.0917239114642143 0.0909187719225883 0.0884617567062378 0.0799799859523773 0.0827401205897331 0.0874032378196716
0.0778105109930038 0.0862016901373863 0.0913474187254906 0.102183237671852 0.105987265706062 0.112424470484257 -99.9 -99.9 -99.9 -99.9 -99.9 -99.9 -99.9 -99.9 0.121983550488949 0.10674525052309 0.0947896838188171 0.0861000791192055 0.0783937051892281 0.0811931490898132 0.0904450714588165 0.084093950688839 0.0927627384662628 0.0941929444670677 0.0950555875897408 -99.9 -99.9 -99.9 -99.9 -99.9 -99.9 -99.9 -99.9 -99.9 -99.9 -99.9 -99.9 -99.9 -99.9 -99.9 -99.9 -99.9 -99.9 -99.9 -99.9 -99.9 0.108127601444721 0.0945229679346085 0.0940098017454147 0.0889685675501823 0.0843659341335297 0.0833029747009277 0.0818243697285652 0.0814670845866203 0.0844892263412476 0.0843888521194458 0.0864936038851738
0.0803141593933105 0.0981353595852852 0.0995477363467216 -99.9 -99.9 -99.9 -99.9 -99.9 -99.9 -99.9 -99.9 -99.9 -99.9 -99.9 -99.9 0.117703676223755 0.0960467532277107 0.092503696680069 0.0856317654252052 0.0842953100800514 0.0836850255727768 0.0866309627890587 0.0956394150853157 -99.9 -99.9 -99.9 -99.9 -99.9 -99.9 -99.9 -99.9 -99.9 -99.9 -99.9 -99.9 -99.9 -99.9 -99.9 -99.9 -99.9 -99.9 -99.9 -99.9 -99.9 0.0920190066099167 0.0952539294958115 0.0955380871891975 0.0888268947601318 0.0958886072039604 0.0892471149563789 0.0837381482124329 0.0853495076298714 0.0975603088736534 0.0956276133656502 0.0869830548763275 0.0902991890907288 0.0891183763742447
0.0921226292848587 0.113793954253197 -99.9 -99.9 -99.9 -99.9 -99.9 -99.9 -99.9 -99.9 -99.9 -99.9 -99.9 -99.9 -99.9 -99.9 0.0964257121086121 0.0864307507872581 0.0861440077424049 0.0901443436741829 0.0860632658004761 0.101531088352203 0.0893422290682793 0.111870087683201 -99.9 -99.9 -99.9 -99.9 -99.9 -99.9 -99.9 -99.9 -99.9 -99.9 -99.9 -99.9 -99.9 -99.9 -99.9 -99.9 -99.9 -99.9 0.0945102125406265 0.0942045375704765 0.0984521359205246 0.107261374592781 0.103811360895634 0.101242393255234 0.0957108065485954 0.0831896141171455 0.0890373960137367 0.0918760299682617 0.102609999477863 0.0992999523878098 0.0898017436265945 0.090082198381424 0.0918923392891884
0.113283932209015 0.115259595215321 -99.9 -99.9 -99.9 -99.9 -99.9 -99.9 -99.9 -99.9 -99.9 -99.9 -99.9 -99.9 -99.9 -99.9 -99.9 -99.9 -99.9 0.105713866651058 0.0928605273365974 0.0945646911859512 0.103612512350082 0.0930945202708244 -99.9 -99.9 -99.9 -99.9 -99.9 -99.9 -99.9 -99.9 -99.9 -99.9 -99.9 -99.9 -99.9 -99.9 0.107828661799431 0.0895537585020065 0.091242142021656 0.096910685300827 0.0957497134804726 0.107943810522556 0.104223743081093 0.106184080243111 0.100411109626293 0.0987701490521431 0.0889918878674507 0.0982469022274017 0.102025270462036 0.0832979381084442 0.0949346572160721 0.0913834050297737 0.0901476517319679 0.0857971757650375 0.0901575684547424
-99.9 -99.9 -99.9 -99.9 -99.9 -99.9 -99.9 -99.9 -99.9 -99.9 -99.9 -99.9 -99.9 -99.9 -99.9 -99.9 -99.9 -99.9 -99.9 -99.9 -99.9 -99.9 -99.9 -99.9 -99.9 -99.9 -99.9 -99.9 -99.9 -99.9 -99.9 -99.9 -99.9 -99.9 -99.9 -99.9 0.0936043858528137 0.0913973152637482 0.0905638262629509 0.0896703749895096 0.0876153111457825 0.0838706940412521 0.0799214616417885 0.0855304673314095 0.101008050143719 0.0981260389089584 0.102076545357704 0.100882776081562 0.10171364992857 0.100922770798206 0.0808310657739639 0.0772338584065437 0.0800756588578224 0.083223320543766 0.0779325142502785 0.0784247815608978 0.0849547833204269
-99.9 -99.9 -99.9 -99.9 -99.9 -99.9 -99.9 -99.9 -99.9 -99.9 -99.9 -99.9 -99.9 -99.9 -99.9 -99.9 -99.9 -99.9 -99.9 -99.9 -99.9 -99.9 -99.9 -99.9 -99.9 -99.9 -99.9 -99.9 -99.9 -99.9 -99.9 -99.9 -99.9 -99.9 0.0911867618560791 0.0953181460499763 0.0866488292813301 0.0800073146820068 0.0828485488891602 0.0778819471597672 0.0853151753544807 0.0818011239171028 0.0803868547081947 0.0799299627542496 0.0822662711143494 0.0960364267230034 0.103339917957783 0.0858822762966156 0.0826310217380524 0.0792616978287697 0.0784990191459656 0.077146016061306 0.0809623450040817 0.0862056687474251 0.0811616107821465 0.0791025087237358 0.0800685063004494
-99.9 -99.9 -99.9 -99.9 -99.9 -99.9 -99.9 -99.9 -99.9 -99.9 -99.9 -99.9 0.133238762617111 0.115722127258778 -99.9 -99.9 -99.9 -99.9 -99.9 -99.9 -99.9 -99.9 -99.9 -99.9 -99.9 -99.9 -99.9 -99.9 -99.9 -99.9 -99.9 0.1058259755373 0.088315524160862 0.0918595120310783 0.0899912193417549 0.0822476893663406 0.084454134106636 0.0805681869387627 0.0877724885940552 0.0802491903305054 0.076228179037571 0.0775707438588142 0.0840669646859169 0.0839750543236732 0.0843267813324928 0.0902408808469772 0.077009990811348 0.0772946029901505 0.0711204186081886 0.0719999521970749 0.0721438005566597 0.0790199935436249 0.076665572822094 0.0803555473685265 0.0840823650360107 0.0787499621510506 0.066438801586628
-99.9 -99.9 -99.9 -99.9 -99.9 -99.9 -99.9 -99.9 -99.9 -99.9 -99.9 -99.9 -99.9 -99.9 -99.9 -99.9 -99.9 -99.9 0.0871917605400085 0.0861818119883537 -99.9 -99.9 -99.9 -99.9 -99.9 -99.9 -99.9 -99.9 -99.9 0.0961985439062119 0.0927400514483452 0.0865963995456696 0.0795795768499374 0.0806369036436081 0.0781664401292801 0.0774665102362633 0.0773181766271591 0.0786748304963112 0.0873604863882065 0.0990529879927635 0.0888044163584709 0.0801383629441261 0.0794812217354774 0.083076223731041 0.0823394060134888 0.0725816711783409 0.0702806487679482 0.0691733807325363 0.0701199471950531 0.068031907081604 0.072342112660408 0.069767527282238 0.0710284933447838 0.0673215463757515 0.0664166286587715 0.0666643306612968 0.0714873299002647
-99.9 -99.9 -99.9 -99.9 -99.9 -99.9 -99.9 -99.9 -99.9 -99.9 -99.9 -99.9 -99.9 -99.9 -99.9 -99.9 -99.9 -99.9 -99.9 0.0931578129529953 0.090206503868103 0.0951055884361267 0.0959559455513954 0.0969587191939354 -99.9 -99.9 0.112591855227947 0.112520381808281 0.105266459286213 0.0942235738039017 0.0962408930063248 0.088606208562851 0.0828577056527138 0.0809646248817444 0.0792920291423798 0.0784399881958961 0.078255794942379 0.0802728310227394 0.0892201438546181 0.0827606618404388 0.0817348957061768 0.0802886858582497 0.0839635208249092 0.0757095664739609 0.0629980862140656 0.0680343955755234 0.0684548392891884 0.0689013451337814 0.0699682086706161 0.0674424842000008 0.0647663101553917 0.062158890068531 0.0629374757409096 0.063461996614933 0.0688314884901047 0.0695075616240501 0.0699342712759972
-99.9 -99.9 -99.9 -99.9 -99.9 -99.9 -99.9 -99.9 -99.9 -99.9 -99.9 -99.9 -99.9 -99.9 -99.9 -99.9 -99.9 -99.9 0.101872831583023 0.0863432809710503 0.0899091884493828 0.0884669274091721 0.094129242002964 0.0891995877027512 0.0849221721291542 0.0817782357335091 0.0872029364109039 0.090809628367424 0.0921700224280357 0.089875340461731 0.0904059335589409 0.0873386263847351 0.0858235210180283 0.0788485184311867 0.073008693754673 0.0782370269298553 0.0745299905538559 0.0745679214596748 0.0787782892584801 0.0814516469836235 0.0884528085589409 0.0800303071737289 0.0703482180833817 0.0758177414536476 0.0653835162520409 0.0660791844129562 0.0682833939790726 0.0679096952080727 0.0686936900019646 0.0703838467597961 0.0623704716563225 0.0636358037590981 0.0682469084858894 0.0648102760314941 0.0689873918890953 0.0677173882722855 0.0673970282077789
