fish_book/data/sediment/Wilson_et_al_2017_data_files_asc/SurfaceNitrogen.asc
NCOLS 200
NROWS 150
XLLCORNER -16
YLLCORNER 44
CELLSIZE 0.125
NODATA_VALUE -99.9
[rows 0 to 24 of 150, columns 114 to 170 of 200]
-99.9 -99.9 -99.9 -99.9 -99.9 -99.9 -99.9 -99.9 -99.9 -99.9 -99.9 -99.9 -99.9 -99.9 -99.9 -99.9 -99.9 -99.9 -99.9 -99.9 -99.9 -99.9 -99.9 -99.9 -99.9 -99.9 -99.9 -99.9 -99.9 -99.9 -99.9 -99.9 -99.9 -99.9 -99.9 -99.9 -99.9 -99.9 -99.9 -99.9 -99.9 -99.9 -99.9 -99.9 -99.9 -99.9 -99.9 -99.9 -99.9 -99.9 -99.9 -99.9 -99.9 -99.9 -99.9 -99.9 -99.9
-99.9 -99.9 -99.9 -99.9 -99.9 -99.9 -99.9 -99.9 -99.9 -99.9 -99.9 -99.9 -99.9 -99.9 -99.9 -99.9 -99.9 -99.9 -99.9 -99.9 -99.9 -99.9 -99.9 -99.9 -99.9 -99.9 -99.9 -99.9 -99.9 -99.9 -99.9 -99.9 -99.9 -99.9 -99.9 -99.9 -99.9 -99.9 -99.9 -99.9 -99.9 -99.9 -99.9 -99.9 -99.9 -99.9 -99.9 -99.9 -99.9 -99.9 -99.9 -99.9 -99.9 -99.9 -99.9 -99.9 -99.9
-99.9 -99.9 -99.9 -99.9 -99.9 -99.9 -99.9 -99.9 -99.9 -99.9 -99.9 -99.9 -99.9 -99.9 -99.9 -99.9 -99.9 -99.9 -99.9 -99.9 -99.9 -99.9 -99.9 -99.9 -99.9 -99.9 -99.9 -99.9 -99.9 -99.9 -99.9 -99.9 -99.9 -99.9 -99.9 -99.9 -99.9 -99.9 -99.9 -99.9 -99.9 -99.9 -99.9 -99.9 -99.9 -99.9 -99.9 -99.9 -99.9 -99.9 -99.9 -99.9 -99.9 -99.9 -99.9 -99.9 -99.9
-99.9 -99.9 -99.9 -99.9 -99.9 -99.9 -99.9 -99.9 -99.9 -99.9 -99.9 -99.9 -99.9 -99.9 -99.9 -99.9 -99.9 -99.9 -99.9 -99.9 -99.9 -99.9 -99.9 -99.9 -99.9 -99.9 -99.9 -99.9 -99.9 -99.9 -99.9 -99.9 -99.9 -99.9 -99.9 -99.9 -99.9 -99.9 -99.9 -99.9 -99.9 -99.9 -99.9 -99.9 -99.9 -99.9 -99.9 -99.9 -99.9 -99.9 -99.9 -99.9 -99.9 -99.9 -99.9 -99.9 -99.9
-99.9 -99.9 -99.9 -99.9 -99.9 -99.9 -99.9 -99.9 -99.9 -99.9 -99.9 -99.9 -99.9 -99.9 -99.9 -99.9 -99.9 -99.9 -99.9 -99.9 -99.9 -99.9 -99.9 -99.9 -99.9 -99.9 -99.9 -99.9 -99.9 -99.9 -99.9 -99.9 -99.9 -99.9 -99.9 -99.9 -99.9 -99.9 -99.9 -99.9 -99.9 -99.9 -99.9 -99.9 -99.9 -99.9 -99.9 -99.9 -99.9 -99.9 -99.9 -99.9 -99.9 -99.9 -99.9 -99.9 -99.9
-99.9 -99.9 -99.9 -99.9 -99.9 -99.9 -99.9 -99.9 -99.9 -99.9 -99.9 -99.9 -99.9 -99.9 -99.9 -99.9 -99.9 -99.9 -99.9 -99.9 -99.9 -99.9 -99.9 -99.9 -99.9 -99.9 -99.9 -99.9 -99.9 -99.9 -99.9 -99.9 -99.9 -99.9 -99.9 -99.9 -99.9 -99.9 -99.9 -99.9 -99.9 -99.9 -99.9 -99.9 -99.9 -99.9 -99.9 -99.9 -99.9 -99.9 -99.9 -99.9 -99.9 -99.9 -99.9 -99.9 -99.9
-99.9 -99.9 -99.9 -99.9 -99.9 -99.9 -99.9 -99.9 0.128850966691971 0.119416370987892 0.112005420029163 0.117228671908379 0.115315772593021 0.113154366612434 0.104509174823761 0.103770710527897 0.104275740683079 0.104628697037697 0.102831989526749 0.0991079285740852 0.0974664986133575 0.0981096774339676 0.0992476120591164 0.0995311364531517 0.0992144346237183 0.103629864752293 0.11981912702322 0.118776023387909 0.118759229779243 0.126473844051361 0.11933571845293 0.121851801872253 0.120289899408817 0.118545278906822 0.116499222815037 0.120931811630726 0.122686311602592 0.118959948420525 0.12068210542202 0.122960604727268 0.132250130176544 0.133693486452103 0.132303163409233 0.152167975902557 0.126053377985954 0.126835376024246 0.124909982085228 0.142495334148407 0.139766067266464 0.134647607803345 0.142721846699715 0.153056740760803 0.172613680362701 -99.9 -99.9 -99.9 -99.9
-99.9 -99.9 -99.9 -99.9 -99.9 -99.9 0.119261011481285 0.118732884526253 0.120788656175137 0.108197577297688 0.111593186855316 0.0982639566063881 0.0960431843996048 0.0963162332773209 0.0954158008098602 0.0967481061816216 0.0964779332280159 0.101856671273708 0.0980113074183464 0.0964158847928047 0.103395067155361 0.0981384068727493 0.0979766324162483 0.0981319174170494 0.0963753834366798 0.0983100011944771 0.11390358954668 0.119828499853611 0.114641495049 0.117877036333084 0.119756244122982 0.119892552495003 0.118517972528934 0.119663938879967 0.11886191368103 0.122113063931465 0.120879955589771 0.123395018279552 0.120770834386349 0.127562776207924 0.131916254758835 0.134795472025871 0.131845250725746 0.144794538617134 0.135839283466339 0.138299569487572 0.131165504455566 0.145815804600716 0.136408895254135 0.151976630091667 0.150606662034988 0.163147911429405 -99.9 -99.9 -99.9 -99.9 -99.9
-99.9 -99.9 -99.9 -99.9 0.133257567882538 0.125135764479637 0.11309914290905 0.113560155034065 0.123890802264214 0.103664271533489 0.0958492457866669 0.0967769622802734 0.0970697700977325 0.0973207280039787 0.098417840898037 0.0971902534365654 0.0960486307740211 0.0966647043824196 0.0962455570697784 0.102139562368393 0.0971197634935379 0.102054931223392 0.0995505228638649 0.100720793008804 0.105653777718544 0.0999018773436546 0.100457951426506 0.117774575948715 0.115307092666626 0.127129271626472 0.116291806101799 0.124950177967548 0.118226125836372 0.118788108229637 0.119087122380733 0.120375394821167 0.121089339256287 0.122616715729237 0.120952174067497 0.133523136377335 0.135102361440659 0.130464285612106 0.129020109772682 0.129726365208626 0.139478638768196 0.134581133723259 0.136999234557152 0.130801439285278 0.133182272315025 0.152070328593254 0.152723431587219 0.168004959821701 -99.9 -99.9 -99.9 -99.9 -99.9
-99.9 -99.9 -99.9 0.0892260670661926 0.0948255285620689 0.0938414111733437 0.0993787795305252 0.113910317420959 0.112297803163528 0.112277187407017 0.102107062935829 0.0983095839619637 0.102810248732567 0.0990325808525085 0.0956284403800964 0.0952021926641464 0.0960937216877937 0.0946489498019218 0.0988276675343513 0.09593366086483 0.0987115129828453 0.100501857697964 0.103304103016853 0.10185718536377 0.104330934584141 0.0973025113344193 0.0998182222247124 0.101362280547619 0.107127383351326 0.114907473325729 0.120611056685448 0.125385463237762 0.119824059307575 0.118923023343086 0.120548769831657 0.123038366436958 0.124896205961704 0.125818610191345 0.131196349859238 0.123564854264259 0.11964175850153 0.123006157577038 0.133429333567619 0.125550538301468 0.129881784319878 0.146285325288773 0.156031548976898 0.144419223070145 0.153392061591148 0.154390498995781 0.161497965455055 -99.9 -99.9 -99.9 -99.9 -99.9 -99.9
-99.9 -99.9 0.0921907722949982 0.08870929479599 0.101361870765686 0.102128215134144 0.105553343892097 0.104668863117695 0.111727632582188 0.0968440920114517 0.103001534938812 0.102527849376202 0.100090146064758 0.101317927241325 0.103056125342846 0.102208152413368 0.097274087369442 0.0976675003767014 0.0970910862088203 0.0932145044207573 0.0944882780313492 0.101079128682613 0.0982216447591782 0.101368121802807 0.099246084690094 0.0992594659328461 0.0977378338575363 0.0949148759245872 0.0938542261719704 0.104410871863365 0.104795977473259 0.101703777909279 0.117798574268818 0.128640606999397 0.117564186453819 0.134852111339569 0.124094471335411 0.112488217651844 0.111193589866161 0.108334571123123 0.109170272946358 0.124491490423679 0.101896300911903 0.109234027564526 0.124012492597103 0.123011700809002 0.120232678949833 0.160020396113396 0.155723199248314 0.153005003929138 0.152808338403702 0.171422854065895 0.162937462329865 0.168543189764023 -99.9 -99.9 -99.9
0.0919902175664902 0.104439966380596 0.10234709084034 0.0858508497476578 0.0980656966567039 0.0902248322963715 0.103256046772003 0.10268097370863 0.103135675191879 0.100414700806141 0.101519837975502 0.101044252514839 0.0996843352913857 0.098834864795208 0.0983021482825279 0.100964926183224 0.100997947156429 0.105842143297195 0.100488975644112 0.0981040298938751 0.0996948033571243 0.0949067771434784 0.10089985281229 0.0989039540290833 0.0953051522374153 0.094203308224678 0.0968840345740318 0.0975091680884361 0.0983880311250687 0.0924931243062019 0.0965048968791962 0.100722692906857 0.100161045789719 0.101057708263397 0.111652515828609 0.120901867747307 0.134931847453117 0.117569595575333 0.0987048074603081 0.092472992837429 0.101448535919189 0.117545679211617 0.10132560133934 0.106176786124706 0.0983315259218216 0.10358689725399 0.108054518699646 0.147747531533241 0.154061749577522 0.154200166463852 0.161155194044113 -99.9 0.164758011698723 -99.9 -99.9 -99.9 -99.9
0.0855416804552078 0.0826025977730751 0.082673080265522 0.0971788838505745 0.0950666889548302 0.0991827845573425 0.099611759185791 0.0993187427520752 0.103001393377781 0.100253142416477 0.10189388692379 0.101746454834938 0.0960235074162483 0.105106823146343 0.0986650213599205 0.0988786220550537 0.0977640002965927 0.0951622053980827 0.0974951833486557 0.0965457782149315 0.101324886083603 0.0949894860386848 0.100004248321056 0.0957878082990646 0.0911918208003044 0.0890989601612091 0.0957786962389946 0.0981439873576164 0.0911251232028008 0.0953087732195854 0.0892978832125664 0.0870100632309914 0.0982862263917923 0.0977015048265457 0.0986151099205017 0.108061775565147 0.121304601430893 0.124992311000824 0.0913538113236427 0.0773551464080811 0.0876334682106972 0.109799176454544 0.113367594778538 0.106064938008785 0.14054349064827 0.0990686789155006 0.116581439971924 0.135445326566696 0.156721994280815 0.143181785941124 0.153443604707718 -99.9 -99.9 -99.9 -99.9 -99.9 -99.9
0.097777932882309 0.0981082543730736 0.0962945893406868 0.101945109665394 0.0893784761428833 0.0900150761008263 0.0980004444718361 0.0973017960786819 0.0849197432398796 0.098408967256546 0.0974642038345337 0.0950323864817619 0.0976952686905861 0.0970582813024521 0.0934985280036926 0.092936135828495 0.0947877243161201 0.0949987322092056 0.094534657895565 0.094041496515274 0.0909219533205032 0.0955846533179283 0.0922818630933762 0.0889083072543144 0.0974366217851639 0.0927635356783867 0.0955929532647133 0.0954828485846519 0.0960764810442924 0.0906308591365814 0.0874296799302101 0.0877751633524895 0.0895791202783585 0.0943069905042648 0.0950901731848717 0.098588153719902 0.11125074326992 0.12776592373848 0.121258027851582 0.0712932720780373 0.0775454267859459 0.102584011852741 0.12589468061924 0.100824624300003 0.105891168117523 0.109890624880791 0.162088975310326 0.128093481063843 0.166099593043327 0.160026535391808 0.168041795492172 -99.9 -99.9 -99.9 -99.9 -99.9 -99.9
0.0856487825512886 0.0842691734433174 0.0826629027724266 0.081786185503006 0.085008330643177 0.0863596200942993 0.0886866748332977 0.0855491980910301 0.0857395827770233 0.0873625501990318 0.0831399410963058 0.101006083190441 0.105185881257057 0.0991925299167633 0.0964793786406517 0.0921871364116669 0.0870289355516434 0.0845473781228065 0.0876559987664223 0.0918093994259834 0.0896914601325989 0.0876674801111221 0.0886435434222221 0.0858724415302277 0.087150402367115 0.0957863107323647 0.0902222022414207 0.0915396139025688 0.0857351496815681 0.0890915840864182 0.090668223798275 0.0897175893187523 0.0873116850852966 0.0879526659846306 0.0832832306623459 0.0952093526721001 0.098731130361557 0.117510914802551 0.130477651953697 0.11090012639761 0.0794935375452042 0.0990147888660431 0.129411056637764 0.124445550143719 0.0914332196116447 0.0904295220971107 0.106515005230904 0.127853244543076 0.125946789979935 0.155420750379562 0.163798153400421 0.168999597430229 -99.9 -99.9 -99.9 -99.9 -99.9
0.0842016935348511 0.0847545340657234 0.088970921933651 0.0828442573547363 0.0826692953705788 0.0874778181314468 -99.9 -99.9 0.0839527547359467 0.0887375175952911 0.081032358109951 0.0999532416462898 0.0857468992471695 0.100378438830376 0.10151893645525 0.095895528793335 0.0943472534418106 0.0940886810421944 0.0882449001073837 0.0919511690735817 0.0947509482502937 0.0920369997620583 0.101899266242981 0.0913066640496254 0.0889736786484718 0.0979095697402954 0.0956976115703583 0.0891336798667908 0.0833946317434311 0.0872432515025139 0.0894206315279007 0.0900346785783768 0.0929976254701614 0.0882780030369759 0.0851388797163963 0.0860153362154961 0.0927067622542381 0.097364604473114 0.10963000357151 0.134964793920517 0.125009566545486 0.104732692241669 0.131075367331505 0.0996291190385818 0.0925287455320358 0.0903091505169868 0.123080410063267 0.122958518564701 0.155348569154739 0.154974952340126 0.16094659268856 0.165507346391678 -99.9 -99.9 -99.9 -99.9 -99.9
0.0896729975938797 0.079140417277813 0.0804742500185966 0.08249381929636 0.0861126109957695 -99.9 -99.9 0.0902848318219185 0.0838911682367325 0.0919391587376595 0.0973008349537849 0.0923729836940765 0.0788434371352196 0.0781749486923218 0.0926878303289413 0.101152002811432 0.0976764857769012 0.0919002965092659 0.0891661122441292 0.088646337389946 0.0940524414181709 0.106634363532066 0.103121913969517 0.0973275229334831 0.0988989323377609 0.10252645611763 0.123027972877026 0.117247082293034 0.0897160395979881 0.0807923227548599 0.086329773068428 0.0842713266611099 0.0904472023248672 0.0853779464960098 0.0814906507730484 0.0808350816369057 0.0822444781661034 0.0929618924856186 0.103085227310658 0.121043473482132 0.13789764046669 0.126291692256927 0.122995793819427 0.130112081766129 0.0990875288844109 0.110905058681965 0.123824261128902 0.122495464980602 0.133554726839066 0.127185821533203 0.15815469622612 0.164137810468674 0.157861471176147 -99.9 -99.9 -99.9 -99.9
0.0799738466739655 0.08488579839468 -99.9 -99.9 -99.9 -99.9 0.0917627960443497 0.0937593355774879 0.0909311473369598 0.110674999654293 0.0902779549360275 0.0840306207537651 0.0899685621261597 0.0865064859390259 0.0964915975928307 0.0959988683462143 0.0981669723987579 0.0981833338737488 0.0936842411756516 0.0905085429549217 0.0858990699052811 0.0830987766385078 0.0809178724884987 0.0751151666045189 0.0756668001413345 0.084570623934269 0.087289847433567 0.0917821079492569 0.0818030461668968 0.0872226655483246 0.104714639484882 0.111704804003239 0.0920652598142624 0.0805796682834625 0.0783647149801254 0.0781146362423897 0.0758313611149788 0.0820083171129227 0.0914170816540718 0.10411087423563 0.120026394724846 0.125355750322342 0.125084847211838 0.0978806465864182 0.11027716845274 0.0901864320039749 0.121014013886452 0.136789321899414 0.117740750312805 0.134164035320282 0.129926010966301 0.167391195893288 -99.9 -99.9 -99.9 -99.9 -99.9
0.0903156921267509 0.0961014330387115 -99.9 -99.9 -99.9 -99.9 0.104158267378807 0.0893141776323318 0.0899530947208405 0.102505244314671 0.0854264125227928 0.0849065855145454 0.0940769612789154 0.103845745325089 0.0970034748315811 0.0979773625731468 0.100585341453552 0.0999723449349403 0.0929889976978302 0.0948886573314667 0.0939530730247498 0.0977730378508568 0.110657095909119 0.101591289043427 0.0962181016802788 0.0899265557527542 0.0800089314579964 0.0815897732973099 0.082200363278389 0.0789157375693321 0.0879787132143974 0.0955375880002975 0.0843618661165237 0.0752650499343872 0.0765003487467766 0.0769707262516022 0.0779860764741898 0.075510211288929 0.0830724835395813 0.0921863541007042 0.105007469654083 0.108820892870426 0.128552779555321 0.0937171876430511 0.0746772140264511 0.0693685710430145 0.0766123458743095 0.123739495873451 0.11074036359787 0.132812604308128 0.15283727645874 0.164755791425705 0.167912483215332 -99.9 -99.9 -99.9 -99.9
-99.9 0.10270844399929 -99.9 -99.9 -99.9 0.0894482657313347 0.0966819226741791 0.0841518118977547 0.0851967260241508 0.0865730494260788 0.0880679190158844 0.0909149870276451 0.101575866341591 0.101137451827526 0.101052612066269 0.113626606762409 0.11323569715023 0.0948534458875656 0.0937012434005737 0.116981133818626 0.119009748101234 0.128284692764282 0.120291091501713 0.111875019967556 0.10760847479105 0.0978455618023872 0.0856258273124695 0.0783868432044983 0.0794302746653557 0.0744625404477119 0.0712245404720306 0.0771825909614563 0.0798171386122704 0.0763017907738686 0.0771608948707581 0.0782984718680382 0.0771061405539513 0.0780043303966522 0.0859639123082161 0.0926134884357452 0.107964061200619 0.122931115329266 0.11686223000288 0.104252994060516 0.0831741169095039 0.0720802471041679 0.0857652798295021 0.111360840499401 0.13596573472023 0.137144818902016 0.139997333288193 0.162573009729385 0.167651027441025 -99.9 -99.9 -99.9 -99.9
0.0809517949819565 0.0983032137155533 -99.9 -99.9 -99.9 -99.9 0.0922943875193596 0.0918840765953064 0.0984557494521141 0.0993404686450958 0.101107135415077 0.100694105029106 0.09888706356287 0.0966053381562233 0.110679775476456 0.127385959029198 0.0997187793254852 0.100668422877789 0.113640539348125 0.119196631014347 0.109259769320488 0.0933051556348801 0.10523446649313 0.115439116954803 0.0917071774601936 0.0754134953022003 0.0850076153874397 0.0794240683317184 0.0796104893088341 0.073959119617939 0.0691089704632759 0.0743372887372971 0.0787157937884331 0.0831261575222015 0.0803939998149872 0.077111154794693 0.0810259133577347 0.0868403092026711 0.0835323631763458 0.104639358818531 0.12322886288166 0.128124013543129 0.126376762986183 0.124919302761555 0.0873828679323196 0.071858786046505 0.0867971107363701 0.116312794387341 0.133484378457069 0.138473019003868 0.120967552065849 0.160745918750763 0.157976523041725 0.16157254576683 -99.9 -99.9 -99.9
0.0732383280992508 0.0835466906428337 0.0969405174255371 -99.9 -99.9 0.0905173048377037 0.0785622447729111 0.0949558690190315 0.0960359498858452 0.100186608731747 0.101801186800003 0.100499093532562 0.101652979850769 0.100113272666931 0.118935450911522 0.135261088609695 0.115086950361729 0.0947316139936447 0.0972325056791306 0.0954802855849266 0.0870746448636055 0.0850158259272575 0.0847380012273788 0.105340711772442 0.0886918380856514 0.0756455436348915 0.0849254056811333 0.0832597315311432 0.0762299224734306 0.0748574882745743 0.0748136788606644 0.0697167813777924 0.0839688703417778 0.0827072411775589 0.0835386291146278 0.0796025618910789 0.083867996931076 0.0827818140387535 0.0793778002262115 0.106592133641243 0.128814220428467 0.130948588252068 0.126667305827141 0.12722747027874 0.0921277925372124 0.0695550963282585 0.0829590708017349 0.116011284291744 0.139701083302498 0.13250233232975 0.127972990274429 0.156045362353325 0.129667282104492 0.162216782569885 -99.9 -99.9 -99.9
0.0776446610689163 0.080674335360527 0.0798161402344704 -99.9 0.0819291397929192 0.078440360724926 0.0854173749685287 0.0941464751958847 0.0943703576922417 0.0939445644617081 0.0917162969708443 0.0926643460988998 0.0928079858422279 0.099814236164093 0.107609689235687 0.117242574691772 0.106656797230244 0.0891327857971191 0.08721012622118 0.0930473059415817 0.0923363566398621 0.091791607439518 0.0996345579624176 0.0970523729920387 0.093166671693325 0.0809124261140823 0.0803603082895279 0.0795067921280861 0.0756082907319069 0.0742373540997505 0.0677027627825737 0.0764591693878174 0.0834894105792046 0.0818768739700317 0.0909129977226257 0.0901523008942604 0.0791088938713074 0.0816591158509254 0.083223357796669 0.100667148828506 0.117793336510658 0.129149854183197 0.128671750426292 0.127325281500816 0.0967181548476219 0.0694651305675507 0.0822261422872543 0.114356897771358 0.132637053728104 0.132387861609459 0.12924437224865 0.148423239588737 0.162845849990845 0.16239258646965 0.15788109600544 -99.9 -99.9
0.072388082742691 0.078509509563446 0.0784840956330299 0.0805057063698769 0.0776397734880447 0.0840296298265457 0.091940239071846 0.0915640667080879 0.0925696939229965 0.0906727537512779 0.0923294499516487 0.090471975505352 0.102683492004871 0.100170701742172 0.107579916715622 0.103690065443516 0.0992312803864479 0.0845437571406364 0.10137715190649 0.0997357442975044 0.0832646116614342 0.0895835012197495 0.0959511697292328 0.089364767074585 0.0895457789301872 0.0940641835331917 0.0872459635138512 0.0822819918394089 0.0795776173472404 0.0808334574103355 0.079475112259388 0.0769839957356453 0.0820634588599205 0.0865042954683304 0.0935561582446098 0.0871459320187569 0.0836666375398636 0.0756443589925766 0.079670287668705 0.0957606211304665 0.105905920267105 0.12205296754837 0.113171093165874 0.105451010167599 0.0950715616345406 0.0709423124790192 0.0853120014071465 0.118137449026108 0.133876755833626 0.131517022848129 0.121798701584339 0.115696661174297 0.158466920256615 0.165646702051163 -99.9 -99.9 -99.9
0.0720963999629021 0.0734108313918114 0.0724297165870667 0.0732403546571732 0.0790508240461349 0.0881773307919502 0.0944817066192627 0.0924438014626503 0.0960531085729599 0.0923615470528603 0.0884568840265274 0.0884735733270645 0.103796422481537 0.100617088377476 0.111725345253944 0.112882606685162 0.109942972660065 0.117670871317387 0.108965657651424 0.101328380405903 0.0879442915320396 0.096261277794838 0.0889481157064438 0.0884086042642593 0.0975635349750519 0.0940788090229034 0.0917878150939941 0.0873932465910912 0.0968799144029617 0.0832297429442406 0.0796133652329445 0.0897388681769371 0.0886815115809441 0.0934026315808296 0.0909824296832085 0.0854231789708138 0.0865054279565811 0.0774053335189819 0.0809581950306892 0.0826132073998451 0.115795850753784 0.123374447226524 0.104387372732162 0.0838722363114357 0.0763491690158844 0.0788687020540237 0.106338568031788 0.128386601805687 0.133830323815346 0.128822922706604 0.117142677307129 0.110046796500683 0.117394603788853 0.126398086547852 0.183188647031784 -99.9 -99.9
