fish_book/data/sediment/Wilson_et_al_2017_data_files_asc/SurfaceCarbon.asc
NCOLS 200
NROWS 150
XLLCORNER -16
YLLCORNER 44
CELLSIZE 0.125
NODATA_VALUE -99.9
[rows 78 to 103 of 150, columns 58 to 115 of 200]
-99.9 -99.9 -99.9 -99.9 -99.9 -99.9 -99.9 -99.9 -99.9 -99.9 -99.9 -99.9 -99.9 -99.9 -99.9 -99.9 -99.9 -99.9 -99.9 -99.9 -99.9 -99.9 0.440770149230957 0.226224467158318 0.269214451313019 0.273015201091766 0.257903516292572 0.1856829226017 0.186811938881874 0.242781475186348 0.306442707777023 0.270241022109985 0.428879708051682 -99.9 -99.9 -99.9 -99.9 -99.9 -99.9 -99.9 -99.9 -99.9 -99.9 -99.9 -99.9 -99.9 -99.9 -99.9 -99.9 -99.9 -99.9 -99.9 -99.9 -99.9 -99.9 -99.9 -99.9 -99.9
-99.9 -99.9 -99.9 -99.9 -99.9 -99.9 -99.9 -99.9 -99.9 -99.9 -99.9 -99.9 -99.9 -99.9 -99.9 -99.9 -99.9 -99.9 -99.9 -99.9 -99.9 0.48311448097229 0.313806086778641 0.199112012982368 0.176183745265007 0.206252083182335 0.113072231411934 0.169747352600098 0.282652169466019 0.404292792081833 0.473445564508438 0.495871901512146 -99.9 -99.9 0.69261646270752 0.629702210426331 0.874902606010437 -99.9 -99.9 -99.9 -99.9 -99.9 -99.9 -99.9 -99.9 -99.9 -99.9 -99.9 -99.9 -99.9 -99.9 -99.9 -99.9 -99.9 -99.9 -99.9 -99.9 -99.9
-99.9 -99.9 -99.9 -99.9 -99.9 -99.9 -99.9 -99.9 -99.9 -99.9 -99.9 -99.9 -99.9 -99.9 -99.9 -99.9 -99.9 -99.9 -99.9 -99.9 -99.9 0.343146950006485 0.208611771464348 0.19058446586132 0.152534991502762 0.158101961016655 0.114301346242428 0.191131845116615 0.347252547740936 0.503033339977264 0.583062887191772 0.586065948009491 0.577175736427307 0.489313960075378 0.459543287754059 0.486983418464661 0.626425683498383 -99.9 -99.9 -99.9 -99.9 -99.9 -99.9 -99.9 -99.9 -99.9 -99.9 -99.9 -99.9 -99.9 -99.9 -99.9 -99.9 -99.9 -99.9 -99.9 -99.9 -99.9
-99.9 -99.9 -99.9 -99.9 -99.9 -99.9 -99.9 -99.9 -99.9 -99.9 -99.9 -99.9 -99.9 -99.9 -99.9 -99.9 -99.9 -99.9 -99.9 -99.9 -99.9 0.247788891196251 0.173937410116196 0.166365131735802 0.207932040095329 0.169396206736565 0.207011133432388 0.137191459536552 0.129149332642555 0.246414765715599 0.307549625635147 0.39764142036438 0.411556422710419 0.312396168708801 0.262799322605133 0.405356079339981 0.636841356754303 -99.9 -99.9 -99.9 -99.9 -99.9 -99.9 -99.9 -99.9 -99.9 -99.9 -99.9 -99.9 -99.9 -99.9 -99.9 -99.9 -99.9 -99.9 -99.9 -99.9 -99.9
-99.9 -99.9 -99.9 -99.9 -99.9 -99.9 -99.9 -99.9 -99.9 -99.9 -99.9 -99.9 -99.9 -99.9 -99.9 -99.9 -99.9 -99.9 -99.9 -99.9 0.403527677059174 0.217922151088715 0.186475440859795 0.246438071131706 0.26792249083519 0.262214034795761 0.291793823242188 0.244688272476196 0.166186168789864 0.11441645771265 0.176015183329582 0.292649149894714 0.310724288225174 0.256957769393921 0.303992092609406 0.294430643320084 0.629890978336334 -99.9 -99.9 -99.9 -99.9 -99.9 -99.9 -99.9 -99.9 -99.9 -99.9 -99.9 -99.9 -99.9 -99.9 -99.9 -99.9 -99.9 -99.9 -99.9 -99.9 -99.9
-99.9 -99.9 -99.9 -99.9 -99.9 -99.9 -99.9 -99.9 -99.9 -99.9 -99.9 -99.9 -99.9 -99.9 -99.9 -99.9 -99.9 -99.9 -99.9 0.626397252082825 0.249634876847267 0.220234140753746 0.237185448408127 0.315879076719284 0.278237164020538 0.286690354347229 0.405899107456207 0.266345769166946 0.0993359908461571 0.181175485253334 0.292978495359421 0.294597983360291 0.244073420763016 0.196026355028152 0.156819447875023 1.35153901576996 -99.9 -99.9 -99.9 -99.9 -99.9 -99.9 -99.9 -99.9 -99.9 -99.9 -99.9 -99.9 -99.9 -99.9 -99.9 -99.9 -99.9 -99.9 -99.9 -99.9 -99.9 -99.9
-99.9 -99.9 -99.9 -99.9 -99.9 -99.9 -99.9 -99.9 -99.9 -99.9 -99.9 -99.9 -99.9 -99.9 -99.9 -99.9 0.725980579853058 -99.9 -99.9 0.413728564977646 0.269916772842407 0.232509955763817 0.244875550270081 0.308955430984497 0.261527568101883 0.241405948996544 0.306633681058884 0.108841568231583 0.120559841394424 0.224082782864571 0.291356146335602 0.269132494926453 0.217488840222359 -99.9 -99.9 -99.9 -99.9 -99.9 -99.9 -99.9 -99.9 -99.9 -99.9 -99.9 -99.9 -99.9 -99.9 -99.9 -99.9 -99.9 -99.9 -99.9 -99.9 -99.9 -99.9 -99.9 -99.9 -99.9
-99.9 -99.9 -99.9 -99.9 -99.9 -99.9 -99.9 -99.9 -99.9 -99.9 1.1101930141449 0.773391485214233 0.749031543731689 0.476144105195999 0.384431302547455 0.331956773996353 0.353816866874695 0.342618972063065 0.254418253898621 0.238403156399727 0.270455807447433 0.328193843364716 0.277058094739914 0.331780314445496 0.285380065441132 0.29585263133049 0.15385639667511 0.0434489771723747 0.112799659371376 0.180927038192749 0.244117096066475 -99.9 -99.9 -99.9 -99.9 -99.9 -99.9 -99.9 -99.9 -99.9 -99.9 -99.9 -99.9 -99.9 -99.9 -99.9 -99.9 -99.9 -99.9 -99.9 -99.9 -99.9 -99.9 -99.9 -99.9 -99.9 -99.9 -99.9
-99.9 -99.9 -99.9 -99.9 -99.9 -99.9 -99.9 -99.9 -99.9 1.14393079280853 0.685932457447052 0.707199692726135 1.10957050323486 0.66548228263855 0.416643738746643 0.386942267417908 0.365000993013382 0.275187134742737 0.264063596725464 0.234911277890205 0.310268104076385 0.383461862802505 0.364430844783783 0.332485437393188 0.328644245862961 0.247242838144302 0.0889241397380829 0.0372130759060383 -99.9 -99.9 -99.9 -99.9 -99.9 -99.9 -99.9 -99.9 -99.9 -99.9 -99.9 -99.9 -99.9 -99.9 -99.9 -99.9 -99.9 -99.9 -99.9 -99.9 -99.9 -99.9 -99.9 -99.9 -99.9 -99.9 -99.9 -99.9 -99.9 -99.9
-99.9 -99.9 -99.9 -99.9 -99.9 -99.9 0.648325562477112 1.052121758461 0.634050726890564 0.507093131542206 0.523327231407166 0.560665428638458 0.960003137588501 0.903124392032623 0.461079806089401 0.453004151582718 0.440037816762924 0.384883791208267 0.271647244691849 0.271840512752533 0.426190376281738 0.462275117635727 0.445205181837082 0.410208076238632 0.274005055427551 0.252409726381302 0.104510597884655 0.0743137523531914 0.0737680867314339 -99.9 -99.9 -99.9 -99.9 -99.9 -99.9 -99.9 -99.9 -99.9 -99.9 -99.9 -99.9 -99.9 -99.9 -99.9 -99.9 -99.9 -99.9 -99.9 -99.9 -99.9 -99.9 -99.9 -99.9 -99.9 -99.9 -99.9 -99.9 -99.9
-99.9 -99.9 -99.9 0.833115637302399 1.0943877696991 0.625389277935028 0.831183075904846 0.966814517974854 0.872990012168884 0.484541982412338 0.498676866292953 0.444137871265411 0.555514276027679 0.51813668012619 0.4755639731884 0.497652858495712 0.456428587436676 0.48061329126358 0.445514589548111 0.427092432975769 0.441287577152252 0.482035368680954 0.489380598068237 0.363414168357849 0.268190324306488 0.263259768486023 0.131197959184647 0.113625310361385 -99.9 -99.9 -99.9 -99.9 -99.9 0.799907147884369 0.891555368900299 -99.9 -99.9 -99.9 -99.9 -99.9 -99.9 -99.9 -99.9 -99.9 -99.9 -99.9 -99.9 -99.9 -99.9 -99.9 -99.9 -99.9 -99.9 -99.9 -99.9 -99.9 -99.9 -99.9
0.59138423204422 0.675622582435608 0.600308060646057 0.561198770999908 0.475989460945129 0.43639874458313 0.772976100444794 0.954833567142487 0.831246614456177 0.633475363254547 0.39775687456131 0.396701365709305 0.509234666824341 0.515592038631439 0.488732486963272 0.505243241786957 0.5023472905159 0.516443908214569 0.481349796056747 0.589264392852783 0.52992182970047 0.571563422679901 0.535572946071625 0.638351678848267 0.428389519453049 0.28103169798851 0.161203414201736 0.152886837720871 0.152300864458084 0.15129642188549 0.144425630569458 0.149932652711868 0.524755835533142 0.5355384349823 0.640332281589508 -99.9 -99.9 -99.9 1.01053082942963 -99.9 -99.9 -99.9 -99.9 -99.9 -99.9 -99.9 -99.9 -99.9 -99.9 -99.9 -99.9 -99.9 -99.9 -99.9 -99.9 -99.9 -99.9 -99.9
0.52763032913208 0.510878622531891 0.477364957332611 0.436938613653183 0.416907608509064 0.4002366065979 0.855710983276367 0.899946510791779 0.803475856781006 0.626296520233154 0.389007776975632 0.383132129907608 0.389375150203705 0.43271216750145 0.591822385787964 0.722530543804169 0.69450569152832 0.458015233278275 0.900507271289825 0.999128043651581 0.740419745445251 0.827182412147522 0.842010915279388 0.637531757354736 0.446008950471878 0.298804491758347 0.194798663258553 0.191813796758652 0.189725562930107 0.184385821223259 0.190772488713264 0.199055358767509 0.628690779209137 0.365473181009293 0.378376424312592 0.425496160984039 0.527171015739441 0.464845240116119 0.504988729953766 0.568116903305054 0.885591208934784 -99.9 -99.9 -99.9 -99.9 1.15123319625854 0.936474442481995 -99.9 -99.9 -99.9 -99.9 -99.9 -99.9 -99.9 -99.9 -99.9 -99.9 -99.9
0.48906546831131 0.459110140800476 0.458780586719513 0.412325501441956 0.410135537385941 0.402724295854568 0.435828596353531 0.781653225421906 0.730800330638885 0.647979080677032 0.417648077011108 0.575662672519684 0.771448194980621 0.909548997879028 0.956132411956787 0.726528942584991 0.39223638176918 0.575046241283417 1.09433948993683 1.47381377220154 1.37635385990143 1.13094317913055 1.02588856220245 0.780143022537231 0.518245875835419 0.32808855175972 0.229881197214127 0.225938156247139 0.239392682909966 0.253365129232407 0.266994506120682 0.284472495317459 0.305499196052551 0.342484533786774 0.334646493196487 0.401239961385727 0.496964991092682 0.504778385162354 0.576776504516602 0.61260861158371 0.560851812362671 0.685412049293518 0.728473007678986 0.751788318157196 1.12098228931427 0.929118752479553 -99.9 -99.9 -99.9 -99.9 -99.9 -99.9 -99.9 -99.9 -99.9 -99.9 -99.9 -99.9
0.476382672786713 0.454622477293015 0.468472093343735 0.466070294380188 0.434053301811218 0.47749599814415 0.44409054517746 0.660924077033997 0.476936757564545 0.444579780101776 0.460825651884079 0.598701298236847 0.683322429656982 0.757370591163635 0.7151038646698 0.516705989837646 0.439242631196976 0.725194811820984 0.736359179019928 1.05520904064178 1.57255721092224 1.17569255828857 0.991533577442169 0.746204078197479 0.503816962242126 0.327865719795227 0.274843394756317 0.306389421224594 0.323858678340912 0.337466895580292 0.302808791399002 0.375465542078018 0.462195187807083 0.411570608615875 0.348236531019211 0.551465451717377 -99.9 -99.9 -99.9 -99.9 -99.9 -99.9 -99.9 -99.9 -99.9 -99.9 -99.9 -99.9 -99.9 -99.9 -99.9 -99.9 -99.9 -99.9 -99.9 -99.9 -99.9 -99.9
0.500618934631348 0.502341747283936 0.471603840589523 0.464146435260773 0.495471507310867 0.486965715885162 0.475164413452148 0.464489579200745 0.540303826332092 0.67208343744278 0.50959438085556 0.464973658323288 0.453077167272568 0.554393827915192 0.426691591739655 0.384137392044067 0.292820066213608 0.362123221158981 0.462770015001297 0.40659174323082 0.831073820590973 0.8279869556427 0.694701075553894 0.572609782218933 0.478975504636765 0.347370207309723 0.301385015249252 0.347177237272263 0.390296310186386 0.418924927711487 0.339094609022141 0.348999381065369 0.370094120502472 0.460320591926575 0.605727255344391 0.617558121681213 -99.9 -99.9 -99.9 -99.9 -99.9 -99.9 -99.9 -99.9 -99.9 -99.9 -99.9 -99.9 -99.9 -99.9 -99.9 -99.9 -99.9 -99.9 -99.9 -99.9 -99.9 -99.9
0.566447794437408 0.56123811006546 0.740950882434845 0.716386795043945 0.663400292396545 0.692526340484619 0.533876538276672 0.65625411272049 0.666456937789917 0.764512658119202 0.670033574104309 0.428154438734055 0.451252162456512 0.434263050556183 0.398725628852844 0.445365846157074 0.280192703008652 0.454924702644348 0.54112833738327 0.654401361942291 0.816248595714569 0.793836295604706 0.747143924236298 0.647130310535431 0.51257312297821 0.372057259082794 0.32361826300621 0.368702679872513 0.410728067159653 0.441884011030197 0.381295293569565 0.369152933359146 0.443411201238632 -99.9 -99.9 -99.9 -99.9 -99.9 -99.9 -99.9 -99.9 -99.9 -99.9 -99.9 -99.9 -99.9 -99.9 -99.9 -99.9 -99.9 -99.9 -99.9 -99.9 -99.9 -99.9 -99.9 -99.9 -99.9
0.78809916973114 0.755294919013977 0.680164575576782 0.73566210269928 0.731056034564972 0.718383967876434 0.492970436811447 0.759142756462097 0.826598107814789 0.823456645011902 0.647773921489716 0.540862679481506 0.577816486358643 0.461945950984955 0.495849102735519 0.402398467063904 0.392047256231308 0.593286454677582 0.745574593544006 0.90524697303772 0.92760443687439 0.793158650398254 0.739320278167725 0.638550519943237 0.524039566516876 0.393129289150238 0.343877345323563 0.375291645526886 0.395499587059021 0.413725614547729 0.317984998226166 0.39284873008728 0.42510199546814 -99.9 -99.9 -99.9 -99.9 -99.9 -99.9 -99.9 -99.9 -99.9 -99.9 -99.9 -99.9 -99.9 -99.9 -99.9 -99.9 -99.9 -99.9 -99.9 -99.9 -99.9 -99.9 -99.9 -99.9 -99.9
0.778550505638123 0.782366991043091 0.732609987258911 0.748583376407623 0.765438854694366 0.714828908443451 0.598503172397614 0.465857267379761 0.886211514472961 0.83695125579834 0.743328213691711 0.741799414157867 0.687990844249725 0.634027123451233 0.715871036052704 0.789276778697968 0.684406995773315 0.804506301879883 0.972601652145386 1.05621492862701 0.914847433567047 0.750111043453217 0.666586637496948 0.561148583889008 0.445322781801224 0.353096514940262 0.352146595716476 0.367915630340576 0.349875777959824 0.361056506633759 0.353523433208466 0.430800825357437 -99.9 -99.9 -99.9 -99.9 -99.9 -99.9 -99.9 -99.9 -99.9 -99.9 -99.9 -99.9 -99.9 -99.9 -99.9 -99.9 -99.9 -99.9 -99.9 -99.9 -99.9 -99.9 -99.9 0.480487018823624 0.520517647266388 0.555140495300293
0.746934831142426 0.812298178672791 0.726386666297913 0.683096945285797 0.650759100914001 0.628019392490387 0.754786431789398 0.788794696331024 0.899541616439819 0.914768218994141 0.849413216114044 0.904749572277069 0.879516363143921 0.8596311211586 0.8308385014534 0.780367732048035 0.834071815013885 0.94906359910965 1.04547262191772 1.0031396150589 0.868792295455933 0.708393573760986 0.582845866680145 0.430114835500717 0.315734297037125 0.349262356758118 0.298371851444244 0.346889078617096 0.359725683927536 0.413446515798569 -99.9 -99.9 -99.9 -99.9 -99.9 -99.9 -99.9 -99.9 -99.9 -99.9 -99.9 -99.9 0.992465317249298 0.872255980968475 0.698468565940857 0.524155020713806 0.393411427736282 0.383007884025574 0.409518629312515 0.476052850484848 -99.9 0.411887109279633 0.464021116495132 -99.9 0.450051873922348 0.316039144992828 0.351702094078064 0.297766596078873
0.797956049442291 0.77492493391037 0.719819724559784 0.67562472820282 0.63618677854538 0.59445708990097 0.786400020122528 0.783818244934082 0.609463095664978 0.526839137077332 0.65150773525238 0.846043407917023 1.31837773323059 0.980286240577698 0.689150035381317 0.586924433708191 0.49641016125679 0.501638054847717 0.56071949005127 0.528146505355835 0.516465067863464 0.538725018501282 0.404357403516769 0.29258194565773 0.327983975410461 0.297149270772934 0.310558557510376 0.339523136615753 0.474419265985489 -99.9 -99.9 -99.9 -99.9 -99.9 -99.9 -99.9 -99.9 -99.9 -99.9 -99.9 -99.9 -99.9 0.770479679107666 0.52291065454483 0.472127139568329 0.343750357627869 0.34991466999054 0.332097977399826 0.343712717294693 0.353824436664581 0.567070186138153 0.483301311731339 0.375192493200302 0.33844655752182 0.287583231925964 0.249791845679283 0.222932264208794 0.245737627148628
0.750653207302094 0.769432246685028 0.706897377967834 0.703721225261688 0.620869517326355 0.596180140972137 0.679936170578003 0.708102345466614 0.482944041490555 0.464561849832535 0.478765785694122 0.815943360328674 1.2852441072464 0.980459213256836 0.537442743778229 0.513358414173126 0.473384141921997 0.641416788101196 0.368142813444138 0.35610768198967 0.383399218320847 0.44514673948288 0.319484353065491 0.305263131856918 0.354944050312042 0.375975757837296 0.395476669073105 0.457746148109436 -99.9 -99.9 -99.9 -99.9 -99.9 -99.9 0.633364796638489 0.753356575965881 0.859509348869324 -99.9 -99.9 -99.9 -99.9 -99.9 0.486210107803345 0.420518398284912 0.397062003612518 0.474089324474335 0.32004252076149 0.261581003665924 0.303323060274124 0.264564007520676 0.360947579145432 0.431528866291046 0.296050399541855 0.27656427025795 0.191181913018227 0.202783137559891 0.227030515670776 0.201205268502235
0.775398552417755 0.741054654121399 0.692501842975616 0.741023361682892 0.708083033561707 0.619863927364349 0.534515917301178 0.540831863880157 0.631379663944244 0.777248561382294 0.811907351016998 0.820336520671844 1.07798099517822 0.626567840576172 0.463524907827377 0.478577941656113 0.435205429792404 0.35562139749527 0.335645943880081 0.360341191291809 0.320784419775009 0.361429750919342 0.290657252073288 0.326830148696899 -99.9 -99.9 -99.9 -99.9 -99.9 -99.9 -99.9 0.646743655204773 0.497484743595123 0.435222029685974 0.604444086551666 0.756076276302338 0.952968299388885 0.659329354763031 0.649553239345551 0.563992619514465 0.440945118665695 0.300561010837555 0.354877918958664 0.326687097549438 0.304347544908524 0.292505502700806 0.185844048857689 0.25019234418869 0.240176826715469 0.284305304288864 0.327407211065292 0.26569727063179 0.279253959655762 0.249660968780518 0.236909925937653 0.200872033834457 0.213221237063408 0.223323002457619
0.683999478816986 0.766274929046631 0.730832636356354 0.870284616947174 0.744206666946411 0.685765027999878 0.576820611953735 0.787678301334381 0.860356330871582 0.800625026226044 0.868045091629028 0.830672085285187 0.91353166103363 0.563786745071411 0.443370193243027 0.4363112449646 0.422500371932983 0.337752193212509 0.357704758644104 0.375240802764893 0.359991043806076 0.281836330890656 0.288409948348999 0.346083641052246 -99.9 -99.9 0.566624879837036 -99.9 -99.9 -99.9 0.507814526557922 0.443804323673248 0.450540393590927 0.431390225887299 0.41590216755867 0.394955694675446 0.369820892810822 0.303907990455627 0.242711961269379 0.203466683626175 0.161878004670143 0.281177341938019 0.316364943981171 0.319160282611847 0.292199730873108 0.233543947339058 0.245185047388077 0.220128521323204 0.213222056627274 0.228842198848724 0.236128911375999 0.316670536994934 0.291643917560577 0.508476495742798 0.290316462516785 0.216621518135071 0.226617321372032 0.224260985851288
0.703981399536133 0.754309356212616 0.705493152141571 0.72951203584671 0.723363637924194 0.773375332355499 0.667576372623444 0.707098245620728 0.787324666976929 0.817358016967773 0.813355028629303 0.754369616508484 0.736529648303986 0.469946891069412 0.397917926311493 0.415377169847488 0.378382802009583 0.594395041465759 0.557181656360626 -99.9 0.401460379362106 0.322064816951752 0.283509135246277 0.34682223200798 0.408369660377502 0.424327403306961 0.381598681211472 0.420616418123245 0.454628378152847 0.399541050195694 0.346835762262344 0.365664601325989 0.366429895162582 0.348320335149765 0.362815737724304 0.363409608602524 0.386343717575073 0.299748927354813 0.215832054615021 0.159893274307251 0.260234355926514 0.253898531198502 0.247828260064125 0.258482247591019 0.26166433095932 0.234658017754555 0.213262245059013 0.18738566339016 0.230013370513916 0.240685611963272 0.242640167474747 0.288403749465942 0.308481991291046 0.28167125582695 0.254518747329712 0.280380427837372 0.279648005962372 0.255835503339767
0.485765695571899 0.552168548107147 0.611833989620209 0.750233173370361 0.784502983093262 0.471785336732864 0.466659516096115 0.736539363861084 0.714656710624695 0.84102874994278 0.628844976425171 0.823104083538055 0.783731698989868 0.727368235588074 0.379453599452972 0.403956353664398 0.401064455509186 0.377951323986053 0.36427429318428 0.366453438997269 0.328933715820312 0.287651360034943 0.238651379942894 0.293679416179657 0.351470828056335 0.341639906167984 0.369935870170593 0.353060513734818 0.33003556728363 0.349769860506058 0.349298745393753 0.340152710676193 0.323781698942184 0.353722006082535 0.342585802078247 0.334814488887787 0.374169647693634 0.343594133853912 0.319026291370392 0.273716181516647 0.273969292640686 0.253750801086426 0.25474813580513 0.267697125673294 0.238202661275864 0.208183363080025 0.195440635085106 0.204156711697578 0.223995730280876 0.296656757593155 0.301218509674072 0.303354382514954 0.35110279917717 0.318571776151657 0.33795166015625 0.354686945676804 0.315952837467194 0.293671727180481
