fish_book/data/sediment/Wilson_et_al_2017_data_files_asc/SurfaceCarbon.asc
NCOLS 200
NROWS 150
XLLCORNER -16
YLLCORNER 44
CELLSIZE 0.125
NODATA_VALUE -99.9
[rows 26 to 51 of 150, columns 58 to 115 of 200]
-99.9 -99.9 -99.9 -99.9 -99.9 -99.9 -99.9 -99.9 -99.9 -99.9 -99.9 -99.9 -99.9 -99.9 -99.9 -99.9 -99.9 0.624966442584991 0.578596711158752 0.596917450428009 0.588892102241516 0.528847575187683 0.543321013450623 0.495188355445862 0.493859201669693 0.512365281581879 0.491542607545853 0.490126579999924 0.520820736885071 0.58791971206665 0.586274325847626 0.470788657665253 0.432279109954834 0.446108669042587 0.465664863586426 0.467972576618195 0.487387597560883 0.466867297887802 0.566475093364716 0.768669724464417 0.812181055545807 0.608098804950714 0.475069463253021 0.454556405544281 0.426645338535309 0.474591255187988 0.619799435138702 0.519967436790466 0.387084096670151 0.441598117351532 0.56159907579422 0.552967548370361 0.490546077489853 0.441137313842773 0.489150822162628 0.48872908949852 0.522596418857574 0.539503157138824
-99.9 -99.9 -99.9 -99.9 -99.9 -99.9 -99.9 -99.9 -99.9 -99.9 -99.9 -99.9 -99.9 -99.9 -99.9 0.654904186725616 0.644231677055359 0.615962743759155 0.587270557880402 0.588621854782104 0.521085560321808 0.542714238166809 0.534144103527069 0.507241010665894 0.503524839878082 0.488052636384964 0.483777105808258 0.481068313121796 0.487819492816925 0.462052017450333 0.448582619428635 0.449342519044876 0.463033258914948 0.45699417591095 0.47661367058754 0.490092128515244 0.479091852903366 0.492595881223679 0.460910379886627 0.546320974826813 0.574579238891602 0.528912246227264 0.495542854070663 0.522019624710083 0.569331705570221 0.720361769199371 -99.9 0.579856872558594 0.6349818110466 0.630831837654114 -99.9 0.535302758216858 0.443109840154648 0.397653847932816 0.416448682546616 0.408100634813309 0.442267537117004 0.450296193361282
-99.9 -99.9 -99.9 -99.9 -99.9 -99.9 -99.9 -99.9 -99.9 -99.9 -99.9 0.858209431171417 0.79002183675766 0.662423431873322 0.622669339179993 0.61974573135376 0.549834311008453 0.539179503917694 0.508883774280548 0.505226194858551 0.516621112823486 0.529758393764496 0.529336452484131 0.657964766025543 0.518442511558533 0.484777301549911 0.422603517770767 0.42973268032074 0.468940943479538 0.460284918546677 0.465004324913025 0.424170255661011 0.420404464006424 0.456162869930267 0.450273633003235 0.462314993143082 0.496999979019165 0.477478802204132 0.447508662939072 0.54674220085144 0.516890108585358 0.476370245218277 0.567073345184326 0.530887484550476 0.544773399829865 -99.9 0.600695610046387 -99.9 -99.9 0.546154141426086 0.537318706512451 0.430401921272278 0.451224446296692 0.421186536550522 0.392454266548157 0.417365193367004 0.423738926649094 0.532415509223938
-99.9 -99.9 -99.9 -99.9 -99.9 -99.9 -99.9 -99.9 -99.9 -99.9 0.577564001083374 0.600292325019836 0.791983008384705 0.654352128505707 0.617563009262085 0.633704423904419 0.605282247066498 0.503468573093414 0.521205425262451 0.436952859163284 0.413340657949448 0.489032059907913 0.561204433441162 0.59504759311676 0.521852552890778 0.510447800159454 0.416511505842209 0.432994902133942 0.403561294078827 0.369706898927689 0.345243126153946 0.438739776611328 0.418761521577835 0.377153873443604 0.37883785367012 0.294170379638672 0.363765358924866 0.401158154010773 0.425659239292145 0.496296852827072 0.53348445892334 0.627245843410492 0.709053158760071 -99.9 -99.9 -99.9 -99.9 -99.9 0.625645041465759 0.564049363136292 0.500353097915649 0.443992257118225 0.43495574593544 0.381597101688385 0.390927970409393 0.409911513328552 0.515697300434113 0.551021099090576
-99.9 -99.9 -99.9 -99.9 -99.9 -99.9 -99.9 -99.9 -99.9 0.628260135650635 0.512133121490479 0.579870939254761 0.54744815826416 0.608679056167603 0.593061566352844 0.598881840705872 0.565942704677582 0.52031421661377 0.479680329561234 0.486575722694397 0.452939599752426 0.466872930526733 0.500990331172943 0.496719747781754 0.478402853012085 0.493141323328018 0.435051321983337 0.458197921514511 0.412260770797729 0.391529470682144 0.352406769990921 0.303003162145615 0.422394335269928 0.357592940330505 0.349942713975906 0.347436368465424 0.299819737672806 0.319921404123306 0.356731712818146 0.394696682691574 0.505460500717163 0.580027639865875 0.62659615278244 -99.9 -99.9 -99.9 -99.9 -99.9 0.566925466060638 0.469584703445435 0.484343200922012 0.535181999206543 0.500480949878693 0.465438038110733 0.545669376850128 0.588867664337158 0.567564189434052 0.563272655010223
-99.9 -99.9 -99.9 -99.9 -99.9 -99.9 -99.9 -99.9 0.63966315984726 0.499611854553223 0.578975558280945 0.55363142490387 0.517466723918915 0.524120330810547 0.605613887310028 0.591305792331696 0.552940368652344 0.510609805583954 0.519268691539764 0.512638032436371 0.486003965139389 0.505243718624115 0.459282338619232 0.4464952647686 0.436509519815445 0.433105379343033 0.413776725530624 0.412229001522064 0.391236007213593 0.444047540426254 0.374836176633835 0.368999600410461 0.371124923229218 0.357684731483459 0.31239065527916 0.27366054058075 0.332898437976837 0.390037387609482 0.422504454851151 0.410987555980682 0.434129178524017 0.49214169383049 0.516717791557312 -99.9 -99.9 0.651207089424133 -99.9 0.636528134346008 0.483920872211456 0.504398167133331 0.498187214136124 0.47088235616684 0.531608998775482 0.526307702064514 0.553954720497131 0.558498561382294 0.617847561836243 0.588833153247833
-99.9 -99.9 -99.9 -99.9 0.836399912834167 0.946241736412048 0.640505433082581 0.634381830692291 0.594257414340973 0.550728976726532 0.526974618434906 0.485930025577545 0.467455208301544 0.500398457050323 0.490108489990234 0.4703169465065 0.492504745721817 0.545323073863983 0.533664524555206 0.508588910102844 0.549212038516998 0.584009945392609 0.555434584617615 0.505833923816681 0.42389589548111 0.430920034646988 0.42239785194397 0.416754841804504 0.505539834499359 0.639327943325043 0.602456629276276 0.541569590568542 0.548472106456757 0.458576530218124 0.458897650241852 0.465622633695602 0.493137359619141 0.501570343971252 0.560256600379944 0.498494625091553 0.62549501657486 0.576192736625671 0.639563322067261 0.616690874099731 0.618101537227631 0.615420520305634 -99.9 0.47000777721405 0.404123336076736 0.386755764484406 0.37508687376976 0.384948909282684 0.399257332086563 0.504328370094299 0.500270664691925 0.516391515731812 0.52714329957962 0.774101734161377
0.657237708568573 0.63082617521286 0.629772186279297 0.639223456382751 0.647502958774567 0.61058521270752 0.584563970565796 0.544411599636078 0.542524933815002 0.547024190425873 0.452251583337784 0.472868084907532 0.450057715177536 0.492041230201721 0.478830933570862 0.460851788520813 0.467078775167465 0.481966823339462 0.457554578781128 0.533064484596252 0.729525983333588 0.540179133415222 0.563444793224335 0.529155790805817 0.5353844165802 0.556696116924286 0.513007938861847 0.474404692649841 0.706631124019623 -99.9 -99.9 -99.9 -99.9 -99.9 -99.9 0.771226346492767 -99.9 -99.9 -99.9 -99.9 -99.9 -99.9 -99.9 -99.9 -99.9 -99.9 0.465430229902267 0.409885853528976 0.303679078817368 0.360452800989151 0.433602154254913 0.389240562915802 0.387902677059174 0.480339199304581 0.518323659896851 0.732908844947815 0.783902049064636 1.00139427185059
0.644251227378845 0.649989783763885 0.627252042293549 0.597577273845673 0.55178689956665 0.582781493663788 0.558763265609741 0.493275195360184 0.495002180337906 0.464891165494919 0.46391835808754 0.43179452419281 0.434781551361084 0.41231182217598 0.458632379770279 0.453494310379028 0.564202129840851 0.543495953083038 -99.9 -99.9 -99.9 0.633753538131714 0.645379722118378 0.656521201133728 0.690929293632507 0.663131654262543 0.68896746635437 0.748950362205505 0.816941142082214 -99.9 -99.9 -99.9 -99.9 -99.9 -99.9 -99.9 -99.9 -99.9 -99.9 -99.9 -99.9 -99.9 -99.9 -99.9 -99.9 -99.9 0.504120349884033 0.40165963768959 0.328828036785126 0.319118797779083 0.351109653711319 0.415231287479401 0.436829060316086 0.451217442750931 0.534006655216217 0.715169310569763 0.823931336402893 0.930678248405457
0.600701749324799 0.58338850736618 0.552564740180969 0.554144144058228 0.562254250049591 0.474169135093689 0.409695148468018 0.43652805685997 0.477402597665787 0.413011968135834 0.458568096160889 0.529438614845276 0.50516802072525 0.563604950904846 0.653033971786499 0.739388287067413 -99.9 -99.9 -99.9 -99.9 -99.9 0.969484627246857 1.1876357793808 0.850505113601685 0.846436321735382 0.750760078430176 0.81871509552002 1.61209011077881 -99.9 -99.9 -99.9 -99.9 -99.9 -99.9 -99.9 -99.9 -99.9 -99.9 -99.9 -99.9 -99.9 -99.9 -99.9 -99.9 -99.9 0.520698368549347 0.453193694353104 0.373645007610321 0.378363430500031 0.304003566503525 0.317700803279877 0.324642091989517 0.371187716722488 0.550764083862305 0.787957608699799 0.87802928686142 0.893570482730865 0.687932074069977
0.579870164394379 0.533236443996429 0.529330968856812 0.539937555789948 0.456887125968933 0.450467973947525 0.429382920265198 0.447362631559372 0.388403058052063 0.409880012273788 0.409976959228516 0.503913998603821 0.650927722454071 -99.9 -99.9 -99.9 -99.9 -99.9 -99.9 1.78642570972443 1.32360458374023 1.31216084957123 1.106081366539 1.17347025871277 1.14423286914825 1.29944944381714 1.25997853279114 -99.9 -99.9 -99.9 -99.9 -99.9 -99.9 -99.9 -99.9 -99.9 -99.9 -99.9 -99.9 -99.9 -99.9 -99.9 1.01970064640045 0.804364204406738 0.563714385032654 0.498783260583878 0.303144514560699 0.27388408780098 0.317638069391251 0.320669829845428 0.286220461130142 0.486226469278336 0.408985257148743 0.443259209394455 0.499017536640167 0.490825682878494 0.511998236179352 0.613711535930634
0.546755015850067 0.572037637233734 0.603366315364838 0.565679609775543 0.497195571660995 0.469426602125168 0.47032231092453 0.422603905200958 0.390213191509247 0.478619992733002 0.544418573379517 0.600652575492859 0.613796651363373 -99.9 -99.9 -99.9 -99.9 -99.9 -99.9 2.43184471130371 1.25633692741394 1.04809188842773 1.27020502090454 1.53115630149841 1.23572933673859 2.03188633918762 -99.9 -99.9 -99.9 -99.9 -99.9 -99.9 -99.9 -99.9 -99.9 -99.9 -99.9 -99.9 -99.9 -99.9 -99.9 0.925787687301636 0.816180646419525 0.754175662994385 0.581970393657684 0.435489177703857 0.401632487773895 0.365670949220657 0.455836832523346 0.501025021076202 0.442431330680847 0.453469783067703 0.424584448337555 0.442987114191055 0.491831332445145 0.472486048936844 0.364754647016525 0.370912998914719
0.538168132305145 0.598875343799591 0.626135408878326 0.633147656917572 0.547300279140472 0.4790059030056 0.49079555273056 0.511334478855133 0.494119584560394 0.45866522192955 0.407396882772446 0.454870194196701 0.514977276325226 -99.9 -99.9 -99.9 -99.9 -99.9 0.859434366226196 1.48592507839203 1.45802485942841 0.887353837490082 0.913705825805664 0.837143957614899 0.985602080821991 1.31376004219055 2.03694009780884 -99.9 -99.9 -99.9 -99.9 -99.9 -99.9 -99.9 -99.9 -99.9 -99.9 -99.9 -99.9 1.5156956911087 1.13657081127167 0.945695042610168 0.774048745632172 0.648047029972076 0.69635671377182 1.15505361557007 1.26167726516724 1.28882575035095 0.91052633523941 0.714845895767212 0.462970048189163 0.524482846260071 0.565015971660614 0.583038210868835 0.881578207015991 0.504902482032776 0.499751150608063 0.511076748371124
0.661642253398895 -99.9 0.610592842102051 0.571078598499298 0.81032657623291 0.472053796052933 0.453603118658066 0.531323611736298 0.469200551509857 0.505156993865967 0.561381578445435 0.798844933509827 0.745198309421539 -99.9 -99.9 -99.9 0.869049727916718 0.687675654888153 0.58114629983902 0.58258330821991 1.02919626235962 1.45994889736176 1.7834347486496 -99.9 -99.9 -99.9 -99.9 -99.9 -99.9 -99.9 -99.9 -99.9 -99.9 -99.9 -99.9 -99.9 -99.9 -99.9 -99.9 -99.9 1.20338249206543 1.13599240779877 1.08359622955322 1.09754109382629 0.998962998390198 1.51800751686096 0.838047623634338 0.88367235660553 1.13168907165527 1.21814739704132 1.1336464881897 1.2517284154892 0.911267817020416 0.653644621372223 0.932359278202057 0.639950692653656 0.357247650623322 0.335130304098129
0.661047399044037 0.670169472694397 0.647886097431183 0.603148579597473 0.784199476242065 0.451253205537796 0.459484785795212 0.43302395939827 0.443596184253693 0.539310157299042 0.677010416984558 -99.9 -99.9 -99.9 1.14885234832764 1.17201578617096 0.648388087749481 0.634315609931946 -99.9 -99.9 1.11312901973724 1.84944808483124 1.12787747383118 1.75906813144684 -99.9 -99.9 -99.9 -99.9 -99.9 -99.9 -99.9 -99.9 -99.9 -99.9 -99.9 -99.9 -99.9 -99.9 -99.9 1.62156248092651 2.00402355194092 1.62113273143768 -99.9 -99.9 -99.9 -99.9 -99.9 -99.9 -99.9 -99.9 -99.9 -99.9 -99.9 -99.9 0.693704605102539 0.762460470199585 0.481907904148102 0.48336461186409
0.622196555137634 0.641779065132141 0.62836354970932 0.529127538204193 0.549746811389923 0.461476236581802 0.51570725440979 0.509794771671295 0.517741203308105 0.546405017375946 -99.9 -99.9 -99.9 1.2048956155777 0.734139740467072 0.839318037033081 1.15473544597626 -99.9 1.31125032901764 -99.9 -99.9 1.31453669071198 0.891257524490356 -99.9 -99.9 -99.9 -99.9 -99.9 -99.9 -99.9 -99.9 -99.9 -99.9 -99.9 -99.9 -99.9 -99.9 -99.9 -99.9 -99.9 -99.9 -99.9 -99.9 -99.9 -99.9 -99.9 -99.9 -99.9 -99.9 -99.9 -99.9 -99.9 -99.9 -99.9 -99.9 -99.9 0.560184597969055 0.521923661231995
0.596437692642212 0.598160862922668 0.630644798278809 0.53407621383667 0.49249255657196 0.570494830608368 0.534553349018097 0.536316752433777 0.57398247718811 0.544603765010834 0.611217081546783 -99.9 -99.9 1.0409187078476 0.769821047782898 0.687413334846497 -99.9 -99.9 -99.9 -99.9 -99.9 -99.9 1.46701788902283 -99.9 -99.9 -99.9 -99.9 -99.9 -99.9 -99.9 -99.9 -99.9 -99.9 -99.9 -99.9 -99.9 -99.9 -99.9 -99.9 -99.9 -99.9 -99.9 -99.9 -99.9 -99.9 -99.9 -99.9 -99.9 -99.9 -99.9 -99.9 -99.9 -99.9 -99.9 -99.9 -99.9 0.664280712604523 0.523462116718292
0.554520726203918 0.554627895355225 0.583787381649017 0.520915448665619 0.527474939823151 0.523816645145416 0.498561888933182 0.495404750108719 0.523010194301605 0.612719595432281 0.761228919029236 -99.9 1.05922341346741 1.13343441486359 0.800352513790131 0.824694097042084 1.04365658760071 1.14702069759369 -99.9 -99.9 -99.9 -99.9 -99.9 -99.9 -99.9 -99.9 -99.9 -99.9 -99.9 -99.9 -99.9 -99.9 -99.9 -99.9 -99.9 -99.9 -99.9 -99.9 -99.9 -99.9 -99.9 -99.9 -99.9 -99.9 -99.9 -99.9 -99.9 -99.9 -99.9 -99.9 -99.9 -99.9 -99.9 -99.9 0.79076623916626 0.62475448846817 0.562360465526581 0.486411541700363
0.570580720901489 0.511271774768829 0.501525044441223 0.519364535808563 0.501937568187714 0.506163597106934 0.458055317401886 0.449916034936905 0.544104993343353 0.578565001487732 0.669527769088745 -99.9 0.968338191509247 1.24428844451904 1.22592651844025 1.26061916351318 1.46064174175262 1.38070499897003 1.01003611087799 -99.9 -99.9 -99.9 -99.9 -99.9 -99.9 -99.9 -99.9 -99.9 -99.9 -99.9 -99.9 -99.9 -99.9 -99.9 -99.9 -99.9 -99.9 -99.9 -99.9 -99.9 -99.9 -99.9 -99.9 -99.9 -99.9 -99.9 -99.9 -99.9 -99.9 -99.9 -99.9 -99.9 -99.9 -99.9 0.694487333297729 0.528797447681427 0.450944244861603 0.41437703371048
0.587084233760834 0.53461629152298 0.520919919013977 0.506510615348816 0.514987885951996 0.51638525724411 0.498451471328735 0.486321777105331 0.566983163356781 0.642391085624695 -99.9 -99.9 1.14589834213257 1.15458202362061 0.946899652481079 1.14024174213409 0.820961356163025 -99.9 1.53794622421265 -99.9 2.22233247756958 1.02547037601471 -99.9 -99.9 -99.9 -99.9 -99.9 -99.9 -99.9 -99.9 -99.9 -99.9 -99.9 -99.9 -99.9 -99.9 -99.9 -99.9 -99.9 -99.9 -99.9 -99.9 -99.9 -99.9 -99.9 -99.9 -99.9 -99.9 -99.9 -99.9 -99.9 -99.9 -99.9 0.747311949729919 0.723884880542755 0.562540233135223 0.510405600070953 0.46720278263092
0.541607677936554 0.491322427988052 0.503298223018646 0.467596381902695 0.483646720647812 0.659012019634247 0.682129681110382 0.472562432289124 0.511390328407288 -99.9 -99.9 0.919967174530029 0.922224760055542 0.945675671100616 1.07161748409271 0.929992914199829 1.20348238945007 1.16031527519226 1.49622595310211 -99.9 -99.9 1.35076212882996 -99.9 -99.9 -99.9 -99.9 -99.9 -99.9 -99.9 -99.9 -99.9 -99.9 -99.9 -99.9 -99.9 -99.9 -99.9 -99.9 -99.9 -99.9 -99.9 -99.9 -99.9 -99.9 -99.9 -99.9 -99.9 -99.9 -99.9 -99.9 -99.9 -99.9 -99.9 0.657250225543976 0.480145841836929 0.549421668052673 0.492357850074768 0.42170587182045
0.505833804607391 0.513525426387787 0.480181276798248 0.489752471446991 0.50438266992569 0.485349327325821 0.524064421653748 0.47034677863121 0.509920418262482 0.536311268806458 0.889188051223755 0.982015609741211 0.966398358345032 0.889628827571869 1.00755023956299 0.769836187362671 1.02528500556946 1.62458968162537 1.00548088550568 0.845938086509705 1.57538759708405 1.31504666805267 0.863759994506836 -99.9 -99.9 -99.9 -99.9 -99.9 -99.9 -99.9 -99.9 -99.9 -99.9 -99.9 -99.9 -99.9 -99.9 -99.9 -99.9 -99.9 -99.9 -99.9 -99.9 -99.9 -99.9 -99.9 -99.9 -99.9 -99.9 -99.9 -99.9 -99.9 0.713375926017761 0.489254236221313 0.424320876598358 0.474530816078186 0.372050791978836 0.344445824623108
0.541320979595184 0.750150561332703 0.579552114009857 0.531262099742889 0.506620764732361 0.448805868625641 0.450773566961288 0.455187499523163 0.457484304904938 0.622243523597717 0.878689646720886 0.868177950382233 1.02666318416595 1.09655463695526 1.05298924446106 0.658219277858734 0.736169636249542 1.12298345565796 0.83328241109848 0.778395295143127 -99.9 -99.9 -99.9 -99.9 -99.9 -99.9 -99.9 -99.9 -99.9 -99.9 -99.9 -99.9 -99.9 -99.9 -99.9 -99.9 -99.9 -99.9 -99.9 -99.9 -99.9 -99.9 -99.9 -99.9 -99.9 -99.9 -99.9 -99.9 -99.9 -99.9 -99.9 0.732435762882233 0.911630392074585 0.416355967521667 0.338379472494125 0.380443423986435 0.358430057764053 0.345513761043549
0.465178191661835 0.753816425800323 0.876912891864777 0.797343671321869 0.74515974521637 0.507615566253662 0.424107611179352 0.426476955413818 0.754208624362946 0.547799944877625 0.794538974761963 0.812359750270844 0.742674231529236 0.741198182106018 0.709015429019928 0.681340336799622 -99.9 0.689246654510498 0.788355946540833 -99.9 -99.9 -99.9 -99.9 -99.9 -99.9 -99.9 -99.9 -99.9 -99.9 -99.9 -99.9 -99.9 -99.9 -99.9 -99.9 -99.9 -99.9 -99.9 -99.9 -99.9 -99.9 -99.9 -99.9 -99.9 -99.9 -99.9 -99.9 -99.9 -99.9 -99.9 1.17374229431152 0.658879816532135 0.52516508102417 0.389327198266983 0.318233370780945 0.362745046615601 0.30819234251976 0.374627828598022
0.525876760482788 0.514916956424713 0.555747985839844 0.741009056568146 0.720191359519958 0.774453520774841 0.771233201026917 0.602482974529266 0.540524661540985 0.483500331640244 0.47948756814003 1.08317542076111 1.08457064628601 1.08087408542633 0.866977870464325 0.827648222446442 0.819412112236023 1.30698370933533 1.62577652931213 1.40230023860931 -99.9 -99.9 -99.9 -99.9 -99.9 -99.9 -99.9 -99.9 -99.9 -99.9 -99.9 -99.9 -99.9 -99.9 -99.9 -99.9 -99.9 -99.9 -99.9 -99.9 -99.9 -99.9 -99.9 -99.9 -99.9 -99.9 -99.9 -99.9 1.20930743217468 0.708642601966858 0.548092782497406 0.513728141784668 0.439007788896561 0.398222982883453 0.397915065288544 0.383096098899841 0.370494037866592 0.38006329536438
0.502645015716553 0.515574872493744 0.516550123691559 0.53756719827652 0.510395169258118 0.963868081569672 0.735878229141235 0.511180222034454 0.664530277252197 0.510489761829376 0.45393967628479 0.528280794620514 0.485164731740952 0.536764562129974 0.569466233253479 0.66217052936554 0.582485198974609 0.790359199047089 -99.9 -99.9 -99.9 -99.9 -99.9 -99.9 -99.9 -99.9 -99.9 -99.9 -99.9 -99.9 -99.9 -99.9 -99.9 -99.9 -99.9 -99.9 -99.9 -99.9 -99.9 -99.9 -99.9 -99.9 -99.9 -99.9 -99.9 -99.9 -99.9 -99.9 -99.9 0.826879024505615 0.886517286300659 0.652069091796875 0.517669022083282 0.442238450050354 0.390219658613205 0.43861523270607 0.361139535903931 0.346786648035049
