fish_book/data/sediment/Wilson_et_al_2017_data_files_asc/TidalVelMax.asc
NCOLS 200
NROWS 150
XLLCORNER -16
YLLCORNER 44
CELLSIZE 0.125
NODATA_VALUE -99.9
[rows 0 to 25 of 150, columns 118 to 176 of 200]
-99.9 -99.9 -99.9 -99.9 -99.9 -99.9 -99.9 -99.9 -99.9 -99.9 -99.9 -99.9 -99.9 -99.9 -99.9 -99.9 -99.9 -99.9 -99.9 -99.9 -99.9 -99.9 -99.9 -99.9 -99.9 -99.9 -99.9 -99.9 -99.9 -99.9 -99.9 -99.9 -99.9 -99.9 -99.9 -99.9 -99.9 -99.9 -99.9 -99.9 -99.9 -99.9 -99.9 -99.9 -99.9 -99.9 -99.9 -99.9 -99.9 -99.9 -99.9 -99.9 -99.9 -99.9 -99.9 -99.9 -99.9 -99.9 -99.9
-99.9 -99.9 -99.9 -99.9 -99.9 -99.9 -99.9 -99.9 -99.9 -99.9 -99.9 -99.9 -99.9 -99.9 -99.9 -99.9 -99.9 -99.9 -99.9 -99.9 -99.9 -99.9 -99.9 -99.9 -99.9 -99.9 -99.9 -99.9 -99.9 -99.9 -99.9 -99.9 -99.9 -99.9 -99.9 -99.9 -99.9 -99.9 -99.9 -99.9 -99.9 -99.9 -99.9 -99.9 -99.9 -99.9 -99.9 -99.9 -99.9 -99.9 -99.9 -99.9 -99.9 -99.9 -99.9 -99.9 -99.9 -99.9 -99.9
-99.9 -99.9 -99.9 -99.9 -99.9 -99.9 -99.9 -99.9 -99.9 -99.9 -99.9 -99.9 -99.9 -99.9 -99.9 -99.9 -99.9 -99.9 -99.9 -99.9 -99.9 -99.9 -99.9 -99.9 -99.9 -99.9 -99.9 -99.9 -99.9 -99.9 -99.9 -99.9 -99.9 -99.9 -99.9 -99.9 -99.9 -99.9 -99.9 -99.9 -99.9 -99.9 -99.9 -99.9 -99.9 -99.9 -99.9 -99.9 -99.9 -99.9 -99.9 -99.9 -99.9 -99.9 -99.9 -99.9 -99.9 -99.9 -99.9
-99.9 -99.9 -99.9 -99.9 -99.9 -99.9 -99.9 -99.9 -99.9 -99.9 -99.9 -99.9 -99.9 -99.9 -99.9 -99.9 -99.9 -99.9 -99.9 -99.9 -99.9 -99.9 -99.9 -99.9 -99.9 -99.9 -99.9 -99.9 -99.9 -99.9 -99.9 -99.9 -99.9 -99.9 -99.9 -99.9 -99.9 -99.9 -99.9 -99.9 -99.9 -99.9 -99.9 -99.9 -99.9 -99.9 -99.9 -99.9 -99.9 -99.9 -99.9 -99.9 -99.9 -99.9 -99.9 -99.9 -99.9 -99.9 -99.9
-99.9 -99.9 -99.9 -99.9 -99.9 -99.9 -99.9 -99.9 -99.9 -99.9 -99.9 -99.9 -99.9 -99.9 -99.9 -99.9 -99.9 -99.9 -99.9 -99.9 -99.9 -99.9 -99.9 -99.9 -99.9 -99.9 -99.9 -99.9 -99.9 -99.9 -99.9 -99.9 -99.9 -99.9 -99.9 -99.9 -99.9 -99.9 -99.9 -99.9 -99.9 -99.9 -99.9 -99.9 -99.9 -99.9 -99.9 -99.9 -99.9 -99.9 -99.9 -99.9 -99.9 -99.9 -99.9 -99.9 -99.9 -99.9 -99.9
-99.9 -99.9 -99.9 -99.9 -99.9 -99.9 -99.9 -99.9 -99.9 -99.9 -99.9 -99.9 -99.9 -99.9 -99.9 -99.9 -99.9 -99.9 -99.9 -99.9 -99.9 -99.9 -99.9 -99.9 -99.9 -99.9 -99.9 -99.9 -99.9 -99.9 -99.9 -99.9 -99.9 -99.9 -99.9 -99.9 -99.9 -99.9 -99.9 -99.9 -99.9 -99.9 -99.9 -99.9 -99.9 -99.9 -99.9 -99.9 -99.9 -99.9 -99.9 -99.9 -99.9 -99.9 -99.9 -99.9 -99.9 -99.9 -99.9
-99.9 -99.9 -99.9 -99.9 18.6959342956543 18.9051513671875 18.6058883666992 17.8168487548828 17.027027130127 10.5065364837646 10.5065364837646 13.5902910232544 13.5902910232544 14.3980169296265 14.8454551696777 14.700927734375 14.9318733215332 15.2462663650513 14.4693698883057 12.8148889541626 11.4346761703491 10.1412858963013 9.06515121459961 8.16095161437988 7.70074272155762 7.55724906921387 7.42805051803589 7.30143213272095 7.1801609992981 7.07270574569702 7.00492763519287 6.96462535858154 6.97064971923828 7.02613639831543 7.15899229049683 7.37419319152832 7.67900514602661 8.04298400878906 8.46975708007812 9.06784820556641 9.89129161834717 10.8571910858154 11.8553304672241 12.9132204055786 13.7873363494873 14.242259979248 14.3695774078369 14.1023960113525 12.5032444000244 -99.9 -99.9 -99.9 -99.9 -99.9 -99.9 -99.9 -99.9 -99.9 -99.9
-99.9 -99.9 20.5730876922607 22.6035804748535 24.0958385467529 24.5774021148682 24.0391674041748 22.3964538574219 21.5426483154297 13.8725662231445 13.8725662231445 19.1356620788574 19.1356620788574 19.0350723266602 18.5156326293945 17.5361804962158 17.1343669891357 17.0933399200439 16.6384544372559 15.9002695083618 13.8986978530884 11.4110689163208 9.88468456268311 8.76743793487549 7.94388437271118 7.42190885543823 7.22995376586914 7.19148683547974 7.15592193603516 7.11529493331909 7.08447980880737 7.06078338623047 7.08558893203735 7.17483949661255 7.34938955307007 7.53546190261841 7.77672052383423 8.0864143371582 8.3798770904541 8.6972074508667 9.25472831726074 10.1721134185791 11.0472536087036 11.8342590332031 12.6588544845581 13.3381004333496 13.4413709640503 12.9690608978271 -99.9 -99.9 -99.9 -99.9 -99.9 -99.9 -99.9 -99.9 -99.9 -99.9 -99.9
19.6017360687256 22.6136169433594 25.9482765197754 28.4793815612793 30.2518558502197 30.7300338745117 29.9551086425781 27.8815402984619 26.7948932647705 18.7324485778809 18.7324485778809 24.4511642456055 24.4511642456055 23.141206741333 21.6773853302002 20.1148834228516 19.4247570037842 19.1451606750488 18.8298110961914 18.5607776641846 16.2974052429199 13.2619924545288 11.4688663482666 10.1803550720215 9.15587711334229 8.43138217926025 7.9466667175293 7.66330146789551 7.50627326965332 7.42153120040894 7.38059234619141 7.42187547683716 7.52067804336548 7.65304040908813 7.7850399017334 7.92313432693481 8.11372470855713 8.35555267333984 8.58787631988525 8.81942272186279 9.13480377197266 9.59040927886963 10.2599811553955 10.9678773880005 11.6073131561279 12.0305967330933 12.0928297042847 11.9285182952881 -99.9 -99.9 -99.9 -99.9 -99.9 -99.9 -99.9 -99.9 -99.9 -99.9 -99.9
53.4031791687012 54.6247634887695 49.9745941162109 46.3737373352051 41.263542175293 38.2324981689453 38.2324981689453 33.6167755126953 33.6167755126953 31.6999206542969 29.4836044311523 29.3382778167725 27.6393814086914 24.7221565246582 24.1365242004395 24.1365242004395 21.3023681640625 21.9155693054199 20.1679344177246 19.5568523406982 17.9945774078369 19.9413890838623 15.1668672561646 13.5724124908447 21.0968112945557 10.1900053024292 16.6052055358887 8.59542179107666 14.0300731658936 8.00694847106934 8.00669384002686 8.11585807800293 8.2127857208252 8.27265644073486 8.37839603424072 8.54311847686768 8.72800731658936 8.93283367156982 9.10598182678223 9.21072578430176 9.31047821044922 9.41211414337158 9.64918041229248 10.3706283569336 10.9019746780396 11.2181100845337 11.3925971984863 -99.9 -99.9 -99.9 -99.9 -99.9 -99.9 -99.9 -99.9 -99.9 -99.9 -99.9 -99.9
37.233757019043 44.979549407959 49.9745941162109 30.3604564666748 41.263542175293 38.536750793457 35.3581466674805 35.3581466674805 33.2944831848145 31.6999206542969 28.6996555328369 29.3382778167725 27.692476272583 27.0090045928955 25.6652889251709 23.7926502227783 23.2110042572021 21.9155693054199 21.3444023132324 19.5568523406982 19.236780166626 19.9413890838623 20.0254364013672 20.7570209503174 21.0968112945557 19.4327869415283 16.6052055358887 16.5393676757812 14.0300731658936 14.8985919952393 13.6923637390137 14.8020391464233 13.6331357955933 11.7729349136353 11.3914070129395 9.25118446350098 11.8781290054321 16.9090251922607 20.2847995758057 25.0793704986572 9.71900081634521 24.8439807891846 24.8439807891846 10.4374580383301 17.840612411499 10.8870811462402 16.1099014282227 11.8852758407593 16.4496650695801 10.8847637176514 -99.9 -99.9 -99.9 -99.9 -99.9 -99.9 -99.9 -99.9 -99.9
35.8104934692383 55.8647499084473 44.9665412902832 41.3872909545898 39.4716453552246 36.8567657470703 34.2913017272949 34.9045219421387 30.7814388275146 26.1714420318604 28.5360527038574 22.74338722229 25.0848941802979 21.3238945007324 21.0734672546387 21.7133617401123 20.6322422027588 20.5728130340576 22.3100910186768 21.4236221313477 21.7916240692139 19.9761257171631 19.9761257171631 22.8345603942871 19.5311393737793 19.5311393737793 17.6683979034424 17.6683979034424 16.3259811401367 14.8985919952393 9.88860702514648 14.8020391464233 13.6331357955933 9.77748584747314 11.3914070129395 9.97049140930176 11.8781290054321 10.1182641983032 20.2847995758057 25.0793704986572 26.5203227996826 24.8439807891846 23.4097766876221 21.2131977081299 17.840612411499 15.2006778717041 16.1099014282227 -99.9 16.4496650695801 -99.9 -99.9 -99.9 -99.9 -99.9 -99.9 -99.9 -99.9 -99.9 -99.9
41.2312850952148 40.068473815918 43.8169174194336 40.462833404541 40.616268157959 38.4524383544922 36.983699798584 37.3493843078613 34.7864646911621 33.0706367492676 29.2959365844727 27.0253639221191 24.6889171600342 25.0112724304199 25.0112724304199 23.3926429748535 21.4899806976318 20.5728130340576 21.949369430542 21.4236221313477 22.2344779968262 22.2344779968262 22.6279163360596 22.8345603942871 20.2793102264404 19.176399230957 19.176399230957 19.6965560913086 16.3259811401367 19.6905136108398 19.5931015014648 18.4861145019531 19.3401317596436 18.3991622924805 16.9149379730225 17.5592975616455 20.8704357147217 21.5577735900879 37.5720062255859 32.9112281799316 52.330623626709 44.7541847229004 44.7541847229004 11.3811092376709 44.8373947143555 54.7321014404297 54.7321014404297 -99.9 -99.9 -99.9 -99.9 -99.9 -99.9 -99.9 -99.9 -99.9 -99.9 -99.9 -99.9
42.0549011230469 46.3378524780273 47.1405258178711 47.6416053771973 53.9834442138672 47.9192352294922 44.3688545227051 39.5049095153809 37.0739784240723 33.9944610595703 32.0587158203125 30.3477745056152 29.75439453125 26.3044738769531 24.5778617858887 23.8929653167725 23.8929653167725 22.2602996826172 22.1701583862305 22.2187442779541 22.8915138244629 23.1445446014404 23.675708770752 25.2641925811768 22.9245319366455 21.9557056427002 20.4850788116455 22.005672454834 21.4153118133545 20.6574592590332 21.3536281585693 21.8088302612305 20.2429943084717 18.1363925933838 18.1363925933838 16.3820304870605 11.9046106338501 21.5577735900879 11.8671207427979 32.9112281799316 40.2987670898438 40.2987670898438 34.9455375671387 28.0268440246582 44.8373947143555 34.0030822753906 39.6393890380859 -99.9 -99.9 -99.9 -99.9 -99.9 -99.9 -99.9 -99.9 -99.9 -99.9 -99.9 -99.9
57.2158355712891 62.361213684082 79.0135269165039 92.6655502319336 76.6261520385742 70.4323272705078 56.5787086486816 47.2846374511719 41.6504974365234 36.8758087158203 34.8423461914062 34.2383651733398 31.6158275604248 28.4411945343018 28.6735439300537 25.9321365356445 24.7669105529785 23.260383605957 22.178768157959 22.383939743042 22.8321685791016 25.9311447143555 25.9016494750977 25.9016494750977 24.0449333190918 24.1827354431152 22.1348915100098 22.1348915100098 22.5957145690918 18.0574245452881 18.0574245452881 21.8088302612305 21.5556888580322 21.5556888580322 20.5517425537109 20.3101596832275 20.3101596832275 20.7866039276123 18.8269824981689 23.1861343383789 24.6714515686035 29.2737274169922 27.5292873382568 30.1447448730469 30.4899711608887 27.8706111907959 37.5414657592773 31.5673370361328 -99.9 -99.9 -99.9 -99.9 -99.9 -99.9 -99.9 -99.9 -99.9 -99.9 -99.9
57.4948463439941 59.3780059814453 -99.9 -99.9 117.112648010254 70.3787689208984 54.9115715026855 48.2937622070312 45.2420196533203 41.9480438232422 37.1772003173828 37.7774314880371 33.8991317749023 31.798583984375 28.7718658447266 26.942081451416 26.0802059173584 24.6166133880615 23.8670349121094 24.8708896636963 22.8431377410889 23.3009052276611 24.3846416473389 24.7068252563477 22.707576751709 24.705680847168 22.3519725799561 21.3912010192871 21.0000438690186 21.0000438690186 20.775785446167 22.5068206787109 21.3898029327393 23.6221408843994 23.7502040863037 18.571460723877 19.7645416259766 16.674711227417 17.8676490783691 21.0703048706055 22.8403224945068 26.6399307250977 26.6399307250977 25.9557971954346 26.8763198852539 26.8763198852539 27.4351692199707 28.7411880493164 -99.9 -99.9 -99.9 -99.9 -99.9 -99.9 -99.9 -99.9 -99.9 -99.9 -99.9
25.8447799682617 -99.9 -99.9 51.7409286499023 56.3459587097168 51.9111213684082 45.983211517334 46.5577697753906 53.6709938049316 51.5289421081543 45.0960311889648 39.9415855407715 33.4322357177734 33.6945114135742 28.7418251037598 27.6561794281006 26.4411964416504 26.9715919494629 27.2783203125 26.3865242004395 25.1616363525391 24.0598621368408 23.276237487793 23.6259098052979 21.931941986084 22.5100994110107 23.7863521575928 21.9225044250488 21.8735046386719 22.8634967803955 21.8653182983398 23.6837749481201 24.1754665374756 25.1298503875732 25.1753025054932 20.0403842926025 17.6374588012695 17.6374588012695 19.0700283050537 19.7336711883545 24.5673370361328 24.7249584197998 29.3346939086914 27.3335952758789 29.3036193847656 26.9991493225098 29.6597461700439 32.0026893615723 36.328914642334 -99.9 -99.9 -99.9 -99.9 -99.9 -99.9 -99.9 -99.9 -99.9 -99.9
-99.9 -99.9 13.5895614624023 44.235408782959 53.6496238708496 42.2527160644531 44.3075981140137 46.1953201293945 44.0639877319336 44.0073127746582 42.4065361022949 36.5256042480469 35.4695205688477 33.1949844360352 31.8538360595703 30.0368480682373 28.0179138183594 28.6026248931885 28.4990673065186 27.6730785369873 25.9173946380615 24.098237991333 24.1098461151123 23.6492919921875 22.7670974731445 23.2175960540771 23.3228187561035 23.5595436096191 23.6207141876221 24.6742877960205 25.5702819824219 25.3196601867676 24.860387802124 27.4254360198975 26.4343414306641 25.7449398040771 20.1059970855713 17.194055557251 18.5796661376953 19.1521968841553 22.3932018280029 25.4248733520508 25.454029083252 27.3335952758789 25.9669075012207 24.6244792938232 26.1908321380615 26.9772205352783 -99.9 -99.9 -99.9 -99.9 -99.9 -99.9 -99.9 -99.9 -99.9 -99.9 -99.9
-99.9 -99.9 28.9219551086426 58.3927917480469 64.8008041381836 47.8315010070801 45.3892021179199 42.1667594909668 41.340690612793 39.571460723877 35.0703125 32.6049423217773 32.7339973449707 33.382381439209 32.5167579650879 30.3697090148926 28.7437686920166 27.3987884521484 27.1196422576904 25.5347843170166 24.9692211151123 24.7660484313965 25.2190322875977 24.5480823516846 24.543384552002 24.7247619628906 25.1240730285645 24.8767356872559 25.5026893615723 25.9454135894775 26.7601108551025 26.2589359283447 25.2282199859619 27.0311336517334 27.1443099975586 25.7449398040771 20.9272899627686 17.9676990509033 18.5796661376953 19.6174793243408 21.6015396118164 25.0488872528076 26.1121292114258 24.9238624572754 25.1990127563477 23.4087371826172 23.6980133056641 22.0222263336182 24.2248687744141 -99.9 -99.9 -99.9 -99.9 -99.9 -99.9 -99.9 -99.9 -99.9 -99.9
-99.9 39.6367225646973 36.8324813842773 54.1976432800293 52.0533447265625 43.5430717468262 42.1982955932617 40.463451385498 39.6254234313965 37.5178260803223 32.6205291748047 30.4865341186523 31.753532409668 33.5438613891602 32.9234352111816 30.944896697998 25.8399391174316 24.0944194793701 23.6081466674805 23.9661655426025 24.8737392425537 25.4256057739258 26.9872150421143 26.8440742492676 27.3858699798584 26.5092372894287 26.7038078308105 25.9600696563721 26.0331382751465 25.8020763397217 25.7922077178955 24.8591785430908 24.7255821228027 24.6150074005127 25.7423896789551 24.3966655731201 20.1170082092285 19.0296859741211 18.7556304931641 19.6805458068848 21.2914028167725 24.584077835083 26.5014572143555 28.2058124542236 25.1990127563477 23.7352199554443 23.641544342041 20.3556308746338 22.6071472167969 -99.9 -99.9 -99.9 -99.9 -99.9 -99.9 -99.9 -99.9 -99.9 -99.9
-99.9 28.9360065460205 36.6251220703125 40.7816009521484 38.030086517334 34.3397331237793 37.4084510803223 37.335277557373 35.9636726379395 34.5372123718262 32.2461776733398 29.4615859985352 28.7562465667725 29.7176685333252 29.6857261657715 28.3865585327148 26.2449588775635 25.0728034973145 24.9809303283691 24.60280418396 25.8305149078369 28.4562568664551 29.1960830688477 29.1467266082764 28.8515224456787 27.6620502471924 27.2652816772461 27.0196418762207 26.2341136932373 25.6581840515137 25.6022167205811 24.6413516998291 23.5690994262695 23.7149658203125 24.2437019348145 22.8122138977051 20.58349609375 20.3779907226562 18.8914661407471 19.5303516387939 21.2954273223877 25.6562480926514 26.9730377197266 28.5366725921631 26.4630317687988 27.2198619842529 24.3067455291748 19.062292098999 19.627950668335 22.800350189209 -99.9 26.2296390533447 -99.9 -99.9 -99.9 -99.9 -99.9 -99.9 0.177228659391403
13.20751953125 34.1201324462891 51.3739624023438 43.5709228515625 38.6009902954102 37.6042861938477 38.9775199890137 32.8491401672363 34.0376739501953 33.6175346374512 31.8546943664551 27.9129371643066 30.338415145874 29.7382411956787 31.706672668457 29.8804035186768 29.6476364135742 29.596752166748 27.6484260559082 30.3098430633545 32.2480506896973 29.5589733123779 30.9713611602783 30.0473022460938 29.1821403503418 28.8384532928467 26.541748046875 26.1870880126953 25.5353317260742 24.7160873413086 24.8988075256348 24.3704223632812 23.0244083404541 23.052116394043 22.9615020751953 22.8314819335938 21.5115623474121 20.0635280609131 18.4568862915039 19.158332824707 21.254861831665 25.212230682373 28.8237342834473 30.1604042053223 28.5053787231445 26.891019821167 25.4494113922119 19.7674922943115 21.8111553192139 23.0836219787598 -99.9 -99.9 62.8241577148438 -99.9 -99.9 -99.9 -99.9 0.851415872573853 -99.9
43.7067070007324 52.7822151184082 43.478572845459 37.955493927002 36.2090454101562 36.0467109680176 32.4347114562988 32.6045265197754 32.857666015625 31.9309597015381 33.2876777648926 34.1441383361816 34.2932548522949 33.9929008483887 32.5888214111328 32.4862976074219 32.2685241699219 31.909158706665 32.3136787414551 32.2224540710449 32.1918907165527 32.644962310791 32.0152893066406 31.1434192657471 29.6561527252197 28.3643856048584 27.2241497039795 26.5995082855225 25.5270347595215 25.0135192871094 24.0692119598389 23.4015274047852 22.3007030487061 22.782995223999 22.960075378418 22.6177101135254 21.5550117492676 20.3509082794189 18.8391456604004 19.0493240356445 22.9638862609863 26.1237316131592 29.2585296630859 30.1661643981934 29.1324996948242 28.6112270355225 22.3682384490967 20.7121505737305 17.6791019439697 25.975643157959 25.445987701416 -99.9 -99.9 -99.9 -99.9 -99.9 -99.9 -99.9 -99.9
109.89045715332 52.1108283996582 41.4242095947266 37.1485443115234 35.350902557373 32.1821479797363 28.7797107696533 30.8194236755371 29.9225158691406 29.9355068206787 32.7466506958008 32.7554130554199 32.9053115844727 32.7309761047363 31.6158485412598 31.0771827697754 31.7568645477295 31.8859386444092 32.082935333252 32.0711135864258 32.1957321166992 32.6152458190918 31.6663036346436 30.0088958740234 29.1433544158936 27.880859375 25.7699089050293 25.0109596252441 24.3333644866943 24.0643291473389 23.2943305969238 22.8646621704102 22.473051071167 22.1278285980225 22.8601341247559 22.3919296264648 22.0112247467041 22.0444641113281 20.9821262359619 21.365852355957 24.324577331543 28.4923763275146 29.1885757446289 30.8721027374268 28.7963466644287 25.7349472045898 23.3005332946777 22.4894256591797 20.9037914276123 22.0783882141113 -99.9 -99.9 -99.9 -99.9 -99.9 -99.9 -99.9 -99.9 -99.9
74.1063919067383 55.5648918151855 41.7725868225098 35.6114959716797 32.4452590942383 31.9308376312256 31.9183101654053 33.1510772705078 30.9177932739258 31.3555965423584 32.3334732055664 31.1401805877686 31.4034881591797 31.8239345550537 31.1491641998291 30.4677753448486 30.6849575042725 31.7125778198242 31.5750885009766 32.1200294494629 32.1771430969238 31.97678565979 29.6120223999023 28.1373157501221 27.1713447570801 25.7458629608154 24.7602863311768 24.3918743133545 23.6744022369385 23.2212333679199 22.8736190795898 22.3186740875244 21.8641338348389 21.5198040008545 21.8789863586426 21.9212265014648 23.1034126281738 22.0795822143555 22.4626808166504 24.9942569732666 28.2840938568115 30.7347545623779 30.9453544616699 29.3541603088379 28.1378002166748 27.2519416809082 25.0881061553955 22.3049011230469 24.5170364379883 23.3007183074951 24.9858531951904 -99.9 -99.9 -99.9 -99.9 -99.9 -99.9 -99.9 -99.9
69.8185653686523 57.8752784729004 50.6594657897949 44.7630424499512 39.06689453125 36.4348373413086 34.4957809448242 33.1937103271484 33.4770927429199 33.810417175293 33.7244338989258 32.0373229980469 33.6591987609863 34.9527816772461 33.4993286132812 33.3966751098633 33.029411315918 32.9628257751465 33.0536689758301 32.5946960449219 32.3474159240723 31.6222229003906 30.4286155700684 27.3787803649902 26.5285663604736 25.4490833282471 24.1193351745605 24.0413722991943 22.4274406433105 22.1130466461182 22.777811050415 22.4981212615967 21.8632297515869 21.7352848052979 22.1456489562988 22.9992523193359 23.1995010375977 25.6010093688965 26.7400302886963 28.7140712738037 30.9023742675781 30.5594348907471 28.6582736968994 28.4981498718262 26.7486896514893 28.4285202026367 27.6073703765869 22.202917098999 24.6167449951172 22.5115528106689 25.8663768768311 30.3613605499268 -99.9 -99.9 -99.9 -99.9 -99.9 -99.9 -99.9
