fish_book/data/sediment/Wilson_et_al_2017_data_files_asc/TidalVelMax.asc
NCOLS 200
NROWS 150
XLLCORNER -16
YLLCORNER 44
CELLSIZE 0.125
NODATA_VALUE -99.9
[rows 78 to 103 of 150, columns 59 to 117 of 200]
-99.9 -99.9 -99.9 -99.9 -99.9 -99.9 -99.9 -99.9 -99.9 -99.9 -99.9 -99.9 -99.9 -99.9 -99.9 -99.9 -99.9 -99.9 -99.9 -99.9 -99.9 152.94807434082 145.466903686523 168.73323059082 172.397598266602 172.4169921875 157.674514770508 151.813018798828 156.016098022461 155.239379882812 150.520095825195 120.278335571289 -99.9 -99.9 -99.9 -99.9 -99.9 -99.9 -99.9 -99.9 -99.9 -99.9 -99.9 -99.9 -99.9 -99.9 -99.9 -99.9 -99.9 -99.9 -99.9 -99.9 -99.9 -99.9 -99.9 -99.9 -99.9 -99.9 -99.9
-99.9 -99.9 -99.9 -99.9 -99.9 -99.9 -99.9 -99.9 -99.9 -99.9 -99.9 -99.9 -99.9 -99.9 -99.9 -99.9 -99.9 -99.9 -99.9 -99.9 101.207496643066 122.382446289062 160.941070556641 163.439590454102 160.301483154297 157.261978149414 165.808471679688 161.777069091797 161.491058349609 167.805862426758 229.830291748047 -99.9 -99.9 115.56494140625 81.4283981323242 79.0950546264648 -99.9 -99.9 -99.9 -99.9 -99.9 -99.9 -99.9 -99.9 -99.9 -99.9 -99.9 -99.9 -99.9 -99.9 -99.9 -99.9 -99.9 -99.9 -99.9 -99.9 -99.9 -99.9 -99.9
-99.9 -99.9 -99.9 -99.9 -99.9 -99.9 -99.9 -99.9 -99.9 -99.9 -99.9 -99.9 -99.9 -99.9 -99.9 -99.9 -99.9 -99.9 -99.9 -99.9 90.9537506103516 125.799934387207 148.368255615234 152.810806274414 153.650100708008 152.456787109375 151.354644775391 146.287216186523 137.86604309082 131.145599365234 127.962814331055 100.357292175293 76.9814071655273 83.7031784057617 112.709159851074 114.784339904785 -99.9 -99.9 -99.9 -99.9 -99.9 -99.9 -99.9 -99.9 -99.9 -99.9 -99.9 -99.9 -99.9 -99.9 -99.9 -99.9 -99.9 -99.9 -99.9 -99.9 -99.9 -99.9 -99.9
-99.9 -99.9 -99.9 -99.9 -99.9 -99.9 -99.9 -99.9 -99.9 -99.9 -99.9 -99.9 -99.9 -99.9 -99.9 -99.9 -99.9 -99.9 -99.9 -99.9 126.196853637695 133.779312133789 141.083068847656 144.640640258789 150.053070068359 144.727905273438 136.232833862305 131.713958740234 125.981742858887 120.313362121582 102.027946472168 78.9039611816406 65.3526458740234 59.9479560852051 74.1335678100586 98.6440048217773 -99.9 -99.9 -99.9 -99.9 -99.9 -99.9 -99.9 -99.9 -99.9 -99.9 -99.9 -99.9 -99.9 -99.9 -99.9 -99.9 -99.9 -99.9 -99.9 -99.9 -99.9 -99.9 -99.9
-99.9 -99.9 -99.9 -99.9 -99.9 -99.9 -99.9 -99.9 -99.9 -99.9 -99.9 -99.9 -99.9 -99.9 -99.9 -99.9 -99.9 -99.9 -99.9 78.7130279541016 133.227569580078 142.002807617188 145.527038574219 145.821502685547 145.717071533203 146.51838684082 142.413909912109 131.306838989258 116.686645507812 103.011184692383 90.5963439941406 73.6689453125 66.8530197143555 66.5476837158203 60.8116836547852 68.6843643188477 -99.9 -99.9 -99.9 -99.9 -99.9 -99.9 -99.9 -99.9 -99.9 -99.9 -99.9 -99.9 -99.9 -99.9 -99.9 -99.9 -99.9 -99.9 -99.9 -99.9 -99.9 -99.9 -99.9
-99.9 -99.9 -99.9 -99.9 -99.9 -99.9 -99.9 -99.9 -99.9 -99.9 -99.9 -99.9 -99.9 -99.9 -99.9 -99.9 -99.9 -99.9 100.77271270752 134.805877685547 167.879013061523 159.922897338867 151.686935424805 147.323806762695 146.653671264648 148.631439208984 144.798202514648 131.791137695312 117.738006591797 102.068542480469 84.7555313110352 75.4912872314453 71.8368759155273 69.3774261474609 69.2507553100586 -99.9 -99.9 -99.9 -99.9 -99.9 -99.9 -99.9 -99.9 -99.9 -99.9 -99.9 -99.9 -99.9 -99.9 -99.9 -99.9 -99.9 -99.9 -99.9 -99.9 -99.9 -99.9 -99.9 -99.9
-99.9 -99.9 -99.9 -99.9 -99.9 -99.9 -99.9 -99.9 -99.9 -99.9 -99.9 -99.9 -99.9 -99.9 -99.9 50.6411781311035 -99.9 -99.9 126.53946685791 159.805603027344 151.303253173828 152.614288330078 148.775451660156 147.860015869141 149.469192504883 146.263320922852 143.506561279297 134.055725097656 120.399070739746 100.867149353027 90.0661392211914 86.4282150268555 -99.9 -99.9 -99.9 -99.9 -99.9 -99.9 -99.9 -99.9 -99.9 -99.9 -99.9 -99.9 -99.9 -99.9 -99.9 -99.9 -99.9 -99.9 -99.9 -99.9 -99.9 -99.9 -99.9 -99.9 -99.9 -99.9 -99.9
-99.9 -99.9 -99.9 -99.9 -99.9 -99.9 -99.9 -99.9 -99.9 29.9163494110107 33.8950653076172 36.8707695007324 48.0827560424805 68.7224960327148 71.7079772949219 116.822746276855 103.049514770508 101.411010742188 122.093307495117 127.816337585449 139.021041870117 138.514373779297 142.064147949219 149.275161743164 154.147918701172 157.616485595703 150.967178344727 139.404174804688 140.967636108398 95.3850631713867 -99.9 -99.9 -99.9 -99.9 -99.9 -99.9 -99.9 -99.9 -99.9 -99.9 -99.9 -99.9 -99.9 -99.9 -99.9 -99.9 -99.9 -99.9 -99.9 -99.9 -99.9 -99.9 -99.9 -99.9 -99.9 -99.9 -99.9 -99.9 -99.9
-99.9 -99.9 -99.9 -99.9 -99.9 -99.9 -99.9 -99.9 39.0926094055176 35.5805397033691 36.2765998840332 44.0637969970703 52.8380165100098 60.5477409362793 67.477294921875 70.2031784057617 86.6316452026367 93.6511154174805 97.6946792602539 105.359130859375 118.47631072998 122.738891601562 133.354568481445 149.065536499023 159.791564941406 185.73957824707 241.299285888672 -99.9 -99.9 -99.9 -99.9 -99.9 -99.9 -99.9 -99.9 -99.9 -99.9 -99.9 -99.9 -99.9 -99.9 -99.9 -99.9 -99.9 -99.9 -99.9 -99.9 -99.9 -99.9 -99.9 -99.9 -99.9 -99.9 -99.9 -99.9 -99.9 -99.9 -99.9 -99.9
-99.9 -99.9 -99.9 -99.9 -99.9 48.4492416381836 48.7387237548828 48.7881088256836 45.7063484191895 41.519214630127 45.0107765197754 54.1464195251465 62.9296188354492 63.3187866210938 63.4193229675293 58.7301292419434 70.4768600463867 81.8289489746094 86.2929992675781 93.9990539550781 105.552398681641 106.848266601562 117.365547180176 130.860809326172 155.608978271484 176.228744506836 136.710586547852 37.2330322265625 -99.9 -99.9 -99.9 -99.9 -99.9 -99.9 -99.9 -99.9 -99.9 -99.9 -99.9 -99.9 -99.9 -99.9 -99.9 -99.9 -99.9 -99.9 -99.9 -99.9 -99.9 -99.9 -99.9 -99.9 -99.9 -99.9 -99.9 -99.9 -99.9 -99.9 -99.9
-99.9 -99.9 58.7083625793457 48.2441253662109 52.7496910095215 54.747730255127 54.1665573120117 48.4834175109863 44.4839782714844 44.5006904602051 52.6879348754883 55.6919326782227 53.9358787536621 56.0059547424316 53.8022766113281 53.7638931274414 59.5184211730957 72.8076171875 81.2011566162109 87.0352401733398 88.4935531616211 94.1653671264648 103.403816223145 117.526832580566 118.564765930176 131.966262817383 151.538101196289 -99.9 -99.9 -99.9 -99.9 -99.9 90.5390319824219 119.598075866699 -99.9 -99.9 -99.9 -99.9 -99.9 -99.9 -99.9 -99.9 -99.9 -99.9 -99.9 -99.9 -99.9 -99.9 -99.9 -99.9 -99.9 -99.9 -99.9 -99.9 -99.9 -99.9 -99.9 -99.9 -99.9
66.2646484375 56.2273292541504 68.5789642333984 62.8450660705566 57.8043403625488 53.7903594970703 51.036735534668 49.1318244934082 49.9684906005859 50.8625373840332 51.2717628479004 49.6616058349609 47.2625694274902 48.4069557189941 49.4763374328613 50.246337890625 57.6522789001465 64.1586380004883 70.7538604736328 73.7355422973633 84.2307434082031 81.4740447998047 84.7229995727539 89.6915817260742 90.6547470092773 100.75154876709 105.578163146973 108.366348266602 122.123512268066 132.54035949707 114.052215576172 101.453598022461 95.0908889770508 78.4658203125 -99.9 -99.9 -99.9 87.2533416748047 -99.9 -99.9 -99.9 -99.9 -99.9 -99.9 -99.9 -99.9 -99.9 -99.9 -99.9 -99.9 -99.9 -99.9 -99.9 -99.9 -99.9 -99.9 -99.9 -99.9 -99.9
65.8381271362305 64.0939788818359 61.0025672912598 58.8200416564941 56.1040802001953 55.9240646362305 54.2769393920898 53.5558738708496 54.2245254516602 54.4123954772949 53.6141700744629 51.2084350585938 48.7217674255371 49.805290222168 54.6156616210938 53.7106666564941 59.2269477844238 56.7729759216309 59.941951751709 64.3163299560547 68.3784942626953 65.0500564575195 64.3871994018555 69.5913162231445 74.2922821044922 76.890007019043 84.2946166992188 93.9094009399414 102.815200805664 104.781890869141 109.321403503418 116.737037658691 119.828903198242 127.268608093262 125.675521850586 133.211029052734 138.194046020508 137.003036499023 138.785140991211 151.35530090332 -99.9 -99.9 -99.9 -99.9 134.582763671875 191.518829345703 -99.9 -99.9 -99.9 -99.9 -99.9 -99.9 -99.9 -99.9 -99.9 -99.9 -99.9 -99.9 -99.9
61.7806930541992 61.2605590820312 59.8324356079102 59.1557502746582 57.8552551269531 57.1870498657227 54.7233619689941 54.6888198852539 54.6154327392578 54.0421676635742 54.9547958374023 55.1505699157715 53.9084205627441 51.728832244873 53.6402053833008 54.1374397277832 54.0564193725586 56.1248054504395 54.3563957214355 55.8959922790527 59.6120681762695 55.5631332397461 59.3026275634766 60.733024597168 66.4418106079102 71.4487533569336 78.532958984375 84.5344085693359 91.1658782958984 101.832138061523 108.969650268555 118.152191162109 127.835342407227 142.360870361328 143.196990966797 165.199645996094 171.67756652832 193.243576049805 209.680648803711 227.937240600586 223.493408203125 198.325119018555 199.355239868164 167.632629394531 114.952461242676 -99.9 -99.9 -99.9 -99.9 -99.9 -99.9 -99.9 -99.9 -99.9 -99.9 -99.9 -99.9 -99.9 -99.9
58.3283767700195 58.1247749328613 58.7722434997559 58.4064750671387 57.5551071166992 56.3910522460938 56.1150856018066 55.4145393371582 55.0008659362793 55.7027931213379 57.7964897155762 56.0566673278809 56.1708297729492 60.0716590881348 58.1268272399902 58.9409523010254 57.0068664550781 55.460205078125 55.0353050231934 54.0323638916016 58.0327033996582 57.5112152099609 60.9631042480469 62.7215957641602 67.1428756713867 72.1603012084961 77.8323822021484 81.7274627685547 87.3839874267578 97.4388580322266 101.82884979248 142.623123168945 131.783187866211 138.089630126953 144.911148071289 -99.9 -99.9 -99.9 -99.9 -99.9 -99.9 -99.9 -99.9 -99.9 -99.9 -99.9 -99.9 -99.9 -99.9 -99.9 -99.9 -99.9 -99.9 -99.9 -99.9 -99.9 -99.9 -99.9 -99.9
57.5908546447754 57.6762809753418 57.6782608032227 57.455883026123 57.0890731811523 56.8365364074707 57.4039573669434 57.8056297302246 59.4859962463379 57.2214775085449 57.9031410217285 58.1376914978027 59.0412559509277 64.1498107910156 62.3039817810059 64.8911972045898 60.3609466552734 61.5705032348633 58.1518669128418 57.2942390441895 61.587589263916 63.8284721374512 66.224739074707 71.6791381835938 68.774055480957 73.092414855957 77.9976806640625 81.3038711547852 84.1228332519531 93.0562286376953 105.461524963379 125.418655395508 160.688354492188 114.817802429199 58.7686309814453 -99.9 -99.9 -99.9 -99.9 -99.9 -99.9 -99.9 -99.9 -99.9 -99.9 -99.9 -99.9 -99.9 -99.9 -99.9 -99.9 -99.9 -99.9 -99.9 -99.9 -99.9 -99.9 -99.9 -99.9
56.5515441894531 59.9001731872559 64.1349563598633 58.4015007019043 58.3787574768066 58.4466438293457 59.619686126709 58.985424041748 59.841365814209 60.7408294677734 59.9536323547363 62.190673828125 62.1690483093262 63.0681076049805 64.9702377319336 65.2714004516602 64.1490631103516 65.7216491699219 63.6941032409668 65.2245788574219 68.7491455078125 69.6661682128906 72.112434387207 71.4270324707031 72.8218765258789 75.3830032348633 77.5815811157227 80.4561309814453 82.3364562988281 87.8484344482422 92.7332534790039 116.182762145996 -99.9 -99.9 -99.9 -99.9 -99.9 -99.9 -99.9 -99.9 -99.9 -99.9 -99.9 -99.9 -99.9 -99.9 -99.9 -99.9 -99.9 -99.9 -99.9 -99.9 -99.9 -99.9 -99.9 -99.9 -99.9 -99.9 -99.9
55.802864074707 57.4211158752441 62.4054374694824 62.1034927368164 60.0611343383789 63.7699127197266 62.6203460693359 60.4378204345703 62.627124786377 61.7967185974121 62.5519866943359 63.724781036377 65.3071594238281 65.7156143188477 69.9114837646484 70.4511413574219 68.5678329467773 70.8348693847656 69.3827514648438 70.2527847290039 73.3609848022461 75.9523010253906 76.0358352661133 77.6192016601562 80.778923034668 81.4755172729492 80.5847396850586 79.7781372070312 79.5699844360352 78.0525512695312 75.8615036010742 71.6020660400391 -99.9 -99.9 -99.9 -99.9 -99.9 -99.9 -99.9 -99.9 -99.9 -99.9 -99.9 -99.9 -99.9 -99.9 -99.9 -99.9 -99.9 -99.9 -99.9 -99.9 -99.9 -99.9 -99.9 -99.9 -99.9 -99.9 -99.9
60.2198257446289 58.7523994445801 59.6555137634277 61.6297912597656 64.9347229003906 64.3270874023438 61.6062812805176 64.0216751098633 65.5650482177734 66.4349899291992 65.1655654907227 64.2139205932617 64.9672470092773 66.4815292358398 70.0786819458008 72.4546813964844 75.9868927001953 75.5820693969727 73.8093109130859 78.5876922607422 83.7850723266602 81.658317565918 84.1795654296875 82.6437759399414 83.5391845703125 83.4412460327148 83.32958984375 86.6935195922852 83.8804779052734 76.3860168457031 71.4581985473633 -99.9 -99.9 -99.9 -99.9 -99.9 -99.9 -99.9 -99.9 -99.9 -99.9 -99.9 -99.9 -99.9 -99.9 -99.9 -99.9 -99.9 -99.9 -99.9 -99.9 -99.9 -99.9 -99.9 58.1548728942871 55.5580062866211 87.9750900268555 -99.9 -99.9
69.3915176391602 66.1221313476562 65.3276290893555 65.9185638427734 66.703254699707 64.2130584716797 63.8786659240723 64.4879150390625 65.7664108276367 67.9170227050781 67.3361206054688 66.2782363891602 67.2548522949219 68.5680236816406 73.6038208007812 78.9371032714844 81.5585250854492 76.9632415771484 79.9293365478516 84.9760055541992 89.7410049438477 89.8861236572266 91.5390930175781 90.1105422973633 86.8540420532227 85.6184158325195 85.7025909423828 88.0470581054688 138.769515991211 -99.9 -99.9 -99.9 -99.9 -99.9 -99.9 -99.9 -99.9 -99.9 -99.9 -99.9 -99.9 31.8326301574707 40.2718505859375 45.0473365783691 49.579761505127 55.4324684143066 61.9344673156738 71.4404907226562 72.7917556762695 -99.9 70.4612655639648 95.6810913085938 -99.9 145.616271972656 130.390029907227 114.483383178711 126.580352783203 129.664535522461 188.477554321289
69.1929473876953 74.3253021240234 63.1822280883789 63.5923461914062 63.8868637084961 64.0453567504883 65.9934158325195 67.9644927978516 70.2810516357422 69.6534652709961 70.6878356933594 68.697395324707 69.8430709838867 72.6931533813477 76.2357711791992 77.5729751586914 77.6138687133789 79.757698059082 83.6471176147461 92.3311080932617 98.80322265625 99.7732009887695 103.877136230469 99.4846649169922 96.5211868286133 87.6093673706055 83.1103363037109 85.3030624389648 -99.9 -99.9 -99.9 -99.9 -99.9 -99.9 -99.9 -99.9 -99.9 -99.9 -99.9 -99.9 -99.9 40.4562721252441 54.3243751525879 64.5481567382812 72.3246383666992 82.8569183349609 87.9767837524414 104.281295776367 133.269775390625 177.552398681641 160.434906005859 155.275909423828 163.600860595703 165.025405883789 159.415679931641 148.45930480957 147.854644775391 148.501495361328 159.070175170898
67.4303359985352 70.7918548583984 69.1296844482422 68.5731887817383 67.808235168457 77.9818572998047 73.0943984985352 71.986198425293 73.3744201660156 73.1382217407227 75.9178237915039 72.1991195678711 72.3916091918945 74.5530014038086 78.5473709106445 81.3071975708008 80.6926498413086 82.6369552612305 91.0948257446289 101.112701416016 106.362335205078 120.243194580078 140.636642456055 135.885208129883 121.106399536133 94.5025939941406 73.9739074707031 -99.9 -99.9 -99.9 -99.9 -99.9 -99.9 47.3121757507324 37.6117935180664 45.7585067749023 -99.9 -99.9 -99.9 -99.9 -99.9 79.0471115112305 79.9641647338867 81.0094528198242 91.1682586669922 110.455062866211 103.121643066406 114.411827087402 132.847137451172 151.652694702148 163.539916992188 167.588790893555 174.051727294922 173.392730712891 194.430358886719 190.631057739258 165.417861938477 170.228363037109 183.737945556641
69.8664779663086 71.3076705932617 69.4406814575195 66.8293533325195 71.1284027099609 82.833610534668 81.0309600830078 76.2619476318359 75.097900390625 76.3888168334961 73.7112274169922 74.4090118408203 77.5805892944336 81.7107315063477 82.8882064819336 84.7834243774414 84.5917205810547 88.1345596313477 89.2974395751953 96.8010482788086 107.145980834961 134.373519897461 159.021423339844 -99.9 -99.9 -99.9 -99.9 -99.9 -99.9 -99.9 61.3085594177246 53.0321655273438 55.3632049560547 62.1911010742188 65.092041015625 63.7149391174316 65.2047576904297 93.4570236206055 118.818870544434 127.880828857422 127.91854095459 110.896423339844 96.6161041259766 100.510894775391 107.470054626465 112.14143371582 125.048309326172 129.932540893555 140.560241699219 153.427230834961 163.822509765625 171.572738647461 177.423767089844 192.203094482422 193.809326171875 193.73551940918 175.319152832031 192.5029296875 185.069366455078
67.5362548828125 69.3794326782227 68.199951171875 74.1741638183594 87.4148483276367 78.8450927734375 73.9693908691406 70.9912490844727 68.8396301269531 72.8470306396484 77.1419677734375 78.3008270263672 80.0361785888672 82.7280731201172 88.859977722168 84.0695419311523 80.5368423461914 99.1125717163086 101.409339904785 95.3566513061523 104.625282287598 117.559112548828 146.105972290039 -99.9 -99.9 49.0174179077148 -99.9 -99.9 -99.9 71.1958923339844 73.7376937866211 72.1734313964844 70.7226486206055 74.1166305541992 76.8139038085938 77.226936340332 87.2167282104492 98.9926528930664 107.717597961426 116.321510314941 113.005279541016 108.628128051758 106.555770874023 109.956359863281 126.213432312012 123.957595825195 129.694931030273 140.987716674805 153.17041015625 168.182556152344 170.06657409668 175.481384277344 191.820190429688 199.600814819336 221.898803710938 200.902008056641 186.223785400391 187.968383789062 182.697052001953
73.0143280029297 68.1363830566406 64.2328872680664 74.6219253540039 85.9806442260742 96.5650100708008 81.0699462890625 70.1368637084961 74.1366806030273 69.3298873901367 75.1039276123047 75.63525390625 81.9245223999023 81.5445404052734 84.9020080566406 100.921997070312 86.4625396728516 121.814643859863 129.995300292969 129.424423217773 116.41667175293 93.1750946044922 83.9687271118164 106.349449157715 90.0379486083984 89.2485809326172 143.6630859375 164.837844848633 125.505340576172 104.825454711914 90.7463302612305 85.1841659545898 83.7554321289062 84.7081298828125 87.3310165405273 88.6411743164062 94.1135482788086 99.5582733154297 102.295822143555 107.274291992188 109.149070739746 108.208480834961 107.915939331055 112.129302978516 118.965454101562 137.587295532227 143.551223754883 149.961135864258 173.426391601562 179.218933105469 209.241119384766 182.368041992188 203.928909301758 221.235641479492 226.162567138672 208.383224487305 190.658248901367 198.909271240234 199.623672485352
69.4145584106445 71.1299667358398 63.6057281494141 71.2917556762695 79.7178192138672 83.7105560302734 79.4752044677734 67.7933578491211 70.219108581543 76.0965576171875 72.4128952026367 80.6964797973633 81.8379516601562 86.9078598022461 83.0239562988281 79.7112884521484 86.4772491455078 92.1041107177734 94.3641891479492 96.2653732299805 101.907623291016 74.0808715820312 79.4238433837891 85.0134811401367 88.0930786132812 94.7044372558594 108.786071777344 120.460868835449 112.513145446777 103.012504577637 99.1033248901367 94.3703918457031 93.0161743164062 92.8373718261719 94.4366226196289 97.152458190918 99.4376068115234 102.755630493164 104.363632202148 104.916069030762 110.778259277344 108.671730041504 110.185478210449 115.909980773926 122.890045166016 128.904708862305 155.67155456543 179.466659545898 208.197326660156 213.903472900391 218.138717651367 181.641098022461 191.844772338867 256.199798583984 219.800552368164 189.710098266602 187.552307128906 213.133331298828 212.880615234375
