fish_book/data/sediment/Wilson_et_al_2017_data_files_asc/TidalVelMax.asc
NCOLS 200
NROWS 150
XLLCORNER -16
YLLCORNER 44
CELLSIZE 0.125
NODATA_VALUE -99.9
[rows 104 to 129 of 150, columns 59 to 117 of 200]
63.5911903381348 70.0879898071289 68.07080078125 66.2768096923828 62.0130348205566 69.4694671630859 72.1996154785156 80.6412887573242 73.3554306030273 73.8101272583008 60.088451385498 67.1681594848633 77.3996810913086 71.5995788574219 82.3861846923828 85.0066604614258 85.1985244750977 82.6457061767578 81.1019592285156 75.0260314941406 76.418830871582 77.3934631347656 76.8954696655273 81.5147018432617 84.5051651000977 92.5963897705078 103.13508605957 108.975120544434 109.745513916016 101.923553466797 101.582321166992 100.483741760254 99.7302703857422 100.382415771484 101.743537902832 103.395141601562 105.364013671875 108.034942626953 107.629516601562 108.287414550781 110.5595703125 111.876335144043 106.406097412109 123.201484680176 125.665603637695 142.348968505859 152.813201904297 155.01252746582 120.058090209961 162.397003173828 153.467269897461 171.498596191406 274.6123046875 -99.9 -99.9 -99.9 88.7725830078125 -99.9 -99.9
63.0971641540527 68.0414199829102 70.0073928833008 72.9016952514648 70.9101028442383 73.2581253051758 77.7623672485352 80.4231033325195 73.2655258178711 71.6962661743164 70.2251739501953 69.7609176635742 78.0555725097656 77.6998291015625 80.2054595947266 81.6363677978516 96.4136810302734 89.3401260375977 88.1740188598633 80.4107971191406 79.6283569335938 82.6696929931641 84.2169952392578 86.5582809448242 86.8594284057617 90.2426147460938 98.6232528686523 111.942054748535 117.288040161133 110.691627502441 104.727897644043 108.663940429688 105.461402893066 106.004272460938 108.456420898438 110.09642791748 110.538459777832 112.597526550293 113.457191467285 113.741920471191 121.643501281738 122.931579589844 123.30150604248 120.983192443848 117.356376647949 120.481079101562 135.824523925781 182.748611450195 155.034652709961 156.904434204102 133.202194213867 133.226623535156 124.353096008301 117.620452880859 -99.9 -99.9 -99.9 -99.9 -99.9
62.3725357055664 64.1443023681641 66.5248947143555 69.0124130249023 69.3883209228516 68.5078887939453 70.0815963745117 75.7817077636719 75.2991638183594 74.2785110473633 74.1145477294922 75.6756744384766 75.668815612793 76.1598663330078 75.7768478393555 78.4238128662109 80.0249786376953 81.2759094238281 82.1266403198242 82.5735397338867 84.6723785400391 86.3670501708984 88.0679931640625 90.1471252441406 91.4721527099609 94.1006011962891 97.8427581787109 105.294296264648 114.422843933105 113.918144226074 112.226203918457 112.95539855957 113.306526184082 113.785385131836 115.274971008301 115.927490234375 117.025024414062 115.597145080566 123.407867431641 123.949897766113 117.417510986328 119.919769287109 118.181800842285 113.111457824707 105.702476501465 100.874389648438 137.138137817383 116.136703491211 -99.9 144.669906616211 151.439041137695 146.500106811523 102.431129455566 97.8344802856445 -99.9 -99.9 -99.9 -99.9 -99.9
64.2229385375977 65.0113983154297 67.1234741210938 68.3095474243164 67.0038146972656 68.8584060668945 71.1644515991211 72.0119552612305 72.8174057006836 73.1478958129883 74.1548690795898 75.3768692016602 77.592399597168 77.2941436767578 77.6695098876953 78.6812133789062 79.8103866577148 81.3468704223633 83.1800994873047 85.6082458496094 87.1859512329102 89.4402008056641 91.3525772094727 95.0460205078125 97.8015060424805 99.4633636474609 104.184440612793 108.376625061035 111.452476501465 115.84578704834 117.171318054199 118.280815124512 119.743507385254 120.148765563965 123.342185974121 124.52067565918 125.408912658691 122.603179931641 122.783882141113 127.537124633789 125.627891540527 126.488166809082 133.063552856445 134.103118896484 126.369026184082 130.889434814453 151.039932250977 173.679840087891 146.866912841797 144.273284912109 199.655578613281 151.958984375 223.009292602539 301.053985595703 224.738525390625 -99.9 -99.9 -99.9 -99.9
65.2337188720703 66.850212097168 67.7440643310547 68.5916061401367 68.1114349365234 68.0982818603516 70.2459259033203 71.2105026245117 72.3174743652344 72.4553527832031 75.3396911621094 76.691650390625 77.8266296386719 78.9521865844727 80.2279968261719 81.2785339355469 82.7294235229492 84.1284790039062 86.036750793457 87.6016693115234 91.2558135986328 92.9820327758789 96.6005783081055 98.4068450927734 101.807487487793 106.688346862793 110.664665222168 112.241889953613 115.524215698242 119.656425476074 120.805473327637 124.076942443848 126.774658203125 128.992462158203 129.732116699219 130.611602783203 130.885498046875 131.053192138672 132.826065063477 136.401290893555 138.825622558594 143.022750854492 147.681655883789 151.6357421875 150.401519775391 155.41828918457 175.052993774414 162.674179077148 135.820648193359 127.766540527344 133.172225952148 -99.9 -99.9 132.162551879883 132.746597290039 171.942733764648 -99.9 -99.9 -99.9
65.6729354858398 67.1026077270508 69.4445343017578 68.7642822265625 68.0105972290039 68.4963531494141 69.7886428833008 70.8220596313477 71.6509780883789 74.0777053833008 76.1260223388672 77.6121368408203 79.1451034545898 79.9572219848633 81.7094573974609 82.5204925537109 84.0718612670898 85.9022216796875 88.3156967163086 90.4067840576172 93.796989440918 98.0860366821289 102.796836853027 102.002937316895 107.191024780273 112.242652893066 115.504287719727 117.724639892578 123.014976501465 125.520660400391 128.387466430664 129.358673095703 135.730804443359 137.08544921875 136.606338500977 136.742630004883 136.836181640625 136.761077880859 141.508972167969 147.915557861328 152.542999267578 158.779968261719 165.743637084961 174.008743286133 174.830505371094 176.181747436523 244.879638671875 163.138916015625 148.163787841797 141.099670410156 153.016662597656 245.840377807617 215.857574462891 243.446166992188 133.246520996094 188.926544189453 -99.9 -99.9 -99.9
69.3650741577148 68.3373336791992 66.9509048461914 67.9978942871094 67.9902191162109 67.3769760131836 69.2807006835938 69.8164901733398 72.0260543823242 74.0215301513672 75.5385437011719 77.7224044799805 79.3976058959961 80.6669921875 82.4637298583984 83.9450836181641 86.0758743286133 89.10107421875 90.5700759887695 93.5604934692383 97.7045364379883 102.676696777344 107.43187713623 109.42650604248 112.024101257324 118.100509643555 123.506469726562 126.292297363281 131.107971191406 135.049179077148 138.122695922852 144.348785400391 143.769805908203 147.252975463867 145.792831420898 145.0908203125 144.34944152832 141.662094116211 144.177658081055 157.686309814453 167.837112426758 187.12956237793 163.100463867188 195.891815185547 238.616760253906 251.180755615234 231.839080810547 184.902450561523 168.563446044922 168.322021484375 209.618072509766 257.864074707031 135.767303466797 83.3351974487305 151.17121887207 154.032974243164 -99.9 -99.9 -99.9
70.3029403686523 69.4321441650391 67.6951522827148 68.4738235473633 68.1798553466797 67.1972427368164 69.4991302490234 69.6559753417969 70.2475433349609 73.2900466918945 74.6842651367188 77.1839294433594 80.8862457275391 81.0940704345703 83.7345352172852 85.1449279785156 86.5765838623047 90.1274795532227 91.1866149902344 95.0838928222656 102.736213684082 109.091529846191 110.210723876953 115.164749145508 124.048332214355 125.664558410645 131.245086669922 140.705429077148 144.011367797852 150.350845336914 156.739944458008 161.321975708008 161.13395690918 160.863433837891 151.819778442383 151.021560668945 174.825134277344 149.440032958984 135.235412597656 109.513984680176 -99.9 -99.9 -99.9 -99.9 -99.9 139.949691772461 140.205535888672 153.230529785156 154.269012451172 166.551681518555 205.142181396484 236.098602294922 227.743225097656 198.148056030273 181.222183227539 144.317794799805 -99.9 -99.9 -99.9
74.5618591308594 72.5776596069336 68.8458862304688 66.0463256835938 66.3856887817383 67.2287063598633 67.92431640625 67.7399826049805 71.3770751953125 72.4105606079102 74.1961441040039 75.3576507568359 77.9948577880859 83.3593215942383 85.9142684936523 87.243293762207 89.2882843017578 90.2038116455078 91.8460922241211 99.4344635009766 100.948417663574 109.116760253906 114.156913757324 121.941711425781 124.964981079102 137.785995483398 140.888900756836 164.128204345703 157.884628295898 170.17253112793 189.19499206543 201.419769287109 182.001724243164 136.776321411133 111.563354492188 -99.9 -99.9 -99.9 -99.9 -99.9 -99.9 -99.9 -99.9 -99.9 -99.9 -99.9 91.2967300415039 120.312553405762 74.2892456054688 114.178894042969 -99.9 136.856628417969 135.349945068359 -99.9 148.309356689453 588.488952636719 -99.9 -99.9 -99.9
72.6607894897461 71.0044784545898 69.4039306640625 65.1492233276367 62.6898994445801 63.5693664550781 66.100212097168 66.59130859375 67.4779815673828 71.7023544311523 74.1113433837891 77.8943634033203 81.3294525146484 86.2066497802734 91.1948471069336 95.4571228027344 105.763191223145 100.123916625977 95.1680908203125 93.9363021850586 102.845100402832 119.447059631348 127.015045166016 123.161628723145 134.580612182617 150.154602050781 168.706085205078 182.671249389648 164.007476806641 181.409561157227 223.210067749023 -99.9 -99.9 -99.9 -99.9 -99.9 -99.9 -99.9 -99.9 -99.9 -99.9 -99.9 -99.9 -99.9 -99.9 -99.9 -99.9 -99.9 -99.9 -99.9 -99.9 -99.9 -99.9 -99.9 -99.9 -99.9 -99.9 -99.9 -99.9
62.6022605895996 61.8290214538574 65.2027359008789 68.5991516113281 70.3114242553711 71.37109375 76.0441741943359 79.1825942993164 78.3419647216797 78.3354110717773 79.6310043334961 83.5996398925781 91.5160522460938 97.5218811035156 98.0598831176758 103.41039276123 118.664527893066 125.339721679688 110.958526611328 100.757438659668 110.545715332031 120.556686401367 116.42359161377 119.577674865723 127.759567260742 131.355209350586 134.310821533203 153.338195800781 181.144180297852 239.232574462891 301.242767333984 -99.9 -99.9 -99.9 -99.9 -99.9 -99.9 -99.9 -99.9 -99.9 -99.9 -99.9 -99.9 -99.9 -99.9 -99.9 -99.9 -99.9 -99.9 -99.9 -99.9 -99.9 -99.9 -99.9 -99.9 -99.9 -99.9 -99.9 -99.9
50.779411315918 54.1401710510254 61.9278335571289 68.3611755371094 71.7091903686523 74.0947189331055 77.3631973266602 80.2177124023438 80.597770690918 81.5219573974609 84.1867904663086 87.0167236328125 89.9523620605469 92.998161315918 94.9376754760742 99.4284591674805 109.042625427246 113.971420288086 113.414649963379 117.810005187988 131.094345092773 133.841644287109 123.971000671387 118.898193359375 118.094596862793 121.641807556152 129.052337646484 132.168441772461 133.164581298828 140.770202636719 251.705795288086 150.386642456055 -99.9 -99.9 -99.9 -99.9 -99.9 -99.9 -99.9 -99.9 -99.9 -99.9 -99.9 -99.9 -99.9 -99.9 -99.9 -99.9 -99.9 -99.9 -99.9 -99.9 -99.9 -99.9 -99.9 -99.9 -99.9 -99.9 -99.9
22.4352054595947 29.2252540588379 37.6986198425293 45.9272117614746 54.2856292724609 63.2279930114746 72.4944763183594 79.5468826293945 80.666618347168 81.8544082641602 84.726318359375 87.4032211303711 89.5917587280273 91.4933624267578 91.8989334106445 93.7829666137695 99.2309417724609 101.373504638672 101.187446594238 114.385284423828 132.713195800781 135.197082519531 122.817115783691 115.107414245605 112.068511962891 113.911254882812 120.356628417969 122.889175415039 123.417236328125 125.496406555176 124.882263183594 124.983177185059 124.654006958008 -99.9 -99.9 -99.9 -99.9 -99.9 -99.9 -99.9 -99.9 -99.9 -99.9 -99.9 -99.9 -99.9 -99.9 -99.9 -99.9 -99.9 -99.9 -99.9 -99.9 -99.9 -99.9 -99.9 -99.9 -99.9 -99.9
-99.9 -99.9 -99.9 29.0818672180176 36.7301216125488 48.4627304077148 64.2567825317383 78.0141067504883 80.6358947753906 82.8351211547852 86.4892883300781 90.6133880615234 94.6163177490234 96.8242263793945 96.0347290039062 95.0847549438477 94.6490478515625 89.6731796264648 84.2265167236328 96.0391464233398 115.454963684082 120.797119140625 113.471542358398 109.087646484375 107.095985412598 108.042007446289 111.859283447266 117.288475036621 127.49772644043 144.784774780273 187.491424560547 -99.9 -99.9 -99.9 -99.9 -99.9 -99.9 -99.9 -99.9 -99.9 -99.9 -99.9 -99.9 -99.9 -99.9 -99.9 -99.9 -99.9 -99.9 -99.9 -99.9 -99.9 -99.9 -99.9 -99.9 -99.9 -99.9 -99.9 -99.9
-99.9 -99.9 -99.9 -99.9 -99.9 29.3254203796387 36.1425285339355 44.1764640808105 53.725456237793 66.8522415161133 82.1308059692383 93.3004531860352 97.171760559082 99.3941192626953 98.2570877075195 95.7408218383789 92.1492462158203 87.4974365234375 85.3756484985352 93.3451614379883 104.624908447266 106.82112121582 103.70142364502 102.147422790527 100.429885864258 100.280647277832 102.198631286621 105.885810852051 112.823013305664 122.865882873535 147.421112060547 129.96061706543 36.2729454040527 22.3800029754639 -99.9 -99.9 -99.9 -99.9 -99.9 -99.9 -99.9 -99.9 -99.9 -99.9 -99.9 -99.9 -99.9 -99.9 -99.9 -99.9 -99.9 -99.9 -99.9 -99.9 -99.9 -99.9 -99.9 -99.9 -99.9
-99.9 -99.9 -99.9 -99.9 -99.9 -99.9 -99.9 -99.9 32.9261093139648 48.7454147338867 71.6510009765625 92.5418701171875 97.7183532714844 100.372360229492 97.7422943115234 95.1258773803711 92.4061050415039 90.7558898925781 93.0139694213867 97.7433776855469 101.997825622559 102.175201416016 99.8259201049805 97.869140625 94.7219619750977 92.2103729248047 91.5656814575195 90.1737823486328 87.7831497192383 83.6470108032227 80.6815872192383 68.0388870239258 44.2223167419434 37.6177711486816 -99.9 -99.9 59.2086181640625 49.406379699707 -99.9 -99.9 -99.9 -99.9 -99.9 -99.9 -99.9 -99.9 -99.9 -99.9 -99.9 -99.9 -99.9 -99.9 -99.9 -99.9 -99.9 -99.9 -99.9 -99.9 -99.9
-99.9 -99.9 -99.9 -99.9 -99.9 -99.9 -99.9 -99.9 -99.9 21.7081432342529 31.1681003570557 40.9573440551758 46.0113258361816 53.1229591369629 64.0469512939453 73.6622009277344 75.2054748535156 82.1152801513672 96.7884063720703 106.809722900391 107.094306945801 104.207130432129 100.742378234863 98.1568756103516 93.346565246582 87.5178833007812 83.4421310424805 78.6853103637695 73.0123138427734 66.39404296875 60.418586730957 56.2505378723145 49.9128150939941 44.9792861938477 45.3827323913574 44.5672073364258 43.4057121276855 37.6279182434082 24.9254951477051 15.9661083221436 9.37126159667969 -99.9 -99.9 -99.9 -99.9 -99.9 -99.9 -99.9 -99.9 -99.9 -99.9 -99.9 -99.9 -99.9 -99.9 -99.9 -99.9 -99.9 -99.9
-99.9 -99.9 -99.9 -99.9 -99.9 -99.9 -99.9 -99.9 -99.9 -99.9 -99.9 18.4959449768066 -99.9 26.3365535736084 36.8265266418457 51.7093696594238 59.2966651916504 75.165657043457 105.449264526367 123.52481842041 113.818511962891 105.561965942383 106.722190856934 106.924476623535 99.3580703735352 88.671501159668 78.7091979980469 72.1759185791016 67.8729934692383 61.7147941589355 54.7565574645996 49.5480194091797 46.1700782775879 43.5175399780273 40.9975814819336 37.7366561889648 34.3756637573242 32.0517349243164 29.5496940612793 25.9572334289551 21.3010005950928 20.282470703125 20.9544334411621 16.023811340332 -99.9 -99.9 -99.9 -99.9 -99.9 -99.9 -99.9 -99.9 -99.9 -99.9 -99.9 -99.9 -99.9 -99.9 -99.9
-99.9 -99.9 -99.9 -99.9 -99.9 -99.9 -99.9 -99.9 -99.9 -99.9 -99.9 -99.9 -99.9 -99.9 -99.9 -99.9 -99.9 26.8958110809326 40.3027420043945 54.199649810791 66.9192733764648 74.2167053222656 70.292236328125 74.9588775634766 85.3000106811523 88.7354965209961 78.7768249511719 71.3885116577148 67.5918579101562 62.2159538269043 55.8415603637695 50.4500503540039 45.697135925293 41.3972549438477 37.0303802490234 33.1891441345215 31.3864574432373 30.3248596191406 30.1138935089111 29.3302364349365 27.4755878448486 26.0742588043213 23.8861331939697 19.7137660980225 17.2744846343994 14.3210678100586 10.2584600448608 26.4813423156738 67.7323150634766 -99.9 -99.9 -99.9 -99.9 -99.9 -99.9 -99.9 -99.9 -99.9 -99.9
-99.9 -99.9 -99.9 -99.9 -99.9 -99.9 -99.9 -99.9 -99.9 -99.9 -99.9 -99.9 -99.9 -99.9 -99.9 -99.9 -99.9 -99.9 -99.9 -99.9 34.8794631958008 49.4950942993164 46.113941192627 50.3478546142578 67.6220321655273 88.0612182617188 81.9909973144531 73.9427642822266 69.2674255371094 64.0400772094727 57.9195709228516 52.5694389343262 47.3587913513184 43.3885917663574 40.3657073974609 36.738109588623 32.9590339660645 31.046199798584 30.2641143798828 29.5126342773438 28.8158855438232 28.7384147644043 29.2679424285889 -99.9 -99.9 38.0849723815918 40.3004264831543 53.7734870910645 92.5686492919922 -99.9 -99.9 -99.9 -99.9 -99.9 -99.9 -99.9 -99.9 -99.9 -99.9
-99.9 -99.9 -99.9 -99.9 -99.9 -99.9 -99.9 -99.9 -99.9 -99.9 -99.9 -99.9 -99.9 -99.9 -99.9 -99.9 -99.9 -99.9 -99.9 -99.9 -99.9 -99.9 -99.9 -99.9 42.8193435668945 60.1117668151855 65.5243301391602 67.1764755249023 66.365348815918 64.5309448242188 57.844554901123 52.2664985656738 47.799919128418 44.6198806762695 42.5922203063965 39.9380416870117 36.6136589050293 34.3818092346191 32.9947280883789 31.9489841461182 31.4079208374023 31.7642459869385 33.4019889831543 36.7095680236816 44.7463455200195 53.9238395690918 55.9043006896973 64.3224792480469 89.7908401489258 96.2596588134766 62.5267791748047 -99.9 -99.9 -99.9 -99.9 -99.9 -99.9 -99.9 -99.9
-99.9 -99.9 -99.9 -99.9 -99.9 -99.9 -99.9 -99.9 -99.9 -99.9 -99.9 -99.9 -99.9 -99.9 -99.9 -99.9 -99.9 -99.9 -99.9 -99.9 -99.9 -99.9 -99.9 -99.9 24.2503833770752 33.5315208435059 42.5881423950195 55.4245681762695 64.6461563110352 67.3750152587891 56.3695983886719 49.7756538391113 47.6951141357422 45.9268760681152 43.6332817077637 41.8604202270508 40.4881706237793 39.1009063720703 37.7055168151855 36.130500793457 34.2931480407715 33.2163276672363 32.9582252502441 34.6578216552734 40.0908813476562 46.3230438232422 51.3697242736816 58.9996948242188 71.9821090698242 81.4467315673828 77.5779418945312 57.9855422973633 -99.9 -99.9 -99.9 -99.9 -99.9 -99.9 -99.9
-99.9 -99.9 -99.9 -99.9 -99.9 -99.9 -99.9 -99.9 -99.9 -99.9 -99.9 -99.9 -99.9 -99.9 -99.9 -99.9 -99.9 -99.9 -99.9 -99.9 -99.9 -99.9 -99.9 -99.9 -99.9 -99.9 -99.9 30.9107704162598 43.0333862304688 52.7160491943359 49.2149848937988 46.9124221801758 47.6021385192871 46.9213829040527 44.0307655334473 42.8746871948242 42.6180572509766 41.804817199707 41.0299110412598 39.5967559814453 37.3443756103516 35.5044937133789 33.9654884338379 34.129207611084 36.7004432678223 40.0415306091309 44.6532821655273 50.1900939941406 57.542293548584 67.5492630004883 78.5520782470703 -99.9 -99.9 -99.9 -99.9 -99.9 -99.9 -99.9 -99.9
-99.9 -99.9 -99.9 -99.9 -99.9 -99.9 -99.9 -99.9 -99.9 -99.9 -99.9 -99.9 -99.9 -99.9 -99.9 -99.9 -99.9 -99.9 -99.9 -99.9 -99.9 -99.9 -99.9 -99.9 -99.9 -99.9 -99.9 -99.9 25.5770969390869 35.8247184753418 40.6982002258301 45.1898040771484 47.1916389465332 46.9338836669922 44.6741485595703 44.196117401123 43.2876358032227 42.1395301818848 42.2233734130859 41.7073783874512 40.4136962890625 38.6960182189941 36.353687286377 35.0047645568848 34.7862701416016 35.684009552002 37.9403495788574 40.7533721923828 45.3031921386719 52.6715774536133 68.3301544189453 76.978401184082 -99.9 -99.9 -99.9 -99.9 -99.9 -99.9 -99.9
-99.9 -99.9 -99.9 -99.9 -99.9 -99.9 -99.9 -99.9 -99.9 -99.9 -99.9 -99.9 -99.9 -99.9 -99.9 -99.9 -99.9 -99.9 -99.9 -99.9 -99.9 -99.9 -99.9 -99.9 -99.9 -99.9 -99.9 -99.9 -99.9 -99.9 23.5225353240967 35.1545753479004 45.1553955078125 52.1632690429688 52.069019317627 51.1929931640625 46.2394981384277 42.7172431945801 42.6207733154297 42.3531684875488 41.3416137695312 39.9035224914551 37.926212310791 36.0874481201172 34.4907073974609 34.1383857727051 35.0711059570312 36.3643455505371 38.4375839233398 41.9196548461914 -99.9 54.8948516845703 47.8256149291992 -99.9 -99.9 -99.9 -99.9 -99.9 -99.9
-99.9 -99.9 -99.9 -99.9 -99.9 -99.9 -99.9 -99.9 -99.9 -99.9 -99.9 -99.9 -99.9 -99.9 -99.9 -99.9 -99.9 -99.9 -99.9 -99.9 -99.9 -99.9 -99.9 -99.9 -99.9 -99.9 -99.9 -99.9 -99.9 -99.9 12.8466958999634 23.5738410949707 41.7416648864746 69.5672378540039 75.7088088989258 70.4084777832031 52.7467041015625 43.686840057373 42.9285354614258 42.4209785461426 40.6548500061035 39.2852516174316 38.7442321777344 37.4381828308105 35.3514289855957 34.4171905517578 34.8819465637207 35.4691772460938 35.2930030822754 35.6428146362305 38.359188079834 38.1835784912109 32.6200828552246 26.9952526092529 -99.9 -99.9 -99.9 -99.9 -99.9
