fish_book/data/sediment/Wilson_et_al_2017_data_files_asc/TidalVelMax.asc
NCOLS 200
NROWS 150
XLLCORNER -16
YLLCORNER 44
CELLSIZE 0.125
NODATA_VALUE -99.9
[rows 0 to 25 of 150, columns 59 to 117 of 200]
-99.9 -99.9 -99.9 -99.9 -99.9 71.4868316650391 69.6467971801758 67.5611190795898 65.6692962646484 65.4614334106445 66.9328231811523 66.4818496704102 64.3280334472656 61.6201629638672 58.4756278991699 56.9456100463867 57.4357757568359 53.7601051330566 46.6023979187012 41.4057197570801 37.2617416381836 33.6614646911621 29.5173530578613 26.1068000793457 -99.9 -99.9 -99.9 -99.9 -99.9 -99.9 -99.9 -99.9 -99.9 -99.9 -99.9 -99.9 -99.9 -99.9 -99.9 -99.9 -99.9 -99.9 -99.9 -99.9 -99.9 -99.9 -99.9 -99.9 -99.9 -99.9 -99.9 -99.9 -99.9 -99.9 -99.9 -99.9 -99.9 -99.9 -99.9
72.6127853393555 73.8315658569336 76.3889236450195 77.9197769165039 80.2916870117188 83.355598449707 84.4539108276367 87.9175262451172 94.4404678344727 104.344711303711 113.647171020508 116.396049499512 112.207931518555 104.481018066406 97.8963394165039 99.8087692260742 106.609710693359 107.461624145508 98.5179748535156 80.4176254272461 62.0625801086426 49.994083404541 42.2437629699707 36.7830390930176 32.9761772155762 29.6618900299072 26.6618061065674 23.7729339599609 -99.9 -99.9 -99.9 -99.9 -99.9 -99.9 -99.9 -99.9 -99.9 -99.9 -99.9 -99.9 -99.9 -99.9 -99.9 -99.9 -99.9 -99.9 -99.9 -99.9 -99.9 -99.9 -99.9 -99.9 -99.9 -99.9 -99.9 -99.9 -99.9 -99.9 -99.9
71.0059204101562 71.6886138916016 74.9408950805664 79.534538269043 90.5750350952148 107.311019897461 120.947952270508 138.583190917969 163.126754760742 179.686706542969 185.666107177734 180.431686401367 154.591720581055 141.492813110352 143.83625793457 145.457916259766 139.98420715332 149.74382019043 173.03938293457 138.209716796875 90.9520492553711 71.0108489990234 62.1290817260742 55.4177856445312 49.9042816162109 44.0735969543457 38.0460166931152 34.0035743713379 30.9316883087158 29.4081916809082 29.1166343688965 28.4399833679199 -99.9 -99.9 -99.9 -99.9 -99.9 -99.9 -99.9 -99.9 -99.9 -99.9 -99.9 -99.9 -99.9 -99.9 -99.9 -99.9 -99.9 -99.9 -99.9 -99.9 -99.9 -99.9 -99.9 -99.9 -99.9 -99.9 -99.9
82.7054672241211 87.2451858520508 93.3066177368164 97.6100997924805 101.770790100098 115.483024597168 132.557174682617 150.145080566406 169.475708007812 169.028091430664 139.1865234375 -99.9 -99.9 -99.9 -99.9 -99.9 -99.9 -99.9 -99.9 136.629013061523 96.2580871582031 80.1854782104492 68.6070709228516 60.1120948791504 53.2783851623535 51.2850914001465 52.6532287597656 50.1009902954102 44.5339012145996 40.5180740356445 37.7781257629395 35.7043418884277 33.9873924255371 32.0832405090332 30.0461711883545 27.880220413208 25.7376956939697 -99.9 -99.9 -99.9 -99.9 -99.9 -99.9 -99.9 -99.9 -99.9 -99.9 -99.9 -99.9 -99.9 -99.9 -99.9 -99.9 -99.9 -99.9 -99.9 -99.9 -99.9 -99.9
86.7012100219727 97.1641387939453 108.518112182617 114.668502807617 114.676086425781 121.326324462891 130.968383789062 139.70588684082 148.000427246094 142.287231445312 112.950950622559 -99.9 -99.9 -99.9 -99.9 -99.9 -99.9 -99.9 97.1835021972656 103.514991760254 92.52978515625 81.3486328125 69.6742858886719 62.8006324768066 57.5529708862305 56.8748741149902 60.7398910522461 60.5239143371582 55.5416793823242 49.8844146728516 44.4360504150391 40.6302719116211 37.9380683898926 35.5506629943848 33.4310302734375 30.6859683990479 27.9354782104492 26.6570606231689 25.9171009063721 25.3695774078369 -99.9 -99.9 -99.9 -99.9 -99.9 -99.9 -99.9 -99.9 -99.9 -99.9 -99.9 -99.9 -99.9 -99.9 -99.9 -99.9 -99.9 -99.9 -99.9
76.8253173828125 85.9368438720703 93.6003646850586 97.7368011474609 102.194885253906 108.706489562988 113.901916503906 118.385368347168 121.75218963623 116.81632232666 -99.9 -99.9 -99.9 -99.9 -99.9 -99.9 51.7858772277832 70.914421081543 70.744743347168 72.5082473754883 78.1121215820312 73.309326171875 64.2530670166016 61.0640487670898 59.8646926879883 57.1886444091797 53.9044075012207 52.5151481628418 52.3719062805176 50.1725387573242 46.4398040771484 41.9917068481445 37.5923080444336 34.4051971435547 32.1577911376953 29.7911396026611 27.8417663574219 -99.9 -99.9 -99.9 -99.9 -99.9 -99.9 -99.9 -99.9 -99.9 -99.9 -99.9 -99.9 -99.9 -99.9 -99.9 -99.9 -99.9 -99.9 -99.9 -99.9 -99.9 -99.9
57.8837776184082 63.9629783630371 70.9932708740234 77.4871368408203 86.4345169067383 92.0978622436523 90.451904296875 89.934928894043 92.3971786499023 87.5658493041992 70.1438522338867 65.8436050415039 80.1798629760742 -99.9 -99.9 120.210296630859 115.76407623291 113.592628479004 88.3820571899414 80.1132888793945 76.7897644042969 70.7490158081055 63.8688316345215 61.451717376709 60.9870643615723 57.6032333374023 53.2375183105469 51.1271209716797 50.2711372375488 48.6648483276367 46.7626495361328 41.6229400634766 35.2919273376465 31.2376461029053 -99.9 -99.9 -99.9 -99.9 -99.9 -99.9 -99.9 -99.9 -99.9 -99.9 -99.9 -99.9 -99.9 -99.9 -99.9 -99.9 -99.9 -99.9 -99.9 -99.9 -99.9 -99.9 -99.9 -99.9 -99.9
39.4791488647461 45.5310859680176 54.855884552002 68.5835266113281 75.1694107055664 73.6640319824219 66.3356628417969 65.9954833984375 74.2002182006836 76.1385650634766 74.7493515014648 88.9352188110352 114.799217224121 158.631958007812 -99.9 -99.9 187.664825439453 134.697891235352 114.967353820801 94.2092666625977 74.4937896728516 65.7421798706055 61.4978981018066 60.3308982849121 62.2563972473145 61.4642639160156 58.5172004699707 54.4945945739746 49.4498558044434 47.1236763000488 46.9513168334961 41.1013298034668 33.4589996337891 -99.9 -99.9 -99.9 -99.9 -99.9 -99.9 -99.9 -99.9 -99.9 -99.9 -99.9 -99.9 -99.9 -99.9 -99.9 -99.9 -99.9 -99.9 -99.9 -99.9 -99.9 -99.9 -99.9 -99.9 -99.9 -99.9
-99.9 -99.9 38.7964134216309 45.414966583252 52.8054504394531 55.9019203186035 54.2337532043457 57.5648422241211 66.9996719360352 74.4242095947266 79.2928085327148 86.7658996582031 109.971038818359 -99.9 336.413970947266 368.693237304688 188.230941772461 116.724906921387 86.9752349853516 76.9160614013672 68.2573165893555 62.3304290771484 58.1778907775879 56.9139938354492 59.8834266662598 59.6698112487793 55.9202728271484 51.9560928344727 47.8318824768066 45.7135581970215 45.2403678894043 39.1855239868164 31.8473091125488 -99.9 -99.9 -99.9 -99.9 -99.9 -99.9 -99.9 -99.9 -99.9 -99.9 -99.9 -99.9 -99.9 -99.9 -99.9 -99.9 -99.9 -99.9 -99.9 -99.9 -99.9 -99.9 -99.9 -99.9 -99.9 -99.9
-99.9 -99.9 -99.9 26.402156829834 33.7524948120117 44.090950012207 51.1627235412598 57.7511138916016 62.6491661071777 66.3306121826172 69.5498428344727 77.0813522338867 108.892929077148 -99.9 -99.9 116.474227905273 99.5725326538086 67.1215438842773 53.1631469726562 55.7815895080566 62.9848327636719 63.8956108093262 60.3881149291992 58.6857147216797 59.8495254516602 57.1641807556152 51.4160308837891 48.2738304138184 46.8050003051758 44.5617637634277 41.9995727539062 36.1753234863281 -99.9 -99.9 -99.9 -99.9 -99.9 -99.9 -99.9 -99.9 -99.9 -99.9 -99.9 -99.9 -99.9 -99.9 -99.9 -99.9 -99.9 -99.9 -99.9 -99.9 -99.9 -99.9 -99.9 -99.9 -99.9 -99.9 52.5749359130859
-99.9 -99.9 -99.9 -99.9 -99.9 -99.9 31.1558418273926 35.1198501586914 42.6004028320312 46.1793022155762 47.2278594970703 58.8666610717773 95.0365142822266 112.771255493164 -99.9 -99.9 120.034828186035 94.4248733520508 69.5066604614258 66.8805160522461 70.9636993408203 70.8032455444336 66.807975769043 64.459716796875 64.4279022216797 60.3108367919922 53.1625175476074 48.4787216186523 45.3026351928711 41.4119911193848 37.666446685791 -99.9 -99.9 -99.9 -99.9 -99.9 -99.9 -99.9 -99.9 -99.9 -99.9 -99.9 -99.9 -99.9 -99.9 -99.9 -99.9 -99.9 -99.9 -99.9 -99.9 -99.9 -99.9 -99.9 -99.9 -99.9 -99.9 49.3374977111816 55.598705291748
32.2732276916504 31.1131134033203 31.1962566375732 -99.9 -99.9 -99.9 -99.9 -99.9 -99.9 32.0996284484863 41.0431060791016 70.3906860351562 100.566223144531 132.122421264648 145.752151489258 160.491607666016 174.694885253906 137.840698242188 95.5583114624023 81.8201446533203 78.5435028076172 74.8589782714844 70.4810104370117 68.2158737182617 68.612434387207 64.6932983398438 57.2140731811523 49.5629768371582 42.8287811279297 40.375545501709 -99.9 -99.9 -99.9 -99.9 -99.9 -99.9 -99.9 -99.9 -99.9 -99.9 -99.9 -99.9 -99.9 -99.9 -99.9 -99.9 -99.9 -99.9 -99.9 -99.9 -99.9 -99.9 -99.9 -99.9 -99.9 50.4359970092773 43.8039932250977 46.3875694274902 51.4163703918457
51.5544624328613 49.2334899902344 43.229663848877 29.6160297393799 17.3364486694336 -99.9 -99.9 -99.9 -99.9 -99.9 32.10302734375 51.8181495666504 79.4231796264648 116.242622375488 146.679244995117 164.883499145508 165.135269165039 135.449157714844 97.0718841552734 79.7492523193359 74.8169631958008 70.4693069458008 66.2249374389648 64.7360153198242 65.9080963134766 55.7611274719238 55.7611274719238 47.0492858886719 -99.9 -99.9 -99.9 -99.9 -99.9 -99.9 -99.9 -99.9 -99.9 -99.9 -99.9 -99.9 -99.9 -99.9 -99.9 -99.9 -99.9 -99.9 -99.9 -99.9 -99.9 -99.9 -99.9 -99.9 -99.9 49.2022438049316 54.7770919799805 59.7140693664551 60.2245712280273 61.9118614196777 40.9291839599609
63.9409637451172 62.4095573425293 59.0451469421387 44.4599990844727 28.3648109436035 18.8168621063232 14.8681468963623 -99.9 -99.9 -99.9 -99.9 31.9081783294678 52.4667358398438 79.1762008666992 97.3323135375977 113.252136230469 121.46614074707 107.982231140137 83.0831604003906 71.6985244750977 67.4026412963867 59.1042060852051 59.1042060852051 60.1363372802734 61.1073226928711 55.4260215759277 55.7611274719238 -99.9 -99.9 -99.9 -99.9 -99.9 -99.9 -99.9 -99.9 -99.9 -99.9 -99.9 -99.9 -99.9 -99.9 -99.9 -99.9 -99.9 -99.9 -99.9 -99.9 -99.9 -99.9 -99.9 47.3000984191895 51.8126449584961 54.4003944396973 54.246997833252 49.1252365112305 48.5675239562988 44.0478248596191 42.2962379455566 40.1852951049805
61.812557220459 50.0551300048828 41.3599624633789 32.6016120910645 26.3778266906738 22.1519165039062 -99.9 -99.9 -99.9 -99.9 -99.9 -99.9 39.0235481262207 55.3201904296875 71.8817672729492 79.8769912719727 95.6532669067383 83.3342437744141 83.3342437744141 66.0018157958984 58.7933006286621 56.2122764587402 56.8659172058105 51.6583099365234 51.5097312927246 44.7899322509766 -99.9 -99.9 -99.9 -99.9 -99.9 -99.9 -99.9 -99.9 -99.9 -99.9 -99.9 -99.9 -99.9 -99.9 -99.9 -99.9 -99.9 -99.9 -99.9 -99.9 -99.9 62.7459716796875 60.9135398864746 58.7403297424316 55.9044303894043 56.6975021362305 55.4185447692871 49.1244621276855 47.0001258850098 48.9027328491211 55.7725372314453 50.4214324951172 51.4053115844727
54.6570014953613 38.0016021728516 27.9683494567871 24.5457725524902 -99.9 -99.9 -99.9 -99.9 -99.9 -99.9 -99.9 -99.9 31.26686668396 44.2848167419434 65.8760528564453 79.8769912719727 81.8812255859375 85.9463882446289 80.9331207275391 79.6396408081055 61.0924682617188 59.2631416320801 54.5360298156738 -99.9 -99.9 -99.9 -99.9 -99.9 -99.9 -99.9 -99.9 -99.9 -99.9 -99.9 -99.9 -99.9 -99.9 -99.9 -99.9 -99.9 -99.9 -99.9 -99.9 -99.9 59.7595329284668 62.0497436523438 66.1440963745117 65.7649230957031 62.6065330505371 57.1299133300781 52.7463226318359 52.6397514343262 51.1490898132324 46.7128791809082 45.1661796569824 48.7103996276855 50.5226593017578 47.6512908935547 48.9552383422852
42.5699729919434 -99.9 -99.9 -99.9 -99.9 -99.9 -99.9 -99.9 -99.9 -99.9 -99.9 -99.9 -99.9 30.8923950195312 67.2882461547852 67.2882461547852 78.7339782714844 80.4766082763672 87.2162628173828 78.249382019043 69.2541198730469 -99.9 -99.9 -99.9 -99.9 -99.9 -99.9 -99.9 -99.9 -99.9 -99.9 -99.9 -99.9 -99.9 -99.9 -99.9 -99.9 -99.9 -99.9 -99.9 -99.9 -99.9 57.9948081970215 57.110034942627 55.6257286071777 53.8298721313477 49.317813873291 51.7813568115234 51.3472366333008 47.666618347168 41.4683723449707 39.201961517334 38.6189575195312 42.0840530395508 42.5493316650391 44.1728134155273 56.1663665771484 65.317024230957 54.5402336120605
-99.9 -99.9 -99.9 -99.9 -99.9 -99.9 -99.9 -99.9 -99.9 -99.9 -99.9 -99.9 -99.9 -99.9 52.8299789428711 73.0274963378906 71.7051391601562 90.2746200561523 88.1745452880859 76.6329803466797 71.1794204711914 60.2532653808594 -99.9 -99.9 -99.9 -99.9 -99.9 -99.9 -99.9 -99.9 -99.9 -99.9 -99.9 -99.9 -99.9 -99.9 -99.9 -99.9 -99.9 -99.9 59.1167678833008 57.4866676330566 52.6704063415527 47.1976699829102 44.4336700439453 45.5038223266602 44.7856140136719 49.9707641601562 48.3580436706543 41.9999885559082 38.1838607788086 34.4453773498535 37.4098663330078 39.1054306030273 40.238941192627 58.6124305725098 58.6965103149414 -99.9 -99.9
-99.9 -99.9 -99.9 -99.9 -99.9 -99.9 -99.9 -99.9 -99.9 -99.9 -99.9 -99.9 -99.9 -99.9 -99.9 -99.9 -99.9 62.4266891479492 65.2261199951172 67.5838317871094 62.0593872070312 59.4828338623047 -99.9 -99.9 -99.9 -99.9 -99.9 -99.9 -99.9 -99.9 -99.9 -99.9 -99.9 -99.9 -99.9 -99.9 69.4850234985352 72.2484130859375 67.7731628417969 54.0663032531738 50.6919593811035 45.8563461303711 40.444652557373 38.9666976928711 40.1537094116211 44.3190765380859 45.7771301269531 44.604621887207 36.8135032653809 38.3697280883789 34.3454666137695 33.8882179260254 32.6041374206543 31.3727722167969 36.350284576416 38.2373962402344 18.3314170837402 -99.9 -99.9
-99.9 -99.9 -99.9 -99.9 -99.9 -99.9 -99.9 -99.9 -99.9 -99.9 -99.9 -99.9 -99.9 -99.9 -99.9 -99.9 -99.9 -99.9 -99.9 -99.9 -99.9 -99.9 -99.9 -99.9 -99.9 -99.9 -99.9 -99.9 -99.9 -99.9 -99.9 -99.9 -99.9 -99.9 58.5584335327148 58.6523857116699 57.3213653564453 57.9093742370605 55.6729507446289 51.3411102294922 52.6873207092285 46.3485717773438 42.2870826721191 44.5093002319336 41.7322006225586 40.5591888427734 44.1812019348145 46.8831329345703 54.9045143127441 52.4356384277344 45.6181602478027 40.1774101257324 55.9535751342773 89.8150939941406 118.617500305176 -99.9 7.95559406280518 -99.9 -99.9
-99.9 -99.9 -99.9 -99.9 -99.9 -99.9 -99.9 -99.9 -99.9 -99.9 -99.9 -99.9 -99.9 -99.9 -99.9 -99.9 -99.9 -99.9 -99.9 -99.9 -99.9 -99.9 -99.9 -99.9 -99.9 -99.9 -99.9 -99.9 -99.9 -99.9 -99.9 -99.9 62.345516204834 53.0839309692383 51.2179183959961 49.9491996765137 50.357593536377 50.2012405395508 52.2890357971191 52.2759399414062 55.5459442138672 53.3006782531738 48.1247177124023 46.8890914916992 45.2859039306641 54.9508743286133 64.7066802978516 77.6908493041992 70.612548828125 62.2347602844238 50.393726348877 64.2192611694336 111.376419067383 85.7047271728516 100.49259185791 89.2654724121094 22.5251941680908 -99.9 -99.9
-99.9 -99.9 -99.9 -99.9 -99.9 -99.9 -99.9 -99.9 -99.9 -99.9 42.7635536193848 41.6455421447754 -99.9 -99.9 -99.9 -99.9 -99.9 -99.9 -99.9 -99.9 -99.9 -99.9 -99.9 -99.9 -99.9 -99.9 -99.9 -99.9 -99.9 60.901439666748 64.5611877441406 56.494083404541 59.0549697875977 51.3983268737793 50.9122161865234 51.2992210388184 46.1886177062988 48.7545166015625 52.4946937561035 53.0291137695312 59.9872894287109 55.7809524536133 53.6292877197266 57.9211120605469 70.4482955932617 77.2920684814453 85.4803009033203 76.9028701782227 74.3597106933594 73.8120803833008 73.6456756591797 84.1836547851562 107.86344909668 82.9668655395508 75.0651016235352 67.0452575683594 56.3744316101074 38.9733047485352 -99.9
-99.9 -99.9 -99.9 -99.9 -99.9 -99.9 -99.9 -99.9 -99.9 -99.9 -99.9 -99.9 -99.9 -99.9 -99.9 -99.9 79.8968963623047 78.3291015625 -99.9 -99.9 -99.9 -99.9 -99.9 -99.9 -99.9 -99.9 -99.9 51.7284812927246 49.3540306091309 51.0341606140137 57.4541854858398 53.5185775756836 50.9525680541992 51.9770278930664 53.0337295532227 52.1718139648438 47.7856941223145 44.0021781921387 47.9154853820801 51.3159561157227 59.0822067260742 60.9655838012695 63.919994354248 75.4767074584961 85.2375106811523 82.9303970336914 87.7697677612305 84.4109725952148 90.1930770874023 88.9594192504883 83.6282043457031 89.2699584960938 88.2919387817383 84.0491714477539 78.2430648803711 77.6440734863281 76.3593521118164 96.3543472290039 -99.9
-99.9 -99.9 -99.9 -99.9 -99.9 -99.9 -99.9 -99.9 -99.9 -99.9 -99.9 -99.9 -99.9 -99.9 -99.9 -99.9 -99.9 66.7316818237305 68.9819030761719 63.2599258422852 56.874195098877 50.3932914733887 -99.9 -99.9 43.8166999816895 43.8339767456055 43.4357261657715 46.3831253051758 44.7570991516113 45.3798370361328 48.1447257995605 51.7765083312988 53.8964424133301 51.3130569458008 54.9860763549805 50.8496551513672 47.688304901123 46.9611587524414 46.3320503234863 54.9100952148438 63.3944778442383 62.4894943237305 73.8857345581055 87.3610000610352 86.9294357299805 86.3912658691406 90.4050521850586 95.6687393188477 94.2959899902344 95.9546279907227 98.3241806030273 96.2551956176758 87.5114517211914 91.8149566650391 98.308464050293 97.9814682006836 109.614143371582 218.520767211914 227.339370727539
-99.9 -99.9 -99.9 -99.9 -99.9 -99.9 -99.9 -99.9 -99.9 -99.9 -99.9 -99.9 -99.9 -99.9 -99.9 -99.9 64.5175323486328 71.922119140625 70.3128662109375 66.2921829223633 68.8800201416016 62.252555847168 55.1701965332031 54.1983489990234 41.1194343566895 36.3399085998535 36.8810272216797 40.5914192199707 39.872241973877 40.4697456359863 42.8049697875977 47.755184173584 52.9792137145996 51.6078453063965 53.2704925537109 51.5628852844238 47.2177047729492 45.7401008605957 45.0239639282227 51.1061515808105 61.4233207702637 62.1363525390625 87.4532699584961 96.3512649536133 89.8693008422852 101.74683380127 104.325836181641 115.226379394531 104.806663513184 111.469650268555 111.655616760254 117.322853088379 106.597648620605 99.4409255981445 107.490386962891 100.774642944336 126.496200561523 121.374214172363 96.1258773803711
-99.9 -99.9 -99.9 -99.9 -99.9 -99.9 -99.9 -99.9 -99.9 -99.9 -99.9 -99.9 -99.9 -99.9 -99.9 -99.9 61.5036926269531 62.6695785522461 60.3070373535156 64.7539672851562 65.301513671875 63.385856628418 56.4336738586426 50.9012489318848 47.0431709289551 43.8078269958496 39.6375694274902 36.2405700683594 36.2698135375977 38.1578636169434 38.9504089355469 44.9359550476074 55.3666915893555 54.2439079284668 53.5418586730957 56.1437149047852 51.9308090209961 42.6082077026367 42.4776344299316 52.0355606079102 61.0682144165039 72.1263122558594 79.7866287231445 82.9199295043945 106.805038452148 117.566398620605 128.058776855469 130.047744750977 131.116027832031 144.319366455078 149.057739257812 124.964454650879 111.761276245117 127.678482055664 99.0500411987305 72.6840362548828 174.038665771484 120.664733886719 87.3382339477539
