fish_book/data/sediment/Wilson_et_al_2017_data_files_asc/TN.asc
NCOLS 200
NROWS 150
XLLCORNER -16
YLLCORNER 44
CELLSIZE 0.125
NODATA_VALUE -99.9
[rows 25 to 49 of 150, columns 57 to 113 of 200]
-99.9 -99.9 -99.9 -99.9 -99.9 -99.9 -99.9 -99.9 -99.9 -99.9 -99.9 -99.9 -99.9 -99.9 -99.9 -99.9 -99.9 -99.9 0.0629550591111183 0.0550242215394974 0.0577878952026367 0.0515334717929363 0.0509760826826096 0.0533395633101463 0.048057597130537 0.0503940433263779 0.0495083704590797 0.0500307567417622 0.0523385480046272 0.0527487173676491 0.0559205934405327 0.0520504973828793 0.051949504762888 0.0505971796810627 0.0443136505782604 0.0439341925084591 0.0449372194707394 0.0454468987882137 0.0478856302797794 0.0573704764246941 0.0685504227876663 0.0455760210752487 0.0496785342693329 0.0450770296156406 0.0435761585831642 0.0431580059230328 0.0401620827615261 0.0407098308205605 0.0386580638587475 0.0384220220148563 0.0380681864917278 0.0418731272220612 0.0425789393484592 0.0429555848240852 0.0455776005983353 0.0428334660828114 0.0470201820135117
-99.9 -99.9 -99.9 -99.9 -99.9 -99.9 -99.9 -99.9 -99.9 -99.9 -99.9 -99.9 -99.9 -99.9 -99.9 -99.9 -99.9 -99.9 0.0559622719883919 0.0506354905664921 0.0545982085168362 0.0540266931056976 0.0511156842112541 0.0510938875377178 0.0483088344335556 0.0480057410895824 0.049690954387188 0.0490248650312424 0.0496375113725662 0.0520267449319363 0.0577289462089539 0.0579099468886852 0.0498423762619495 0.0452567562460899 0.0464652106165886 0.0448942147195339 0.0449542589485645 0.048767551779747 0.0470912009477615 0.0556576512753963 0.0617566742002964 0.0636610761284828 0.0526018664240837 0.0411357432603836 0.0406772419810295 0.0406743250787258 0.043044488877058 0.051172636449337 0.0479136928915977 0.0410409979522228 0.0458527468144894 0.0502238199114799 0.0496998801827431 0.0463490337133408 0.0434849411249161 0.0449995845556259 0.044856071472168
-99.9 -99.9 -99.9 -99.9 -99.9 -99.9 -99.9 -99.9 -99.9 -99.9 -99.9 -99.9 -99.9 -99.9 -99.9 -99.9 0.0653557404875755 0.0626111924648285 0.0539489015936852 0.0534694865345955 0.0534649640321732 0.0490604974329472 0.0496585071086884 0.0481654070317745 0.0437878742814064 0.0468846559524536 0.0463414192199707 0.0461794175207615 0.0495048798620701 0.0500656925141811 0.0501438863575459 0.0470058545470238 0.0470731779932976 0.0462941154837608 0.044271245598793 0.0458217188715935 0.0471498109400272 0.0448669157922268 0.0465476512908936 0.046426746994257 0.0548200085759163 0.0532563105225563 0.0454240888357162 0.0428365953266621 0.0428729541599751 0.0442880764603615 0.0552552081644535 -99.9 0.0472033508121967 0.0457839109003544 0.0503456443548203 -99.9 0.0482434071600437 0.0433648526668549 0.0398781150579453 0.0416140630841255 0.0411486178636551
-99.9 -99.9 -99.9 -99.9 -99.9 -99.9 -99.9 -99.9 -99.9 -99.9 -99.9 -99.9 0.0758489742875099 0.0705255120992661 0.0667968764901161 0.0620765946805477 0.0587114281952381 0.0538275167346001 0.0515429079532623 0.0503165870904922 0.0501717403531075 0.0490034967660904 0.0455111376941204 0.0433135665953159 0.0519354082643986 0.0436721704900265 0.0400707237422466 0.0412804931402206 0.0397416949272156 0.0399782285094261 0.0388579629361629 0.0406897403299809 0.0399707108736038 0.0405405461788177 0.0396227054297924 0.0394558683037758 0.0390653312206268 0.0442887507379055 0.0445503517985344 0.0444460362195969 0.051641408354044 0.043877549469471 0.0440129190683365 0.0439719259738922 0.046240109950304 0.0475267544388771 -99.9 0.049648329615593 -99.9 -99.9 0.0472710616886616 0.0448207929730415 0.040434155613184 0.038352832198143 0.0376440063118935 0.0392033010721207 0.0410549826920033
-99.9 -99.9 -99.9 -99.9 -99.9 -99.9 -99.9 -99.9 -99.9 -99.9 -99.9 0.0611582249403 0.0611586049199104 0.0703051015734673 0.0621895678341389 0.0612314157187939 0.060437984764576 0.0578230284154415 0.0504697598516941 0.0486405268311501 0.0437286645174026 0.0401432774960995 0.0419759340584278 0.0421652048826218 0.0463796481490135 0.0447423160076141 0.0411057882010937 0.0381258428096771 0.0402618758380413 0.0394484512507915 0.0374615713953972 0.036457784473896 0.0387084782123566 0.0381387546658516 0.0373702384531498 0.0369268916547298 0.0342742912471294 0.0365940183401108 0.036752738058567 0.039559293538332 0.0431961417198181 0.0483546480536461 0.0517439246177673 0.0489952191710472 -99.9 -99.9 -99.9 -99.9 -99.9 0.0501115769147873 0.0471571832895279 0.043610043823719 0.03907685354352 0.0400079153478146 0.0402605682611465 0.0388303361833096 0.0390816740691662
-99.9 -99.9 -99.9 -99.9 -99.9 -99.9 -99.9 -99.9 -99.9 -99.9 0.0622515976428986 0.0492663867771626 0.0518812201917171 0.0541363880038261 0.0603288449347019 0.0612996891140938 0.0591095648705959 0.0560954697430134 0.048725713044405 0.0465063266456127 0.0460876785218716 0.0417210049927235 0.0401643700897694 0.0432877987623215 0.0423449538648129 0.0410913862287998 0.041470468044281 0.0391613394021988 0.0397230051457882 0.0384303890168667 0.0377321392297745 0.0375365577638149 0.0339398495852947 0.0380171909928322 0.0402840338647366 0.0364556536078453 0.0363555662333965 0.0342211052775383 0.0350142046809196 0.0362720414996147 0.0374313741922379 0.0408253222703934 0.0485867410898209 0.049144983291626 -99.9 -99.9 -99.9 -99.9 -99.9 0.0458344891667366 0.0428170748054981 0.0409184359014034 0.0418730154633522 0.0408307462930679 0.0414224378764629 0.0410839691758156 0.0478187464177608
-99.9 -99.9 -99.9 -99.9 -99.9 -99.9 -99.9 -99.9 -99.9 0.0634784251451492 0.0490662939846516 0.0529294461011887 0.0523455440998077 0.0505168437957764 0.0493347682058811 0.0579234696924686 0.0611028112471104 0.0515142530202866 0.0479933544993401 0.0497032105922699 0.0459193214774132 0.0440889075398445 0.0442589223384857 0.0420996211469173 0.0444423519074917 0.0380076058208942 0.0382041111588478 0.0379780605435371 0.0371264480054379 0.0375295504927635 0.0394048355519772 0.0369721353054047 0.036829050630331 0.0363744311034679 0.036563903093338 0.0372176319360733 0.0332687236368656 0.0378227159380913 0.0374584496021271 0.0375352650880814 0.0375640392303467 0.0385121144354343 0.0446241796016693 0.0478344224393368 -99.9 -99.9 0.0539698787033558 -99.9 0.0471556857228279 0.0429349988698959 0.0421147905290127 0.0397652201354504 0.0401810184121132 0.0427534207701683 0.0433225110173225 0.0462107770144939 0.0510964132845402
-99.9 -99.9 -99.9 -99.9 -99.9 0.0724750608205795 0.0752358362078667 0.0653374567627907 0.0619931928813457 0.0567417331039906 0.0521332882344723 0.0494486019015312 0.0451074726879597 0.0440816730260849 0.0453352220356464 0.0422662310302258 0.0425061881542206 0.04740110039711 0.0486397109925747 0.0448577888309956 0.0441031642258167 0.0456072725355625 0.0477154031395912 0.0478645376861095 0.0452541001141071 0.0423828214406967 0.0399339236319065 0.0379871129989624 0.0373496226966381 0.0414904169738293 0.0511120595037937 0.0475761257112026 0.0478374399244785 0.0493641272187233 0.0410039499402046 0.0413407981395721 0.0402080006897449 0.0414789281785488 0.0462876074016094 0.0469460673630238 0.0419210828840733 0.0506490133702755 0.0484023317694664 0.0530742481350899 0.0508827231824398 0.0545309968292713 0.0535051748156548 -99.9 0.0449959523975849 0.0370277091860771 0.0356635898351669 0.0365884527564049 0.0376934036612511 0.0376012660562992 0.0423496700823307 0.0450260266661644 0.0486835241317749
-99.9 0.0657698661088943 0.0640888512134552 0.0632217675447464 0.0637148097157478 0.0640430375933647 0.061736986041069 0.0560977123677731 0.0545802786946297 0.0541768707334995 0.051219217479229 0.0436647906899452 0.0462005510926247 0.0415781438350677 0.0427905432879925 0.0404381155967712 0.0387820079922676 0.038953572511673 0.0390708297491074 0.040635846555233 0.0444752238690853 0.0529323294758797 0.0439111851155758 0.0460790134966373 0.0463662594556808 0.0528769716620445 0.0466982796788216 0.0388043448328972 0.0391759723424911 0.0463810190558434 -99.9 -99.9 -99.9 -99.9 -99.9 -99.9 0.0539524517953396 -99.9 -99.9 -99.9 -99.9 -99.9 -99.9 -99.9 -99.9 -99.9 -99.9 0.0452460721135139 0.0421287454664707 0.0347302630543709 0.0350336581468582 0.0384283438324928 0.0379565767943859 0.0378831401467323 0.04245475679636 0.049845963716507 0.0614886358380318
0.0645098686218262 0.0636754706501961 0.0641593560576439 0.0625359565019608 0.0616610161960125 0.0569591484963894 0.0546588338911533 0.0555960200726986 0.0516633875668049 0.0498104244470596 0.0462764501571655 0.040880486369133 0.0386250242590904 0.0389354676008224 0.0381600670516491 0.0384826324880123 0.0407038331031799 0.0448690429329872 0.0462706051766872 -99.9 -99.9 -99.9 0.0470167845487595 0.0478242747485638 0.0520609170198441 0.0537899397313595 0.0560910031199455 0.0475153923034668 0.0499075539410114 0.0564471855759621 -99.9 -99.9 -99.9 -99.9 -99.9 -99.9 -99.9 -99.9 -99.9 -99.9 -99.9 -99.9 -99.9 -99.9 -99.9 -99.9 -99.9 0.044261746108532 0.0382245630025864 0.0347545519471169 0.033922653645277 0.0348899066448212 0.0392257161438465 0.0412195958197117 0.0416121855378151 0.0518635548651218 0.0644280388951302
0.0622153542935848 0.0610046051442623 0.059741884469986 0.0541269704699516 0.0523373782634735 0.0508651286363602 0.0460680387914181 0.0412381216883659 0.0411387570202351 0.0423276796936989 0.0405262410640717 0.0393877252936363 0.0440830811858177 0.043986227363348 0.0483830943703651 0.0493706241250038 0.0584842711687088 -99.9 -99.9 -99.9 -99.9 -99.9 0.0574316568672657 0.0884892493486404 0.0541456304490566 0.0550041832029819 0.0545329675078392 0.0543219894170761 0.0798792913556099 -99.9 -99.9 -99.9 -99.9 -99.9 -99.9 -99.9 -99.9 -99.9 -99.9 -99.9 -99.9 -99.9 -99.9 -99.9 -99.9 -99.9 0.0444049462676048 0.0410729423165321 0.0357661806046963 0.0341450311243534 0.0344364680349827 0.0339248701930046 0.0336208157241344 0.0337138585746288 0.0522260703146458 0.0614682026207447 0.0690983012318611
0.0598162673413754 0.0582859665155411 0.0535647086799145 0.0527890212833881 0.0525371059775352 0.0461383387446404 0.0429718419909477 0.040443129837513 0.0452234521508217 0.0393127165734768 0.0380447171628475 0.0389036908745766 0.0403810851275921 0.0513213835656643 -99.9 -99.9 -99.9 -99.9 -99.9 -99.9 0.105982020497322 0.0844447538256645 0.118214495480061 0.12662261724472 0.0817438215017319 0.0854570716619492 0.0742212235927582 0.0676173344254494 -99.9 -99.9 -99.9 -99.9 -99.9 -99.9 -99.9 -99.9 -99.9 -99.9 -99.9 -99.9 -99.9 -99.9 -99.9 0.0481324195861816 0.0446880646049976 0.0406723767518997 0.0388695374131203 0.0342864543199539 0.0329811759293079 0.0343827232718468 0.0345640778541565 0.0333467200398445 0.0473182797431946 0.0403831787407398 0.0385775752365589 0.0426919050514698 0.048376377671957
0.0590980388224125 0.0545588992536068 0.0534597299993038 0.0547605790197849 0.053711399435997 0.0489916540682316 0.0418451502919197 0.0455620251595974 0.0409869626164436 0.0391201414167881 0.0408725775778294 0.0411656461656094 0.051704466342926 0.0530425384640694 -99.9 -99.9 -99.9 -99.9 -99.9 -99.9 0.105005696415901 0.130289271473885 0.0625943914055824 0.0820617526769638 0.125180646777153 0.0936727225780487 0.10480011254549 -99.9 -99.9 -99.9 -99.9 -99.9 -99.9 -99.9 -99.9 -99.9 -99.9 -99.9 -99.9 -99.9 -99.9 -99.9 0.0475148819386959 0.0468318127095699 0.0428622290492058 0.0387843698263168 0.0369293615221977 0.0385593213140965 0.0363303124904633 0.0381532050669193 0.0447389371693134 0.0439376085996628 0.0470155440270901 0.0425816811621189 0.0405733250081539 0.0440051518380642 0.0402506552636623
0.0509744249284267 0.0449087470769882 0.049086906015873 0.0499624125659466 0.0538115352392197 0.0448523238301277 0.0413323901593685 0.0485347062349319 0.0448245406150818 0.0428829602897167 0.0386891476809978 0.0403210483491421 0.0419956743717194 0.0462610237300396 -99.9 -99.9 -99.9 -99.9 -99.9 0.0538514778017998 0.079041875898838 0.0885245576500893 0.0570570416748524 0.0548886656761169 0.0536125153303146 0.0587947070598602 0.0712530687451363 0.115855515003204 -99.9 -99.9 -99.9 -99.9 -99.9 -99.9 -99.9 -99.9 -99.9 -99.9 -99.9 -99.9 0.0610765032470226 0.0535085387527943 0.0574395246803761 0.0482860244810581 0.0429975502192974 0.0489982329308987 0.0750880166888237 0.0862822309136391 0.0843816474080086 0.0635649114847183 0.0533513799309731 0.0443846620619297 0.0505062602460384 0.0503074415028095 0.0538819395005703 0.0625252574682236 0.0418512113392353
0.0493274107575417 0.0528950914740562 -99.9 0.0508311055600643 0.0488280802965164 0.0563102066516876 0.0396922044456005 0.0424452424049377 0.0513697788119316 0.0413626208901405 0.0474619418382645 0.0516579672694206 0.0541567988693714 0.053290456533432 -99.9 -99.9 -99.9 0.0575914047658443 0.0528635531663895 0.0464267805218697 0.0450743399560452 0.0594996921718121 0.102732986211777 0.124833069741726 -99.9 -99.9 -99.9 -99.9 -99.9 -99.9 -99.9 -99.9 -99.9 -99.9 -99.9 -99.9 -99.9 -99.9 -99.9 -99.9 -99.9 0.0590013340115547 0.0584874264895916 0.0620593689382076 0.0631961822509766 0.0556925013661385 0.0675857737660408 0.0543422177433968 0.0599258355796337 0.0717536583542824 0.075223907828331 0.0906377136707306 0.09126316010952 0.0688333660364151 0.0525790825486183 0.0670055970549583 0.0453661680221558
0.058300256729126 0.0582330487668514 0.0583056882023811 0.0580332688987255 0.051692072302103 0.0552875436842442 0.0418659187853336 0.0417245663702488 0.042647585272789 0.0413132756948471 0.0443031042814255 0.0573668107390404 -99.9 -99.9 -99.9 0.0847450345754623 0.0837526246905327 0.050799585878849 0.049384780228138 -99.9 -99.9 0.0616472773253918 0.13415564596653 0.134100928902626 0.110636122524738 -99.9 -99.9 -99.9 -99.9 -99.9 -99.9 -99.9 -99.9 -99.9 -99.9 -99.9 -99.9 -99.9 -99.9 -99.9 0.0907507315278053 0.104132048785686 0.067943312227726 -99.9 -99.9 -99.9 -99.9 -99.9 -99.9 -99.9 -99.9 -99.9 -99.9 -99.9 -99.9 0.0522134862840176 0.0501653179526329
0.0577609539031982 0.0596776306629181 0.060587614774704 0.0620889402925968 0.0504518821835518 0.0471355468034744 0.0412804074585438 0.0461976416409016 0.0494914054870605 0.0440153181552887 0.0450609065592289 -99.9 -99.9 -99.9 0.0729988813400269 0.0551161430776119 0.0568465627729893 0.0649217814207077 -99.9 0.121080741286278 -99.9 -99.9 0.136552482843399 0.137193590402603 -99.9 -99.9 -99.9 -99.9 -99.9 -99.9 -99.9 -99.9 -99.9 -99.9 -99.9 -99.9 -99.9 -99.9 -99.9 -99.9 -99.9 -99.9 -99.9 -99.9 -99.9 -99.9 -99.9 -99.9 -99.9 -99.9 -99.9 -99.9 -99.9 -99.9 -99.9 -99.9 -99.9
0.05307337641716 0.0571925863623619 0.0587829127907753 0.0629819631576538 0.0459381975233555 0.0418557114899158 0.0535953491926193 0.0441677421331406 0.0465207658708096 0.0491737984120846 0.0480546206235886 0.0449671931564808 -99.9 -99.9 0.0651776418089867 0.0553811974823475 0.0493630357086658 -99.9 -99.9 -99.9 -99.9 -99.9 -99.9 0.137946203351021 -99.9 -99.9 -99.9 -99.9 -99.9 -99.9 -99.9 -99.9 -99.9 -99.9 -99.9 -99.9 -99.9 -99.9 -99.9 -99.9 -99.9 -99.9 -99.9 -99.9 -99.9 -99.9 -99.9 -99.9 -99.9 -99.9 -99.9 -99.9 -99.9 -99.9 -99.9 -99.9 -99.9
0.054806362837553 0.0552092827856541 0.0540746040642262 0.0520925931632519 0.0517835281789303 0.0492576770484447 0.0508633516728878 0.0477424077689648 0.0454365834593773 0.0484019480645657 0.0489454418420792 0.0537940487265587 -99.9 0.0777845904231071 0.0671607628464699 0.0552337877452374 0.0525384657084942 0.0665454566478729 0.0677454695105553 -99.9 -99.9 -99.9 -99.9 -99.9 -99.9 -99.9 -99.9 -99.9 -99.9 -99.9 -99.9 -99.9 -99.9 -99.9 -99.9 -99.9 -99.9 -99.9 -99.9 -99.9 -99.9 -99.9 -99.9 -99.9 -99.9 -99.9 -99.9 -99.9 -99.9 -99.9 -99.9 -99.9 -99.9 -99.9 -99.9 0.0497477985918522 0.0466502942144871
0.0563713647425175 0.0537756532430649 0.0497046932578087 0.0479211509227753 0.0477242767810822 0.0462019629776478 0.0508133545517921 0.0480112917721272 0.0470747388899326 0.0512494184076786 0.0457644760608673 0.0560236275196075 -99.9 0.0614327751100063 0.0834301188588142 0.0957758203148842 0.0846296921372414 0.0944400504231453 0.0983408540487289 0.0614397190511227 -99.9 -99.9 -99.9 -99.9 -99.9 -99.9 -99.9 -99.9 -99.9 -99.9 -99.9 -99.9 -99.9 -99.9 -99.9 -99.9 -99.9 -99.9 -99.9 -99.9 -99.9 -99.9 -99.9 -99.9 -99.9 -99.9 -99.9 -99.9 -99.9 -99.9 -99.9 -99.9 -99.9 -99.9 -99.9 0.0486189760267735 0.0406349413096905
0.0541758015751839 0.0520683191716671 0.0502925105392933 0.0505204424262047 0.048440009355545 0.0486270599067211 0.048061553388834 0.0472455695271492 0.0467282868921757 0.0529390387237072 0.046900037676096 -99.9 -99.9 0.0863546952605247 0.097919873893261 0.10439570248127 0.0987101793289185 0.0524984151124954 -99.9 0.0881133452057838 -99.9 0.129505425691605 0.117117799818516 -99.9 -99.9 -99.9 -99.9 -99.9 -99.9 -99.9 -99.9 -99.9 -99.9 -99.9 -99.9 -99.9 -99.9 -99.9 -99.9 -99.9 -99.9 -99.9 -99.9 -99.9 -99.9 -99.9 -99.9 -99.9 -99.9 -99.9 -99.9 -99.9 -99.9 -99.9 0.0504408292472363 0.0488680861890316 0.0414713993668556
0.0509023629128933 0.0495188720524311 0.047970961779356 0.0491284541785717 0.0468181669712067 0.0469264462590218 0.0498463176190853 0.0508272722363472 0.0427839420735836 0.0429963804781437 -99.9 -99.9 0.0979787334799767 0.107129767537117 0.0970161333680153 0.0935306400060654 0.065764032304287 0.098481610417366 0.106568560004234 0.08050387352705 -99.9 -99.9 0.123449563980103 -99.9 -99.9 -99.9 -99.9 -99.9 -99.9 -99.9 -99.9 -99.9 -99.9 -99.9 -99.9 -99.9 -99.9 -99.9 -99.9 -99.9 -99.9 -99.9 -99.9 -99.9 -99.9 -99.9 -99.9 -99.9 -99.9 -99.9 -99.9 -99.9 -99.9 -99.9 0.04691256955266 0.0364011190831661 0.0432464405894279
0.0483604669570923 0.0486773252487183 0.0474049896001816 0.0469157472252846 0.0479368232190609 0.0463359840214252 0.044579342007637 0.0420414619147778 0.0477785281836987 0.0473331101238728 0.0471912994980812 0.070243239402771 0.091317243874073 0.0911979004740715 0.101783573627472 0.107789866626263 0.119499675929546 0.11168622225523 0.0961985439062119 0.0714825615286827 0.057205855846405 0.0902954861521721 0.122332185506821 0.12069084495306 -99.9 -99.9 -99.9 -99.9 -99.9 -99.9 -99.9 -99.9 -99.9 -99.9 -99.9 -99.9 -99.9 -99.9 -99.9 -99.9 -99.9 -99.9 -99.9 -99.9 -99.9 -99.9 -99.9 -99.9 -99.9 -99.9 -99.9 -99.9 -99.9 0.0496555231511593 0.040115974843502 0.0358918830752373 0.042168103158474
0.0499327294528484 0.0480203106999397 0.0514087975025177 0.0508065298199654 0.0478639267385006 0.0470398999750614 0.0416336581110954 0.0410982668399811 0.0417850762605667 0.0451609008014202 0.0509863756597042 0.0731533840298653 0.0716440752148628 0.0929787084460258 0.0938898101449013 0.0971292108297348 0.0506977699697018 0.0477569214999676 0.0578919537365437 0.0614558272063732 0.0531288795173168 -99.9 -99.9 -99.9 -99.9 -99.9 -99.9 -99.9 -99.9 -99.9 -99.9 -99.9 -99.9 -99.9 -99.9 -99.9 -99.9 -99.9 -99.9 -99.9 -99.9 -99.9 -99.9 -99.9 -99.9 -99.9 -99.9 -99.9 -99.9 -99.9 -99.9 -99.9 0.0484114214777946 0.0605094023048878 0.0359236001968384 0.0350139774382114 0.0372533425688744
0.0432261116802692 0.043673187494278 0.0601956583559513 0.0679772794246674 0.0663361325860023 0.059932965785265 0.0435639247298241 0.0408075712621212 0.0416303835809231 0.0551238209009171 0.0493817739188671 0.0622485317289829 0.0537746474146843 0.0486935190856457 0.0564781650900841 0.0487686097621918 0.0437777973711491 -99.9 0.0532477088272572 0.0557706393301487 -99.9 -99.9 -99.9 -99.9 -99.9 -99.9 -99.9 -99.9 -99.9 -99.9 -99.9 -99.9 -99.9 -99.9 -99.9 -99.9 -99.9 -99.9 -99.9 -99.9 -99.9 -99.9 -99.9 -99.9 -99.9 -99.9 -99.9 -99.9 -99.9 -99.9 -99.9 0.0937374457716942 0.0458240397274494 0.038320854306221 0.034468911588192 0.0334925279021263 0.0337460674345493
