fish_book/data/sediment/Wilson_et_al_2017_data_files_asc/TN.asc
NCOLS 200
NROWS 150
XLLCORNER -16
YLLCORNER 44
CELLSIZE 0.125
NODATA_VALUE -99.9
[rows 0 to 24 of 150, columns 114 to 170 of 200]
-99.9 -99.9 -99.9 -99.9 -99.9 -99.9 -99.9 -99.9 -99.9 -99.9 -99.9 -99.9 -99.9 -99.9 -99.9 -99.9 -99.9 -99.9 -99.9 -99.9 -99.9 -99.9 -99.9 -99.9 -99.9 -99.9 -99.9 -99.9 -99.9 -99.9 -99.9 -99.9 -99.9 -99.9 -99.9 -99.9 -99.9 -99.9 -99.9 -99.9 -99.9 -99.9 -99.9 -99.9 -99.9 -99.9 -99.9 -99.9 -99.9 -99.9 -99.9 -99.9 -99.9 -99.9 -99.9 -99.9 -99.9
-99.9 -99.9 -99.9 -99.9 -99.9 -99.9 -99.9 -99.9 -99.9 -99.9 -99.9 -99.9 -99.9 -99.9 -99.9 -99.9 -99.9 -99.9 -99.9 -99.9 -99.9 -99.9 -99.9 -99.9 -99.9 -99.9 -99.9 -99.9 -99.9 -99.9 -99.9 -99.9 -99.9 -99.9 -99.9 -99.9 -99.9 -99.9 -99.9 -99.9 -99.9 -99.9 -99.9 -99.9 -99.9 -99.9 -99.9 -99.9 -99.9 -99.9 -99.9 -99.9 -99.9 -99.9 -99.9 -99.9 -99.9
-99.9 -99.9 -99.9 -99.9 -99.9 -99.9 -99.9 -99.9 -99.9 -99.9 -99.9 -99.9 -99.9 -99.9 -99.9 -99.9 -99.9 -99.9 -99.9 -99.9 -99.9 -99.9 -99.9 -99.9 -99.9 -99.9 -99.9 -99.9 -99.9 -99.9 -99.9 -99.9 -99.9 -99.9 -99.9 -99.9 -99.9 -99.9 -99.9 -99.9 -99.9 -99.9 -99.9 -99.9 -99.9 -99.9 -99.9 -99.9 -99.9 -99.9 -99.9 -99.9 -99.9 -99.9 -99.9 -99.9 -99.9
-99.9 -99.9 -99.9 -99.9 -99.9 -99.9 -99.9 -99.9 -99.9 -99.9 -99.9 -99.9 -99.9 -99.9 -99.9 -99.9 -99.9 -99.9 -99.9 -99.9 -99.9 -99.9 -99.9 -99.9 -99.9 -99.9 -99.9 -99.9 -99.9 -99.9 -99.9 -99.9 -99.9 -99.9 -99.9 -99.9 -99.9 -99.9 -99.9 -99.9 -99.9 -99.9 -99.9 -99.9 -99.9 -99.9 -99.9 -99.9 -99.9 -99.9 -99.9 -99.9 -99.9 -99.9 -99.9 -99.9 -99.9
-99.9 -99.9 -99.9 -99.9 -99.9 -99.9 -99.9 -99.9 -99.9 -99.9 -99.9 -99.9 -99.9 -99.9 -99.9 -99.9 -99.9 -99.9 -99.9 -99.9 -99.9 -99.9 -99.9 -99.9 -99.9 -99.9 -99.9 -99.9 -99.9 -99.9 -99.9 -99.9 -99.9 -99.9 -99.9 -99.9 -99.9 -99.9 -99.9 -99.9 -99.9 -99.9 -99.9 -99.9 -99.9 -99.9 -99.9 -99.9 -99.9 -99.9 -99.9 -99.9 -99.9 -99.9 -99.9 -99.9 -99.9
-99.9 -99.9 -99.9 -99.9 -99.9 -99.9 -99.9 -99.9 -99.9 -99.9 -99.9 -99.9 -99.9 -99.9 -99.9 -99.9 -99.9 -99.9 -99.9 -99.9 -99.9 -99.9 -99.9 -99.9 -99.9 -99.9 -99.9 -99.9 -99.9 -99.9 -99.9 -99.9 -99.9 -99.9 -99.9 -99.9 -99.9 -99.9 -99.9 -99.9 -99.9 -99.9 -99.9 -99.9 -99.9 -99.9 -99.9 -99.9 -99.9 -99.9 -99.9 -99.9 -99.9 -99.9 -99.9 -99.9 -99.9
-99.9 -99.9 -99.9 -99.9 -99.9 -99.9 -99.9 -99.9 0.0809722319245338 0.0796297565102577 0.0703612416982651 0.0732688084244728 0.0746336877346039 0.072143130004406 0.0637585669755936 0.063320130109787 0.0635135248303413 0.0634154751896858 0.0625637918710709 0.061742726713419 0.0605755895376205 0.0608536079525948 0.0616859644651413 0.0621733069419861 0.063176117837429 0.0671509802341461 0.0980784744024277 0.111850142478943 0.108836598694324 0.108125455677509 0.112475842237473 0.109078131616116 0.109601199626923 0.112243644893169 0.110058426856995 0.115311533212662 0.116175822913647 0.112863563001156 0.114343240857124 0.117639049887657 0.124832719564438 0.126016199588776 0.123448431491852 0.113585859537125 0.0834483504295349 0.0818235501646996 0.080461174249649 0.0904893651604652 0.0901826992630959 0.0920908376574516 0.0947562158107758 0.094502866268158 0.108447588980198 -99.9 -99.9 -99.9 -99.9
-99.9 -99.9 -99.9 -99.9 -99.9 -99.9 0.0747515931725502 0.0747059062123299 0.0751816406846046 0.0704159215092659 0.0724764168262482 0.0602324716746807 0.0592264868319035 0.0600846223533154 0.0590351782739162 0.0605380162596703 0.0604898668825626 0.0632936358451843 0.0611941367387772 0.0609141699969769 0.0663293525576591 0.0618347376585007 0.06084069237113 0.0607951581478119 0.0599527582526207 0.0624805763363838 0.0798473283648491 0.0980522781610489 0.107439324259758 0.111954435706139 0.112809240818024 0.112158566713333 0.110062517225742 0.11353924125433 0.112832054495811 0.113548792898655 0.114704981446266 0.115256816148758 0.11555989831686 0.121436551213264 0.124334290623665 0.127483770251274 0.125125244259834 0.108798816800117 0.0966889932751656 0.0940155535936356 0.0843871459364891 0.0927827730774879 0.0932987928390503 0.0957686603069305 0.0970122143626213 0.100696347653866 -99.9 -99.9 -99.9 -99.9 -99.9
-99.9 -99.9 -99.9 -99.9 0.0838484615087509 0.0780534967780113 0.070182703435421 0.0705082267522812 0.0792315453290939 0.0644923225045204 0.0588887482881546 0.059426449239254 0.0597042888402939 0.0602658279240131 0.0613368824124336 0.0611353144049644 0.0606237463653088 0.061176385730505 0.0609662272036076 0.0640217810869217 0.0618807300925255 0.0644555315375328 0.06190150603652 0.0625848472118378 0.0652590468525887 0.0616682283580303 0.0626562684774399 0.0758559331297874 0.0855470970273018 0.10438746213913 0.11046676337719 0.107165202498436 0.109991997480392 0.109354518353939 0.112441994249821 0.114342987537384 0.11459019780159 0.116280570626259 0.12145633995533 0.126348495483398 0.129921123385429 0.123793959617615 0.123058162629604 0.126005247235298 0.116350881755352 0.115301847457886 0.102848500013351 0.0854649469256401 0.089336983859539 0.103119969367981 0.0996775776147842 0.103750601410866 -99.9 -99.9 -99.9 -99.9 -99.9
-99.9 -99.9 -99.9 0.0548361651599407 0.0575174540281296 0.0572813451290131 0.0617560744285583 0.072386771440506 0.0728418380022049 0.0732216909527779 0.0629568323493004 0.0605733431875706 0.0633199363946915 0.0611656792461872 0.059399638324976 0.0597206316888332 0.0602873675525188 0.0593958683311939 0.0620975084602833 0.0602142252027988 0.0621901527047157 0.0637462809681892 0.0650022998452187 0.0641259253025055 0.0650841295719147 0.0599958561360836 0.0609239973127842 0.0612959340214729 0.067758210003376 0.0796785727143288 0.0837962403893471 0.10137565433979 0.107681460678577 0.109820380806923 0.112581245601177 0.115722842514515 0.117976136505604 0.119677253067493 0.124261133372784 0.126938655972481 0.123913273215294 0.122271567583084 0.125764712691307 0.126450225710869 0.125356450676918 0.111919783055782 0.109155260026455 0.101511791348457 0.0994506105780602 0.0992827862501144 0.103770613670349 -99.9 -99.9 -99.9 -99.9 -99.9 -99.9
-99.9 -99.9 0.0562167949974537 0.054591104388237 0.0626740828156471 0.0625026896595955 0.0675177425146103 0.0662492513656616 0.0723583027720451 0.0600088350474834 0.0637719482183456 0.0634278655052185 0.0618741922080517 0.0626254007220268 0.0639990344643593 0.0636780709028244 0.0605965293943882 0.0610875487327576 0.0608548186719418 0.0585122779011726 0.0591996535658836 0.0634782165288925 0.0617895610630512 0.0632591396570206 0.0616652853786945 0.061666451394558 0.0600379593670368 0.0577111206948757 0.0583265498280525 0.0639695227146149 0.0646257773041725 0.0639409050345421 0.0825005099177361 0.10512438416481 0.0857829824090004 0.10562689602375 0.116622805595398 0.118741199374199 0.123269453644753 0.126169890165329 0.124878153204918 0.126937389373779 0.124787017703056 0.122447445988655 0.123193643987179 0.127802401781082 0.127175778150558 0.111606493592262 0.113138265907764 0.0985311791300774 0.0986039489507675 0.109269924461842 0.101913146674633 0.103216551244259 -99.9 -99.9 -99.9
0.0563475601375103 0.0641089156270027 0.06295146048069 0.0530215837061405 0.060657624155283 0.0559326782822609 0.0642007663846016 0.0634598508477211 0.0638549700379372 0.062379214912653 0.0630630478262901 0.0627442821860313 0.0618714913725853 0.0613569729030132 0.0612264834344387 0.0630029812455177 0.062724694609642 0.0660601779818535 0.0628849789500237 0.0614180080592632 0.0624374002218246 0.0597276166081429 0.0637359470129013 0.0622948557138443 0.0605415925383568 0.0591456443071365 0.060453537851572 0.0604766793549061 0.0601854436099529 0.05665023624897 0.0596579127013683 0.0628264620900154 0.0627188682556152 0.0650288313627243 0.0757646188139915 0.0868818089365959 0.109528712928295 0.119908504188061 0.125817716121674 0.124891556799412 0.128985092043877 0.124976001679897 0.126446440815926 0.122052773833275 0.121268644928932 0.122647978365421 0.124070167541504 0.112223669886589 0.109431274235249 0.100679628551006 0.100006610155106 -99.9 0.101051650941372 -99.9 -99.9 -99.9 -99.9
0.0524962842464447 0.0507049262523651 0.0509167723357677 0.0599502399563789 0.058688722550869 0.0612308569252491 0.0615967884659767 0.0611820928752422 0.0627603530883789 0.0611154660582542 0.0625414848327637 0.0628421604633331 0.0592604950070381 0.0643394067883492 0.0613294206559658 0.0615797154605389 0.0608067773282528 0.0620621144771576 0.0640901252627373 0.0629948079586029 0.0656782761216164 0.061211135238409 0.0641050711274147 0.0615159682929516 0.0585665330290794 0.0564681328833103 0.0604560859501362 0.0604246892035007 0.0563983172178268 0.0590954646468163 0.055740799754858 0.0544103793799877 0.0614917725324631 0.0611827969551086 0.0628172159194946 0.0726083144545555 0.0881698802113533 0.116883493959904 0.121104873716831 0.121798776090145 0.124263077974319 0.124064028263092 0.119392223656178 0.120527528226376 0.0884186550974846 0.11938863992691 0.129043713212013 0.121061943471432 0.102869734168053 0.0891694128513336 0.0960362628102303 -99.9 -99.9 -99.9 -99.9 -99.9 -99.9
0.0599426254630089 0.0601924322545528 0.0587330125272274 0.061732605099678 0.0544405616819859 0.055084303021431 0.0598395504057407 0.0591592155396938 0.0519004836678505 0.0596662908792496 0.0590076260268688 0.0581325814127922 0.0601238384842873 0.0602140612900257 0.0584710985422134 0.0586972534656525 0.0606808923184872 0.0619953237473965 0.0622921139001846 0.0614898577332497 0.0590451024472713 0.0616971142590046 0.0596101731061935 0.0577228106558323 0.0634036883711815 0.0593525841832161 0.0602242462337017 0.0607961006462574 0.0594544634222984 0.0566256791353226 0.0547231547534466 0.0549614988267422 0.0561156906187534 0.0591014586389065 0.059615109115839 0.0623899921774864 0.074879564344883 0.100094601511955 0.119942419230938 0.120439790189266 0.121702626347542 0.125554949045181 0.118995100259781 0.119290262460709 0.119479268789291 0.118977397680283 0.108684778213501 0.128037750720978 0.1164381057024 0.103105083107948 0.103721171617508 -99.9 -99.9 -99.9 -99.9 -99.9 -99.9
0.052044715732336 0.0509264878928661 0.049795426428318 0.0492746494710445 0.0512229651212692 0.0522420145571232 0.0533877424895763 0.0509463101625443 0.0516561232507229 0.0527043864130974 0.0502985306084156 0.0608506724238396 0.0641919150948524 0.0612439140677452 0.0601339787244797 0.0582429058849812 0.0557387880980968 0.0552107319235802 0.0579025596380234 0.0601613074541092 0.0584812127053738 0.0572559423744678 0.057991836220026 0.0566140748560429 0.0576909407973289 0.0619613043963909 0.0572506710886955 0.0573375560343266 0.0551917254924774 0.0558367855846882 0.0568434931337833 0.0562663078308105 0.0547774881124496 0.055201567709446 0.0522910095751286 0.0598021298646927 0.0625326931476593 0.0812727734446526 0.109113045036793 0.118634186685085 0.122920349240303 0.122254230082035 0.125107735395432 0.124268248677254 0.120934545993805 0.121845670044422 0.125220015645027 0.128678873181343 0.127161398530006 0.101554118096828 0.105074480175972 0.107489466667175 -99.9 -99.9 -99.9 -99.9 -99.9
0.0512478575110435 0.0506263598799706 0.0531512834131718 0.0499543659389019 0.0498516894876957 0.0525355748832226 -99.9 -99.9 0.0501203425228596 0.0536226965487003 0.048533670604229 0.0600745677947998 0.051963072270155 0.0617313385009766 0.0629183501005173 0.060102965682745 0.0601586811244488 0.061481736600399 0.0584415756165981 0.0607491880655289 0.0627272725105286 0.0610594563186169 0.067749872803688 0.0614631101489067 0.0602711662650108 0.0642015635967255 0.0612598098814487 0.0561670809984207 0.0534575991332531 0.0569619201123714 0.0579301230609417 0.056564923375845 0.0584468804299831 0.0554999783635139 0.053538229316473 0.0539965517818928 0.0582932755351067 0.0619433373212814 0.0737297311425209 0.104783214628696 0.119989939033985 0.121457114815712 0.123950354754925 0.120437160134315 0.123718664050102 0.122738227248192 0.124470330774784 0.122840091586113 0.117242358624935 0.118789069354534 0.106212444603443 0.103750132024288 -99.9 -99.9 -99.9 -99.9 -99.9
0.0547071322798729 0.0482625365257263 0.0490571893751621 0.050269577652216 0.0523582920432091 -99.9 -99.9 0.054940190166235 0.0509706251323223 0.0552475787699223 0.0582467839121819 0.0554248355329037 0.0475745834410191 0.0479176267981529 0.0571806840598583 0.0629715174436569 0.0616316869854927 0.0591807849705219 0.0589945428073406 0.0596926286816597 0.06350277364254 0.0721976384520531 0.0701773166656494 0.0674051940441132 0.0691782981157303 0.0684161633253098 0.079615093767643 0.0744189769029617 0.0562056116759777 0.0543918199837208 0.0574281923472881 0.0554806180298328 0.0590182952582836 0.0549658350646496 0.052081011235714 0.0505833141505718 0.0517410486936569 0.0594560652971268 0.0672542676329613 0.0862466245889664 0.113074749708176 0.118580728769302 0.126191258430481 0.121544897556305 0.120602451264858 0.119432620704174 0.12261226773262 0.123597748577595 0.12642739713192 0.124910496175289 0.118097968399525 0.10123498737812 0.0976250767707825 -99.9 -99.9 -99.9 -99.9
0.0489267483353615 0.0519075766205788 -99.9 -99.9 -99.9 -99.9 0.0559922307729721 0.0570682920515537 0.054991040378809 0.0665962696075439 0.0540735125541687 0.0504363738000393 0.0541893020272255 0.0525875464081764 0.0593003518879414 0.0594106242060661 0.061293575912714 0.0620832741260529 0.0602472871541977 0.0594562590122223 0.0582841448485851 0.0578086636960506 0.0569021850824356 0.0541616827249527 0.055451288819313 0.0577539503574371 0.0572672411799431 0.0587723776698112 0.0515590123832226 0.0543750859797001 0.0726829245686531 0.074271634221077 0.0593507438898087 0.0509635843336582 0.04853555560112 0.0487927310168743 0.0476727001368999 0.0520023442804813 0.0584016665816307 0.0675081834197044 0.0814981386065483 0.0924979448318481 0.123177491128445 0.124662913382053 0.121873363852501 0.124218136072159 0.122412592172623 0.129712417721748 0.119913198053837 0.124231167137623 0.123651199042797 0.114842481911182 -99.9 -99.9 -99.9 -99.9 -99.9
0.0551603995263577 0.0589576996862888 -99.9 -99.9 -99.9 -99.9 0.0635281652212143 0.0540762394666672 0.0542279221117496 0.0616227798163891 0.0512018427252769 0.0510174334049225 0.0567751526832581 0.0632199048995972 0.0594979785382748 0.0602536424994469 0.0622639916837215 0.0624416880309582 0.0587385520339012 0.060755230486393 0.0613247863948345 0.0671156197786331 0.0814119130373001 0.077126570045948 0.0754823386669159 0.0633742138743401 0.0529103949666023 0.0521752312779427 0.0515656284987926 0.0492268949747086 0.0579110719263554 0.0616227388381958 0.0533978752791882 0.0470302999019623 0.0470349080860615 0.0472516342997551 0.0486938618123531 0.0472319312393665 0.0521338060498238 0.0581456050276756 0.066658191382885 0.0705211237072945 0.123242862522602 0.126208588480949 0.12738510966301 0.124781183898449 0.122181758284569 0.12778314948082 0.123137727379799 0.124916635453701 0.118692137300968 0.120241284370422 0.110436826944351 -99.9 -99.9 -99.9 -99.9
-99.9 0.0632600858807564 -99.9 -99.9 -99.9 0.0546861588954926 0.0586139932274818 0.0507716611027718 0.0512449778616428 0.0519648045301437 0.0528269745409489 0.054697010666132 0.0614339224994183 0.0618626400828362 0.0623901151120663 0.0701064839959145 0.069863960146904 0.0587300881743431 0.0584779158234596 0.0741314589977264 0.0783176869153976 0.0926357507705688 0.0997685641050339 0.0796537026762962 0.0710677728056908 0.0630775764584541 0.0539741367101669 0.0490928776562214 0.0498729720711708 0.0468826666474342 0.0449781455099583 0.0488224849104881 0.049919955432415 0.0474084988236427 0.0472671687602997 0.0474624298512936 0.0474164970219135 0.0491144433617592 0.0541967414319515 0.0587567649781704 0.0704918727278709 0.0892858356237411 0.122472688555717 0.130203917622566 0.128702148795128 0.12812627851963 0.127272501587868 0.124300472438335 0.127754032611847 0.120346657931805 0.122685447335243 0.117435343563557 0.125151917338371 -99.9 -99.9 -99.9 -99.9
0.0496328547596931 0.060840979218483 -99.9 -99.9 -99.9 -99.9 0.05573420971632 0.0552997253835201 0.0591639876365662 0.0597501806914806 0.0608171448111534 0.0606611333787441 0.059964831918478 0.059479333460331 0.0690865516662598 0.0792315378785133 0.0620214492082596 0.0626163110136986 0.0711910724639893 0.0766715481877327 0.0744527727365494 0.0701543316245079 0.0772607401013374 0.0774742960929871 0.058955505490303 0.0469377152621746 0.0534594617784023 0.0500282384455204 0.0502856746315956 0.0468570962548256 0.0439276285469532 0.0468284450471401 0.0491939038038254 0.0517596900463104 0.0493821017444134 0.0468745157122612 0.0497032999992371 0.0542171411216259 0.0552844479680061 0.0703677907586098 0.0939024463295937 0.120404906570911 0.119366660714149 0.123310901224613 0.12400595843792 0.12747910618782 0.130189940333366 0.12796339392662 0.125440821051598 0.126662105321884 0.126416251063347 0.118787154555321 0.124487444758415 0.102680042386055 -99.9 -99.9 -99.9
0.0449975654482841 0.051395770162344 0.0602998249232769 -99.9 -99.9 0.0550890378654003 0.0479956977069378 0.0583012029528618 0.0593630746006966 0.0625172629952431 0.0636549890041351 0.0622328221797943 0.0625104457139969 0.0622301958501339 0.0755420699715614 0.0851232632994652 0.0724309757351875 0.0602606125175953 0.062748022377491 0.0628537908196449 0.060542568564415 0.0599256940186024 0.0580415017902851 0.0657206997275352 0.0546372979879379 0.0472287572920322 0.0537689551711082 0.0527509972453117 0.0483312904834747 0.047556396573782 0.0474778413772583 0.0439944565296173 0.0529332496225834 0.0520854108035564 0.0515313521027565 0.0489857606589794 0.0527224168181419 0.0550592541694641 0.0545336678624153 0.0719077661633492 0.10025317966938 0.123355500400066 0.118159770965576 0.119904324412346 0.123317159712315 0.123088285326958 0.12457899004221 0.125575870275497 0.131287217140198 0.124251820147038 0.122173652052879 0.114882029592991 0.124706842005253 0.111024357378483 -99.9 -99.9 -99.9
0.047666423022747 0.0496655367314816 0.0496908016502857 -99.9 0.0520277880132198 0.0501950941979885 0.0551658049225807 0.0614908337593079 0.0625016465783119 0.0633224695920944 0.0619441941380501 0.0618040449917316 0.0612671785056591 0.0653102472424507 0.0694912821054459 0.0797987654805183 0.0696711540222168 0.0594413205981255 0.0604240782558918 0.0626310631632805 0.063450425863266 0.0605087541043758 0.0606494136154652 0.0593742430210114 0.0575101338326931 0.0506928451359272 0.0512960739433765 0.0507943332195282 0.048345509916544 0.0475030541419983 0.0434381142258644 0.0491146631538868 0.0535457842051983 0.0524312220513821 0.0563745275139809 0.057163018733263 0.0524649135768414 0.0551537461578846 0.0575555749237537 0.0658455118536949 0.0876282751560211 0.114163942635059 0.120912596583366 0.119683809578419 0.122403390705585 0.122119382023811 0.122244752943516 0.121639087796211 0.124609783291817 0.12431176751852 0.124104492366314 0.117857940495014 0.113633170723915 0.109744906425476 0.111995205283165 -99.9 -99.9
0.0444050617516041 0.0482698269188404 0.0485756099224091 0.0501475818455219 0.0487655512988567 0.0533649399876595 0.0592821203172207 0.0603399835526943 0.0627307072281837 0.0629544854164124 0.0641385242342949 0.0614485517144203 0.068848080933094 0.069099061191082 0.0791590139269829 0.0755810439586639 0.065647080540657 0.0623264722526073 0.0754789635539055 0.0733515247702599 0.059640895575285 0.0555320866405964 0.0587965846061707 0.0546592101454735 0.0553979352116585 0.0591627694666386 0.0562539957463741 0.0530988946557045 0.0513883866369724 0.0522351078689098 0.0514299124479294 0.0502341799438 0.0540720000863075 0.0565158277750015 0.0599783360958099 0.0571602322161198 0.0557219460606575 0.0513685457408428 0.0554919242858887 0.0609922185540199 0.0708406642079353 0.0873203724622726 0.125762060284615 0.121996894478798 0.123046837747097 0.123087607324123 0.124278530478477 0.123528115451336 0.125692173838615 0.124533653259277 0.122520133852959 0.124292589724064 0.116052202880383 0.113657459616661 -99.9 -99.9 -99.9
0.0441400706768036 0.0449373088777065 0.0446171313524246 0.0453499518334866 0.0492688491940498 0.0554247871041298 0.0600622147321701 0.0596896857023239 0.0634277611970901 0.0647252574563026 0.0622048154473305 0.0608333759009838 0.0740836411714554 0.0770257413387299 0.0864327773451805 0.0829501673579216 0.0717204883694649 0.0815158188343048 0.0816312581300735 0.0728012770414352 0.0627960860729218 0.0610884465277195 0.0560864321887493 0.0554436147212982 0.0609003454446793 0.0582140199840069 0.0598884634673595 0.0570684149861336 0.0633164718747139 0.0544402524828911 0.0520497150719166 0.0592628419399261 0.0592651627957821 0.0621091164648533 0.0587124191224575 0.0562291964888573 0.0578713417053223 0.0528694838285446 0.0568227507174015 0.0601544566452503 0.0792605206370354 0.093240424990654 0.128355443477631 0.124517381191254 0.124344058334827 0.123323746025562 0.122225105762482 0.121928453445435 0.126007035374641 0.126527473330498 0.127135664224625 0.130446642637253 0.132453545928001 0.132161423563957 0.122655384242535 -99.9 -99.9
