fish_book/data/sediment/Wilson_et_al_2017_data_files_asc/TN.asc
NCOLS 200
NROWS 150
XLLCORNER -16
YLLCORNER 44
CELLSIZE 0.125
NODATA_VALUE -99.9
[rows 100 to 124 of 150, columns 57 to 113 of 200]
0.055870532989502 0.0639144107699394 0.0634772703051567 0.0633667036890984 0.0762752667069435 0.0739472731947899 0.0620917901396751 0.0505573004484177 0.0482408851385117 0.0520446635782719 0.0607360862195492 0.0700000002980232 0.0700000002980232 0.0888353958725929 0.0508931428194046 0.0480042025446892 0.0479019992053509 0.0437637940049171 0.037207867950201 0.0368453487753868 0.0375383198261261 0.0356428474187851 0.0328026488423347 0.0310904234647751 0.0331277325749397 -99.9 -99.9 -99.9 -99.9 -99.9 -99.9 -99.9 0.0521081313490868 0.0423080883920193 0.0396885201334953 0.0523897223174572 0.0577727183699608 0.0654675215482712 0.058695275336504 0.0553166531026363 0.0513050183653831 0.0470324866473675 0.0415510796010494 0.0397258549928665 0.0356327965855598 0.0342796966433525 0.0346322618424892 0.0349238850176334 0.0347298495471478 0.0347090288996696 0.034721814095974 0.0407534502446651 0.0367143303155899 0.0371330305933952 0.034833762794733 0.0356168858706951 0.0330282226204872
0.0552447475492954 0.0570506267249584 0.0670207962393761 0.0658991858363152 0.0841596350073814 0.0728327333927155 0.0639292672276497 0.0519071072340012 0.0620069019496441 0.0646450147032738 0.0622396096587181 0.0692859664559364 0.0668064653873444 0.0759908482432365 0.0486415885388851 0.0454101637005806 0.0471869222819805 0.044424943625927 0.0342163033783436 0.0364304147660732 0.0370409041643143 0.0367839150130749 0.0305253881961107 0.0310857407748699 0.0337929390370846 -99.9 -99.9 0.0495853424072266 -99.9 -99.9 -99.9 0.0430587083101273 0.0385791398584843 0.0400655567646027 0.0385422669351101 0.0403381809592247 0.0359743721783161 0.0412040874361992 0.0385709963738918 0.0362698435783386 0.0342774726450443 0.0321475714445114 0.0330415181815624 0.0393198430538177 0.0358752682805061 0.0342473313212395 0.0343532599508762 0.0341006107628345 0.0334131382405758 0.0336840488016605 0.0350480750203133 0.0336657352745533 0.0392903983592987 0.0360730364918709 0.0401212424039841 0.0355522371828556 0.0309962183237076
0.0552147962152958 0.0570388063788414 0.0633156597614288 0.0623042769730091 0.0670237839221954 0.0629543885588646 0.0580805502831936 0.0557299368083477 0.0611969865858555 0.0634306073188782 0.063053160905838 0.0630506128072739 0.0545624569058418 0.057782344520092 0.0473522506654263 0.043299525976181 0.0455374047160149 0.043023943901062 0.0437840521335602 0.0457321107387543 -99.9 0.0418275594711304 0.0371249094605446 0.0316110551357269 0.0343114547431469 0.0369085520505905 0.0384331457316875 0.0379871912300587 0.0415060631930828 0.0452291145920753 0.0388491153717041 0.036619495600462 0.0369604080915451 0.0365896262228489 0.0349606573581696 0.0358807742595673 0.0358902253210545 0.0404932722449303 0.0371419340372086 0.0338207334280014 0.0313031226396561 0.0324589870870113 0.032808281481266 0.0320389978587627 0.0333415158092976 0.0341717749834061 0.0336764976382256 0.0383062697947025 0.0334479101002216 0.0350067391991615 0.0368769429624081 0.0334506258368492 0.0362873375415802 0.0313209369778633 0.0328007489442825 0.026527963578701 0.028356758877635
0.0489659756422043 0.0470890291035175 0.0496171191334724 0.0518613681197166 0.061844278126955 0.0614431388676167 0.0445947274565697 0.0447547994554043 0.0602444931864738 0.0561100468039513 0.0660490468144417 0.0503485798835754 0.0649633407592773 0.0637563467025757 0.0585177429020405 0.043001689016819 0.045068796724081 0.0448945686221123 0.0375699549913406 0.0381876081228256 0.0372306704521179 0.0354926027357578 0.0330905169248581 0.0308197326958179 0.0329219922423363 0.0351100899279118 0.0357682891190052 0.0359559953212738 0.0360797271132469 0.0351607427000999 0.0361768007278442 0.0357807315886021 0.0358538776636124 0.0344983600080013 0.0361139290034771 0.0356126129627228 0.0354067273437977 0.0386427119374275 0.0355627574026585 0.0348786376416683 0.0335726849734783 0.0341402813792229 0.032427541911602 0.0334418006241322 0.0338058136403561 0.0321968048810959 0.0331578403711319 0.0328973680734634 0.0326625145971775 0.0335671305656433 0.0312608033418655 0.0300514362752438 0.0320502631366253 0.0385559387505054 0.0377015769481659 0.0383307561278343 0.0376695320010185
0.0458549447357655 0.0499794706702232 0.0501065813004971 0.051199346780777 0.0484413616359234 0.0520890839397907 0.0469111986458302 0.0510925240814686 0.0517197623848915 0.0488018468022346 0.0509449280798435 0.050781138241291 0.0560820139944553 0.0554157681763172 0.0491215735673904 0.0443767569959164 0.0440902002155781 0.0499939061701298 0.0420220568776131 0.044721957296133 0.0403590127825737 0.0366710051894188 0.0377902202308178 0.0300070028752089 0.030721141025424 0.0326801910996437 0.0357005968689919 0.0382475070655346 0.0385467708110809 0.0344135463237762 0.0349689684808254 0.0343049354851246 0.0345242023468018 0.0357058756053448 0.0348808392882347 0.0366858914494514 0.0353744961321354 0.0400027669966221 0.0359569825232029 0.0356377959251404 0.03499860689044 0.0344551578164101 0.034582257270813 0.0343057438731194 0.0329300872981548 0.0325416475534439 0.0328883156180382 0.0314559787511826 0.0338879786431789 0.0325452946126461 0.0349806062877178 0.0371130853891373 0.0437252521514893 0.0433037504553795 0.0385080426931381 -99.9 -99.9
0.0479026176035404 0.0481778532266617 0.0490030124783516 0.0456034056842327 0.0455675460398197 0.0433177426457405 0.0436631366610527 0.0445166081190109 0.044074609875679 0.0465087816119194 0.0442101508378983 0.0507303737103939 0.0461633428931236 0.0463660769164562 0.0449339523911476 0.0418668538331985 0.044653594493866 0.0437105819582939 0.0438210666179657 0.0429226793348789 0.0446560978889465 0.0444194264709949 0.0411428958177567 0.0299999993294477 0.0300010703504086 0.0304737817496061 0.0366086550056934 0.0381603576242924 0.0334425196051598 0.0343448594212532 0.0350403524935246 0.0348191969096661 0.0352727919816971 0.0346409603953362 0.0396752171218395 0.0350823439657688 0.0398827008903027 0.0355171002447605 0.0370446667075157 0.0358900502324104 0.0353467836976051 0.0345951765775681 0.0351509675383568 0.035514984279871 0.0281540472060442 0.0342739708721638 0.0351553671061993 0.039807990193367 0.0401664786040783 0.0380060374736786 0.041196446865797 0.0411538109183311 0.0370088703930378 0.0385501608252525 0.0390431024134159 0.0454610176384449 -99.9
0.0475694537162781 0.0481549203395844 0.0474049597978592 0.0467588603496552 0.0466525591909885 0.0452076680958271 0.0461726635694504 0.0470871217548847 0.0450028851628304 0.0461566336452961 0.0451457314193249 0.0454578697681427 0.0439978577196598 0.0431410744786263 0.0429034829139709 0.0431559011340141 0.0429246239364147 0.0428970530629158 0.0433144420385361 0.0405747033655643 0.0404943265020847 0.0419670604169369 0.0404965244233608 0.0407232753932476 0.0409231744706631 0.043795719742775 0.0414970070123672 0.0359928347170353 0.0364463441073895 0.035477951169014 0.035971537232399 0.0392331704497337 0.0355771705508232 0.0352889895439148 0.0357776321470737 0.0365592651069164 0.035624660551548 0.0361232124269009 0.0362679250538349 0.0365190766751766 0.0362902097404003 0.0313037224113941 0.0358492098748684 0.0354478992521763 0.0347743444144726 0.0335477255284786 0.0345763899385929 0.0371090285480022 0.0391276553273201 0.0478400960564613 -99.9 0.0447358340024948 0.0475384034216404 0.0381357297301292 0.0391461066901684 0.0391102023422718 -99.9
0.042317122220993 0.0466778874397278 0.0494664274156094 0.0436856113374233 0.0459441691637039 0.0446409545838833 0.0474552847445011 0.046050388365984 0.0462277196347713 0.0554247833788395 0.0444746576249599 0.0479957461357117 0.044605515897274 0.0432840771973133 0.041314423084259 0.0427074581384659 0.0410196557641029 0.0436415486037731 0.042449664324522 0.0432367660105228 0.0391348116099834 0.0394246093928814 0.040381696075201 0.039889257401228 0.0402250327169895 0.0397045165300369 0.0376650132238865 0.0345932357013226 0.034431729465723 0.0365261398255825 0.0350518822669983 0.0373194441199303 0.0361369289457798 0.0357610620558262 0.0351874008774757 0.035349328070879 0.0358471907675266 0.0347586274147034 0.0354799441993237 0.0365221537649632 0.0382843129336834 0.0390748493373394 0.0345836170017719 0.0338431671261787 0.0349210165441036 0.0364432744681835 0.0379018038511276 0.0375249870121479 0.0370429009199142 0.0387988351285458 0.0369238667190075 0.0389795675873756 0.0403910502791405 0.0439957901835442 0.0424860008060932 0.0418034084141254 0.0464780032634735
0.0463127642869949 0.0450207702815533 0.0433027148246765 0.0425697341561317 0.0427075512707233 0.0451499037444592 0.0436101518571377 0.0444683544337749 0.0440315864980221 0.0417351461946964 0.0444609671831131 0.0428445339202881 0.0428566038608551 0.0432327799499035 0.0423085540533066 0.04293592274189 0.0425320044159889 0.041684839874506 0.040933646261692 0.0408114269375801 0.0410221628844738 0.04028195515275 0.0402577184140682 0.0393915809690952 0.03938964381814 0.0383440479636192 0.0372048765420914 0.0350295193493366 0.0349325872957706 0.036268163472414 0.0360253602266312 0.0358346328139305 0.0352633111178875 0.0361775532364845 0.0363589450716972 0.0352292582392693 0.0350752212107182 0.0358159206807613 0.0365117490291595 0.0362283326685429 0.0353359803557396 0.0350379124283791 0.0361621528863907 0.0415165796875954 0.0379709377884865 0.0346398390829563 0.0431405827403069 0.0369831472635269 0.0357697792351246 0.0380328260362148 0.0372488237917423 0.0382764488458633 0.0434716455638409 -99.9 -99.9 0.0465045943856239 0.0380155257880688
0.0450522862374783 0.0438739284873009 0.044075284153223 0.0419865027070045 0.0441482998430729 0.0413910932838917 0.0451525934040546 0.0424958989024162 0.0429876111447811 0.0429145768284798 0.0420587100088596 0.0400125235319138 0.0424003973603249 0.0392939671874046 0.0414829775691032 0.041728101670742 0.0414667017757893 0.0408722795546055 0.0412783548235893 0.0401689410209656 0.0397629030048847 0.0400214977562428 0.0404153577983379 0.0393740721046925 0.0387011617422104 0.0406282469630241 0.0365585908293724 0.0354106649756432 0.0367455817759037 0.0351227037608624 0.0363495573401451 0.0383889079093933 0.0371481068432331 0.0392301417887211 0.039260845631361 0.0420149937272072 0.0417192876338959 0.0423682890832424 0.0418460518121719 0.0396237410604954 0.0403945781290531 0.0374326445162296 0.0384803228080273 0.0383175425231457 0.0389563553035259 0.0437148064374924 0.0436652973294258 0.0401032157242298 0.0361160151660442 0.040002353489399 0.0384474769234657 0.0395825691521168 0.040593896061182 0.0414033383131027 0.0411628447473049 0.0411155112087727 0.0390675067901611
0.0460837557911873 0.0426606684923172 0.0460143908858299 0.0427166074514389 0.0410513207316399 0.0449071899056435 0.0418732948601246 0.0415059216320515 0.0435835495591164 0.0440663136541843 0.0396298319101334 0.0415991842746735 0.0426762625575066 0.0401876457035542 0.0407791286706924 0.0424153693020344 0.0422504656016827 0.0414753705263138 0.0420610867440701 0.040901780128479 0.0417575798928738 0.0395872965455055 0.042049665004015 0.039828896522522 0.038542352616787 0.0383993573486805 0.0378127247095108 0.0371021069586277 0.0358132086694241 0.0391124002635479 0.0416224598884583 0.0425891727209091 0.042749285697937 0.0410476848483086 0.0412885248661041 0.0414036996662617 0.0419875755906105 0.0422280579805374 0.0424598008394241 0.0392976850271225 0.0383262857794762 0.0386409349739552 0.0396237410604954 0.0393336527049541 0.0384109504520893 0.0392270535230637 0.0420940592885017 0.0383742712438107 0.0380108058452606 0.0415013022720814 0.0382647030055523 0.0346993021667004 0.0366830378770828 0.0402829684317112 0.0397792011499405 0.0416208617389202 0.0450266897678375
0.0408499762415886 0.0446015186607838 0.0409625545144081 0.043580699712038 0.0447820834815502 0.0415612608194351 0.042535699903965 0.0413490384817123 0.038959726691246 0.038747277110815 0.0428121984004974 0.0423182584345341 0.0395569168031216 0.0426302626729012 0.0397632829844952 0.0411094203591347 0.0409628488123417 0.0423570536077023 0.0403548292815685 0.0398815236985683 0.0426411665976048 0.0414149723947048 0.0409936159849167 0.0399192199110985 0.0390938147902489 0.03987006098032 0.0392398536205292 0.0366112366318703 0.0365747325122356 0.0394985489547253 0.0437299385666847 0.0431460626423359 0.0416382662951946 0.0415676720440388 0.0426855608820915 0.0411130674183369 0.0428610518574715 0.0387392342090607 0.0413051135838032 0.0403694473206997 0.0426419451832771 0.0398064181208611 -99.9 -99.9 -99.9 -99.9 -99.9 0.0476639047265053 0.0456395223736763 0.0397426001727581 0.0396007709205151 0.0392999649047852 0.0419332608580589 0.0396248437464237 0.0393770597875118 0.0373716652393341 0.0424401238560677
0.0438864156603813 0.0398246422410011 0.0447117574512959 0.0375234298408031 0.0407388620078564 0.0412948802113533 0.0419826246798038 0.0401599630713463 0.0420702509582043 0.0413664765655994 0.0401264615356922 0.0390413738787174 0.0431091003119946 0.0412950962781906 0.0406415425240993 0.0429162383079529 0.042247224599123 0.0417508967220783 0.0412744022905827 0.0403958223760128 0.0400819294154644 0.0413921289145947 0.0405689664185047 0.0424223355948925 0.0396002233028412 0.0412913411855698 0.0386423766613007 0.0382351726293564 0.0386028625071049 0.0425937734544277 0.0424179099500179 0.0432801693677902 0.0419426970183849 0.0390160083770752 0.0412382930517197 0.0442879348993301 0.0524729862809181 -99.9 -99.9 -99.9 -99.9 -99.9 -99.9 -99.9 -99.9 -99.9 -99.9 -99.9 0.0449227206408978 0.0404585562646389 0.0408475175499916 0.0460260808467865 -99.9 0.0393846668303013 0.0434843860566616 -99.9 0.0513154566287994
0.0397971346974373 0.0407633781433105 0.0439368486404419 0.0391466021537781 0.0409608483314514 0.0464052595198154 0.0409460365772247 0.042779978364706 0.0401779487729073 0.0432007797062397 0.0396924912929535 0.0416482575237751 0.0454633049666882 0.0418555699288845 0.0395387075841427 0.0381394028663635 0.0402809046208858 0.0391448847949505 0.0389937609434128 0.0422033108770847 0.0404258891940117 0.0419971123337746 0.0428481772542 0.041170459240675 0.0400338284671307 0.0386442728340626 0.0392101109027863 0.0398810282349586 0.0385959409177303 0.0432128682732582 0.0429681725800037 0.0401730127632618 0.0453386455774307 -99.9 -99.9 -99.9 -99.9 -99.9 -99.9 -99.9 -99.9 -99.9 -99.9 -99.9 -99.9 -99.9 -99.9 -99.9 -99.9 -99.9 -99.9 -99.9 -99.9 -99.9 -99.9 -99.9 -99.9
0.0438211485743523 0.0498292185366154 0.0430405884981155 0.045018907636404 0.0455492325127125 0.0432480350136757 0.0417727939784527 0.0438021868467331 0.0410216115415096 0.0427849479019642 0.0437076725065708 0.0405000075697899 0.0434430204331875 0.0395097434520721 0.0384314879775047 0.0406771786510944 0.0408845841884613 0.0373971536755562 0.039178691804409 0.0403231233358383 0.041262112557888 0.0421378687024117 0.0414256677031517 0.0417582131922245 0.0402465760707855 0.0413073971867561 0.0373558290302753 0.0389152951538563 0.0387584194540977 0.0409659259021282 0.0472639724612236 0.0459068976342678 -99.9 -99.9 -99.9 -99.9 -99.9 -99.9 -99.9 -99.9 -99.9 -99.9 -99.9 -99.9 -99.9 -99.9 -99.9 -99.9 -99.9 -99.9 -99.9 -99.9 -99.9 -99.9 -99.9 -99.9 -99.9
0.0505761839449406 0.0446248129010201 0.0492672882974148 0.0536246597766876 0.0536782033741474 0.045920442789793 0.0424643494188786 0.0427565537393093 0.0406206883490086 0.0414443388581276 0.040617972612381 0.0421408824622631 0.0398484393954277 0.0412268415093422 0.0393887646496296 0.0394766964018345 0.0410859398543835 0.0400210060179234 0.040086142718792 0.0414549447596073 0.0436369925737381 0.0437842458486557 0.0442076101899147 0.0454862341284752 0.0424125865101814 0.0387721732258797 0.0375177264213562 0.035176444798708 0.0372365862131119 0.0371933616697788 0.0384049564599991 0.0471261069178581 0.0455905161798 0.0440026000142097 -99.9 -99.9 -99.9 -99.9 -99.9 -99.9 -99.9 -99.9 -99.9 -99.9 -99.9 -99.9 -99.9 -99.9 -99.9 -99.9 -99.9 -99.9 -99.9 -99.9 -99.9 -99.9 -99.9
0.0747905895113945 0.0705324709415436 0.062175415456295 0.0611754395067692 0.0620975717902184 0.061000157147646 0.0478714257478714 0.0472727864980698 0.055880106985569 0.0415436699986458 0.0410867817699909 0.0407642796635628 0.043411061167717 0.0416263118386269 0.0422576069831848 0.0386958457529545 0.0404214188456535 0.0399991981685162 0.0375186428427696 0.0378236882388592 0.0399353057146072 0.0398343838751316 0.0425069183111191 0.0425802133977413 0.0404232852160931 0.0400736406445503 0.0402211397886276 0.0377462841570377 0.0371726676821709 0.0372503064572811 0.0357161089777946 0.0350882150232792 0.0368744470179081 0.0369655303657055 0.0499531514942646 -99.9 -99.9 -99.9 -99.9 -99.9 -99.9 -99.9 -99.9 -99.9 -99.9 -99.9 -99.9 -99.9 -99.9 -99.9 -99.9 -99.9 -99.9 -99.9 -99.9 -99.9 -99.9
-99.9 -99.9 -99.9 -99.9 -99.9 0.0687214359641075 0.0612626373767853 0.0502692498266697 0.047041293233633 0.0537772327661514 0.0373956374824047 0.0373095571994781 0.0363918095827103 0.0398703888058662 0.0389369800686836 0.0390334576368332 0.038057953119278 0.038784708827734 0.035913210362196 0.0396253354847431 0.037736888974905 0.0352559760212898 0.0403726138174534 0.0387848205864429 0.044426541775465 0.0392412915825844 0.0400282666087151 0.0399463102221489 0.0362073667347431 0.0379000157117844 0.0389750115573406 0.0474371127784252 0.0427623204886913 -99.9 -99.9 -99.9 -99.9 -99.9 -99.9 -99.9 -99.9 -99.9 -99.9 -99.9 -99.9 -99.9 -99.9 -99.9 -99.9 -99.9 -99.9 -99.9 -99.9 -99.9 -99.9 -99.9 -99.9
-99.9 -99.9 -99.9 -99.9 -99.9 -99.9 -99.9 0.0686385184526443 0.0699996501207352 0.0557708069682121 0.0464902780950069 0.037414375692606 0.0361756570637226 0.0411856174468994 0.0374410189688206 0.0384774096310139 0.0367998033761978 0.0350851081311703 0.0359932594001293 0.0377520099282265 0.03735526278615 0.0400261469185352 0.03775504976511 0.0388618893921375 0.0391404815018177 0.0421155244112015 0.0423722602427006 0.0407187268137932 0.0384978875517845 0.0345820002257824 0.034455418586731 0.0373515635728836 0.039385624229908 0.0377592369914055 0.0473043881356716 0.0653057619929314 -99.9 -99.9 -99.9 -99.9 -99.9 -99.9 -99.9 -99.9 -99.9 -99.9 -99.9 -99.9 -99.9 -99.9 -99.9 -99.9 -99.9 -99.9 -99.9 -99.9 -99.9
-99.9 -99.9 -99.9 -99.9 -99.9 -99.9 -99.9 -99.9 -99.9 -99.9 0.0613854713737965 0.0546962134540081 0.0395352877676487 0.0358497649431229 0.0397508852183819 0.0411392562091351 0.0397845469415188 0.0357951186597347 0.0397657714784145 0.0362541489303112 0.0384150184690952 0.0352236591279507 0.0377698130905628 0.036134984344244 0.0408240407705307 0.0395419262349606 0.0427483320236206 0.043461736291647 0.0412027947604656 0.0395531468093395 0.0348014608025551 0.0329255610704422 0.0317080728709698 0.0358384810388088 0.0388807579874992 0.0451644323766232 -99.9 -99.9 0.0485012084245682 0.0466045700013638 -99.9 -99.9 -99.9 -99.9 -99.9 -99.9 -99.9 -99.9 -99.9 -99.9 -99.9 -99.9 -99.9 -99.9 -99.9 -99.9 -99.9
-99.9 -99.9 -99.9 -99.9 -99.9 -99.9 -99.9 -99.9 -99.9 -99.9 -99.9 0.0622475296258926 0.0688964053988457 0.0651160925626755 0.0831011608242989 0.0615454129874706 0.0453323423862457 0.034731674939394 0.0378678254783154 0.0335975550115108 0.0367014929652214 0.0349282547831535 0.0372615270316601 0.0357663445174694 0.0388235710561275 0.0393603965640068 0.0419874377548695 0.0430778339505196 0.0447225160896778 0.0456605888903141 0.0443345345556736 0.047059953212738 0.0431726016104221 0.0439247637987137 0.0401232056319714 0.0418758355081081 0.0436040312051773 0.0476199127733707 0.0471109710633755 0.0519897043704987 0.0668498948216438 0.0837186127901077 0.0816024094820023 -99.9 -99.9 -99.9 -99.9 -99.9 -99.9 -99.9 -99.9 -99.9 -99.9 -99.9 -99.9 -99.9 -99.9
-99.9 -99.9 -99.9 -99.9 -99.9 -99.9 -99.9 -99.9 -99.9 -99.9 -99.9 -99.9 -99.9 0.0715515986084938 -99.9 0.0592960715293884 0.0671314001083374 0.0428800396621227 0.0393458642065525 0.0385655052959919 0.0330140292644501 0.0389838293194771 0.0342770703136921 0.0355307571589947 0.039835125207901 0.0401296131312847 0.0391294360160828 0.0403438806533813 0.0451914630830288 0.0500021390616894 0.0531587786972523 0.0490785390138626 0.0492784380912781 0.0465540587902069 0.0434505417943001 0.0430191121995449 0.0433044210076332 0.0425852835178375 0.0410659164190292 0.0473750531673431 0.0469167567789555 0.047792199999094 0.0552859790623188 0.0814599171280861 0.063812255859375 0.0780336484313011 -99.9 -99.9 -99.9 -99.9 -99.9 -99.9 -99.9 -99.9 -99.9 -99.9 -99.9
-99.9 -99.9 -99.9 -99.9 -99.9 -99.9 -99.9 -99.9 -99.9 -99.9 -99.9 -99.9 -99.9 -99.9 -99.9 -99.9 -99.9 -99.9 -99.9 0.0630641952157021 0.0650375336408615 0.0578831098973751 0.0419895760715008 0.0347954817116261 0.0465850941836834 0.0425698943436146 0.0419765822589397 0.0399481095373631 0.0422762110829353 0.0512326955795288 0.0535513386130333 0.0495330169796944 0.0531351454555988 0.0485649481415749 0.0482911802828312 0.0472207814455032 0.0431570783257484 0.0430279634892941 0.0433005020022392 0.0438736788928509 0.0426295250654221 0.0429905243217945 0.0496549680829048 0.0553798377513885 0.0673084110021591 0.062957301735878 0.0876753702759743 0.0530332326889038 0.0641015470027924 0.0586484409868717 0.0594724491238594 -99.9 -99.9 -99.9 -99.9 -99.9 -99.9
-99.9 -99.9 -99.9 -99.9 -99.9 -99.9 -99.9 -99.9 -99.9 -99.9 -99.9 -99.9 -99.9 -99.9 -99.9 -99.9 -99.9 -99.9 -99.9 -99.9 -99.9 -99.9 0.0697112381458282 0.0616987720131874 0.0687128007411957 0.061663631349802 0.0622614249587059 0.0369993187487125 0.0412372872233391 0.0393502414226532 0.0522586852312088 0.0529065504670143 0.0506655275821686 0.0492194220423698 0.0492003634572029 0.0496439039707184 0.0469884462654591 0.0439562126994133 0.0431156381964684 0.0452258586883545 0.0430575683712959 0.0431792512536049 0.0447651334106922 0.0506699942052364 0.053361140191555 -99.9 -99.9 0.0632728859782219 0.0495142377912998 0.0439885072410107 0.0513643994927406 -99.9 -99.9 -99.9 -99.9 -99.9 -99.9
-99.9 -99.9 -99.9 -99.9 -99.9 -99.9 -99.9 -99.9 -99.9 -99.9 -99.9 -99.9 -99.9 -99.9 -99.9 -99.9 -99.9 -99.9 -99.9 -99.9 -99.9 -99.9 -99.9 -99.9 -99.9 -99.9 0.058710865676403 0.0455474779009819 0.0478042848408222 0.0472475811839104 0.0434761755168438 0.0474789142608643 0.0539465509355068 0.0538265146315098 0.0511624664068222 0.0500072538852692 0.0483035333454609 0.0478533357381821 0.045448187738657 0.0458032228052616 0.0464721024036407 0.0464627295732498 0.0420427285134792 0.0433577224612236 0.0432520918548107 0.0409728474915028 0.0462641790509224 0.0396925434470177 0.0371313244104385 0.0387120246887207 0.0414710827171803 0.0461632832884789 0.0660395473241806 -99.9 -99.9 -99.9 -99.9
