fish_book/data/sediment/Wilson_et_al_2017_data_files_asc/TN.asc
NCOLS 200
NROWS 150
XLLCORNER -16
YLLCORNER 44
CELLSIZE 0.125
NODATA_VALUE -99.9
[rows 0 to 24 of 150, columns 57 to 113 of 200]
-99.9 -99.9 -99.9 -99.9 -99.9 -99.9 -99.9 0.0665917694568634 0.0628549680113792 0.0570991635322571 0.0684573873877525 0.0725628510117531 0.0752906128764153 0.0772516503930092 0.076041504740715 0.075692392885685 0.0685493871569633 0.0665884390473366 0.0671892762184143 0.0813265889883041 0.0763624310493469 0.0835245028138161 0.0826344564557076 0.0854881405830383 0.0855488702654839 0.0855446755886078 -99.9 -99.9 -99.9 -99.9 -99.9 -99.9 -99.9 -99.9 -99.9 -99.9 -99.9 -99.9 -99.9 -99.9 -99.9 -99.9 -99.9 -99.9 -99.9 -99.9 -99.9 -99.9 -99.9 -99.9 -99.9 -99.9 -99.9 -99.9 -99.9 -99.9 -99.9
-99.9 -99.9 0.0674601495265961 0.0648907795548439 0.0659772157669067 0.0611593313515186 0.0584927350282669 0.0509465597569942 0.0507802851498127 0.050178837031126 0.0529273971915245 0.0512523874640465 0.0495470054447651 0.0506331026554108 0.0510796047747135 0.0480910390615463 0.0505168326199055 0.0510836094617844 0.0479707978665829 0.0485793985426426 0.0468715019524097 0.0495779924094677 0.0599328577518463 0.0724996253848076 0.0794126093387604 0.0810078158974648 0.0830850154161453 0.0776058882474899 0.07687097042799 0.0839416906237602 -99.9 -99.9 -99.9 -99.9 -99.9 -99.9 -99.9 -99.9 -99.9 -99.9 -99.9 -99.9 -99.9 -99.9 -99.9 -99.9 -99.9 -99.9 -99.9 -99.9 -99.9 -99.9 -99.9 -99.9 -99.9 -99.9 -99.9
0.0601235777139664 0.0666080191731453 0.058213897049427 0.0656358599662781 0.0622963905334473 0.0545148812234402 0.0506160445511341 0.0469304397702217 0.0468175336718559 0.047709871083498 0.0478678978979588 0.049821849912405 0.0504120625555515 0.0539689809083939 0.0521897710859776 0.0540203712880611 0.0516760461032391 0.0508271642029285 0.0504691116511822 0.0511325225234032 0.0542035028338432 0.0499466508626938 0.0487891770899296 0.0483693666756153 0.0523088946938515 0.0647333115339279 0.0711992383003235 0.0733522325754166 0.0660170689225197 0.0853876173496246 0.0754036158323288 0.079522430896759 0.0778874531388283 0.0809851586818695 -99.9 -99.9 -99.9 -99.9 -99.9 -99.9 -99.9 -99.9 -99.9 -99.9 -99.9 -99.9 -99.9 -99.9 -99.9 -99.9 -99.9 -99.9 -99.9 -99.9 -99.9 -99.9 -99.9
0.0578017458319664 0.0574057064950466 0.0562836118042469 0.052244421094656 0.0536868944764137 0.0496198795735836 0.0495753102004528 0.0513139478862286 0.0474569350481033 0.0493661016225815 0.0518251806497574 0.0515405423939228 0.0561214350163937 -99.9 -99.9 -99.9 -99.9 -99.9 -99.9 -99.9 -99.9 0.0539493262767792 0.0494421422481537 0.0497922264039516 0.0501560978591442 0.0636801570653915 0.0670874565839767 0.0625677108764648 0.0563567839562893 0.0623031109571457 0.0773071721196175 0.0647786408662796 0.0760805308818817 0.0781565830111504 0.0841670259833336 0.0833893194794655 0.0723849833011627 0.072821244597435 0.0812039598822594 -99.9 -99.9 -99.9 -99.9 -99.9 -99.9 -99.9 -99.9 -99.9 -99.9 -99.9 -99.9 -99.9 -99.9 -99.9 -99.9 -99.9 -99.9
0.0623313821852207 0.0539253316819668 0.0546517483890057 0.0499615259468555 0.0499967485666275 0.0501995719969273 0.0504512451589108 0.0508946627378464 0.0526502430438995 0.0484757870435715 0.0497875586152077 0.0507479123771191 0.0531090646982193 -99.9 -99.9 -99.9 -99.9 -99.9 -99.9 -99.9 0.0528146363794804 0.0512201935052872 0.0504981055855751 0.0482039824128151 0.0534074008464813 0.0685189217329025 0.067209929227829 0.0603293627500534 0.0560301505029202 0.0569524168968201 0.0617566592991352 0.0705187991261482 0.0729905590415001 0.106693834066391 0.106903083622456 0.0818677097558975 0.0796918720006943 0.079518087208271 0.0806118994951248 0.0896952375769615 0.105219647288322 0.106646127998829 -99.9 -99.9 -99.9 -99.9 -99.9 -99.9 -99.9 -99.9 -99.9 -99.9 -99.9 -99.9 -99.9 -99.9 -99.9
0.0691467002034187 0.0556580163538456 0.0551143474876881 0.0534561201930046 0.0498781017959118 0.0481034927070141 0.0513158105313778 0.0511610098183155 0.0535047724843025 0.0491427965462208 0.049833919852972 0.0529897883534431 -99.9 -99.9 -99.9 -99.9 -99.9 -99.9 0.0536931827664375 0.0516373701393604 0.0505473762750626 0.0507650375366211 0.048640500754118 0.0511851198971272 0.0646124854683876 0.0700046792626381 0.0698572024703026 0.058257233351469 0.0560428276658058 0.0554157607257366 0.0638363361358643 0.070893906056881 0.07347272336483 0.0688005611300468 0.0807205438613892 0.0850024223327637 0.0793718248605728 0.0841801539063454 0.0755251795053482 -99.9 -99.9 -99.9 -99.9 -99.9 -99.9 -99.9 -99.9 -99.9 -99.9 -99.9 -99.9 -99.9 -99.9 -99.9 -99.9 -99.9 -99.9
0.0598101280629635 0.0629148557782173 0.0622448027133942 0.0666261985898018 0.0567659288644791 0.050744540989399 0.0498006828129292 0.0475004315376282 0.0500771589577198 0.050125066190958 0.0497653000056744 0.0507507957518101 0.0516665056347847 0.0529245249927044 0.0515287965536118 -99.9 -99.9 0.0547031909227371 0.0549680814146996 0.0512551069259644 0.0466261133551598 0.0484132543206215 0.0485449507832527 0.0600461959838867 0.0651278346776962 0.0639593675732613 0.0560892038047314 0.0572898834943771 0.0569546110928059 0.0625636726617813 0.058504868298769 0.0790860205888748 0.0745619460940361 0.0780321583151817 0.0734352841973305 0.0744145140051842 -99.9 -99.9 -99.9 -99.9 -99.9 -99.9 -99.9 -99.9 -99.9 -99.9 -99.9 -99.9 -99.9 -99.9 -99.9 -99.9 -99.9 -99.9 -99.9 -99.9 -99.9
-99.9 -99.9 0.0770584940910339 0.0748646259307861 0.0630243197083473 0.0494329258799553 0.0486814416944981 0.0516886711120605 0.0570013485848904 0.0535688474774361 0.0517012253403664 0.048759363591671 0.050745502114296 0.0485201776027679 0.0511422082781792 0.0533691421151161 -99.9 -99.9 0.0572757311165333 0.0481959730386734 0.0451440513134003 0.0476472526788712 0.051606360822916 0.0619263425469398 0.0710222199559212 0.0576730296015739 0.0638949945569038 0.0652153640985489 0.0695021003484726 0.0649497136473656 0.0748275443911552 0.0781023725867271 0.072295643389225 0.0625525861978531 0.0941270962357521 -99.9 -99.9 -99.9 -99.9 -99.9 -99.9 -99.9 -99.9 -99.9 -99.9 -99.9 -99.9 -99.9 -99.9 -99.9 -99.9 -99.9 -99.9 -99.9 -99.9 -99.9 -99.9
-99.9 -99.9 -99.9 -99.9 0.0772477313876152 0.0768577381968498 0.0618693195283413 0.0640276595950127 0.058382973074913 0.0552291125059128 0.054218340665102 0.0547045208513737 0.0510834045708179 0.050417348742485 0.052398357540369 -99.9 0.0535174906253815 0.0558654777705669 0.0512453354895115 0.0463624857366085 0.0470401346683502 0.0582516640424728 0.0569826774299145 0.0569816306233406 0.0683511272072792 0.0552895404398441 0.0553122125566006 0.0621500127017498 0.0562743134796619 0.0570618733763695 0.0887672081589699 0.0790563747286797 0.0720487534999847 0.0719408914446831 0.078140988945961 -99.9 -99.9 -99.9 -99.9 -99.9 -99.9 -99.9 -99.9 -99.9 -99.9 -99.9 -99.9 -99.9 -99.9 -99.9 -99.9 -99.9 -99.9 -99.9 -99.9 -99.9 -99.9
-99.9 -99.9 -99.9 -99.9 -99.9 0.0989483818411827 0.0743056386709213 0.0606911145150661 0.062463141977787 0.0638630166649818 0.0544900596141815 0.065169095993042 0.0628325417637825 0.0489798299968243 0.0513122417032719 -99.9 -99.9 0.0550207830965519 0.0503172613680363 0.050243966281414 0.07297682762146 0.065839909017086 0.061249140650034 0.0680184438824654 0.0596226900815964 0.0549535900354385 0.0556797906756401 0.0582317486405373 0.0862204059958458 0.0769136697053909 0.0712368562817574 0.0799125581979752 0.0675121247768402 0.0722517222166061 -99.9 -99.9 -99.9 -99.9 -99.9 -99.9 -99.9 -99.9 -99.9 -99.9 -99.9 -99.9 -99.9 -99.9 -99.9 -99.9 -99.9 -99.9 -99.9 -99.9 -99.9 -99.9 -99.9
0.0702475756406784 0.0719354152679443 -99.9 -99.9 -99.9 -99.9 -99.9 -99.9 0.0791541337966919 0.0851364657282829 0.089978389441967 0.0802721306681633 0.072534516453743 0.0567292980849743 0.0512761361896992 0.0510610491037369 -99.9 -99.9 0.0526119060814381 0.0536817796528339 0.0649169608950615 0.0838049724698067 0.0639514550566673 0.0559464544057846 0.0583697147667408 0.0757949203252792 0.0548020899295807 0.0566739588975906 0.0558477826416492 0.0690188109874725 0.0894856527447701 0.101449653506279 0.0662613213062286 -99.9 -99.9 -99.9 -99.9 -99.9 -99.9 -99.9 -99.9 -99.9 -99.9 -99.9 -99.9 -99.9 -99.9 -99.9 -99.9 -99.9 -99.9 -99.9 -99.9 -99.9 -99.9 -99.9 -99.9
0.0710294917225838 0.0719150081276894 0.063522145152092 0.0727243274450302 0.0715661123394966 -99.9 -99.9 -99.9 -99.9 -99.9 -99.9 0.0887008309364319 0.0798438563942909 0.0579906888306141 0.0502415597438812 0.0485781580209732 0.05116281285882 0.0500568710267544 0.0497656725347042 0.0496393516659737 0.0508671887218952 0.0554294511675835 0.0530134066939354 0.0583140701055527 0.0622379258275032 0.0594330653548241 0.0656052455306053 0.0564395524561405 0.0744232162833214 0.0580250918865204 0.070937842130661 0.0700342133641243 -99.9 -99.9 -99.9 -99.9 -99.9 -99.9 -99.9 -99.9 -99.9 -99.9 -99.9 -99.9 -99.9 -99.9 -99.9 -99.9 -99.9 -99.9 -99.9 -99.9 -99.9 -99.9 -99.9 -99.9 -99.9
0.0572318397462368 0.0566651560366154 0.0625554323196411 0.0645018368959427 0.0731269493699074 0.0749559700489044 0.0826796740293503 -99.9 -99.9 -99.9 -99.9 -99.9 0.0860303342342377 0.0729159265756607 0.0516673699021339 0.0530153475701809 0.0512250028550625 0.0484595559537411 0.0477329231798649 0.0476068556308746 0.0496416017413139 0.0514590106904507 0.0719726607203484 0.0689304620027542 0.0814867913722992 0.0612581633031368 0.0543944351375103 0.0548138506710529 0.0566028319299221 0.0729145854711533 -99.9 -99.9 -99.9 -99.9 -99.9 -99.9 -99.9 -99.9 -99.9 -99.9 -99.9 -99.9 -99.9 -99.9 -99.9 -99.9 -99.9 -99.9 -99.9 -99.9 -99.9 -99.9 -99.9 -99.9 -99.9 0.0595088079571724 0.0552399940788746
0.0569688603281975 0.0576198399066925 0.0544054135680199 0.0537619479000568 0.0669215768575668 0.0659276992082596 0.0851331502199173 0.0764644145965576 0.0839307084679604 -99.9 -99.9 -99.9 -99.9 0.0831770002841949 0.0757912322878838 0.0513156689703465 0.0536368042230606 0.0504264160990715 0.0497971288859844 0.0475444905459881 0.0504475086927414 0.0579295828938484 0.0750646218657494 0.0700056403875351 0.073008231818676 0.0603288859128952 0.0580954886972904 0.0706828460097313 0.0570366829633713 -99.9 -99.9 -99.9 -99.9 -99.9 -99.9 -99.9 -99.9 -99.9 -99.9 -99.9 -99.9 -99.9 -99.9 -99.9 -99.9 -99.9 -99.9 -99.9 -99.9 -99.9 -99.9 -99.9 0.0661215335130692 0.0564084909856319 0.0556567348539829 0.0541573651134968 0.0543432049453259
0.0501305386424065 0.0519185326993465 0.0564955472946167 0.0565325766801834 0.0651493743062019 0.0972655043005943 0.06537976115942 0.0763121917843819 -99.9 -99.9 -99.9 -99.9 -99.9 -99.9 0.0761068314313889 0.0599166937172413 0.0558387115597725 0.0503383837640285 0.0518726222217083 0.0487526468932629 0.0464004166424274 0.0524881631135941 0.0548353977501392 0.0699029639363289 0.0582681931555271 0.102394729852676 0.0580832697451115 0.0888146683573723 -99.9 -99.9 -99.9 -99.9 -99.9 -99.9 -99.9 -99.9 -99.9 -99.9 -99.9 -99.9 -99.9 -99.9 -99.9 -99.9 -99.9 -99.9 -99.9 -99.9 -99.9 0.0590876862406731 0.0585365742444992 0.0554542690515518 0.055185467004776 0.0533778220415115 0.0483346059918404 0.0499457865953445 0.0528546646237373
0.0477892868220806 0.0531332604587078 0.0570732615888119 0.0632776170969009 0.0658035650849342 0.0711572244763374 -99.9 -99.9 -99.9 -99.9 -99.9 -99.9 -99.9 -99.9 0.0748527869582176 0.0653697475790977 0.0580082125961781 0.0528550930321217 0.0479799620807171 0.0497512705624104 0.0561772957444191 0.0513794384896755 0.0565679632127285 0.0569877400994301 0.0575995892286301 -99.9 -99.9 -99.9 -99.9 -99.9 -99.9 -99.9 -99.9 -99.9 -99.9 -99.9 -99.9 -99.9 -99.9 -99.9 -99.9 -99.9 -99.9 -99.9 -99.9 -99.9 0.0668356344103813 0.0565634518861771 0.057488314807415 0.0539377443492413 0.0512488707900047 0.0504196807742119 0.0494429990649223 0.0491139739751816 0.0508697703480721 0.0512593686580658 0.0526532046496868
0.0494647212326527 0.0604075714945793 0.0607056729495525 -99.9 -99.9 -99.9 -99.9 -99.9 -99.9 -99.9 -99.9 -99.9 -99.9 -99.9 -99.9 0.0726842805743217 0.0590729899704456 0.0569791570305824 0.0521173179149628 0.0513670854270458 0.0508249029517174 0.0527818389236927 0.0586486533284187 -99.9 -99.9 -99.9 -99.9 -99.9 -99.9 -99.9 -99.9 -99.9 -99.9 -99.9 -99.9 -99.9 -99.9 -99.9 -99.9 -99.9 -99.9 -99.9 -99.9 -99.9 0.0558558814227581 0.0579896569252014 0.0577472187578678 0.0535875149071217 0.0578551962971687 0.0538202896714211 0.051052451133728 0.0514382272958755 0.0595039501786232 0.0580899119377136 0.0528720319271088 0.054916899651289 0.0542287863790989
0.0562301762402058 0.070522740483284 -99.9 -99.9 -99.9 -99.9 -99.9 -99.9 -99.9 -99.9 -99.9 -99.9 -99.9 -99.9 -99.9 -99.9 0.0586170591413975 0.0525782071053982 0.0525521039962769 0.0552932769060135 0.0526137016713619 0.062833160161972 0.0544385388493538 0.0693318545818329 -99.9 -99.9 -99.9 -99.9 -99.9 -99.9 -99.9 -99.9 -99.9 -99.9 -99.9 -99.9 -99.9 -99.9 -99.9 -99.9 -99.9 -99.9 0.0571564882993698 0.0568802766501904 0.0595482550561428 0.0647566020488739 0.0626816973090172 0.0614341348409653 0.0574798583984375 0.0501063205301762 0.0537668466567993 0.0553869120776653 0.0621726289391518 0.0604033172130585 0.0546563640236855 0.0548592172563076 0.0559958107769489
0.0704598426818848 0.0764010399580002 -99.9 -99.9 -99.9 -99.9 -99.9 -99.9 -99.9 -99.9 -99.9 -99.9 -99.9 -99.9 -99.9 -99.9 -99.9 -99.9 -99.9 0.0648785978555679 0.056904025375843 0.0580222606658936 0.0637490525841713 0.0567471757531166 -99.9 -99.9 -99.9 -99.9 -99.9 -99.9 -99.9 -99.9 -99.9 -99.9 -99.9 -99.9 -99.9 -99.9 0.0667041838169098 0.0541585348546505 0.0552359968423843 0.0586582273244858 0.0578202791512012 0.0654493048787117 0.0636171773076057 0.064032718539238 0.0609699413180351 0.0614648349583149 0.055389653891325 0.0609128251671791 0.061876904219389 0.0502569079399109 0.0577930472791195 0.05566431209445 0.0549457222223282 0.0523280315101147 0.0550247728824615
-99.9 -99.9 -99.9 -99.9 -99.9 -99.9 -99.9 -99.9 -99.9 -99.9 -99.9 -99.9 -99.9 -99.9 -99.9 -99.9 -99.9 -99.9 -99.9 -99.9 -99.9 -99.9 -99.9 -99.9 -99.9 -99.9 -99.9 -99.9 -99.9 -99.9 -99.9 -99.9 -99.9 -99.9 -99.9 -99.9 0.056794885545969 0.0554013289511204 0.0549307838082314 0.0539940893650055 0.0528410822153091 0.0502332076430321 0.048158198595047 0.051533617079258 0.0612348951399326 0.0594199113547802 0.0622771047055721 0.0625111907720566 0.0627486631274223 0.0625710859894753 0.0493886172771454 0.0473756790161133 0.0496854297816753 0.0507518239319324 0.047576155513525 0.0479112416505814 0.051939781755209
-99.9 -99.9 -99.9 -99.9 -99.9 -99.9 -99.9 -99.9 -99.9 -99.9 -99.9 -99.9 -99.9 -99.9 -99.9 -99.9 -99.9 -99.9 -99.9 -99.9 -99.9 -99.9 -99.9 -99.9 -99.9 -99.9 -99.9 -99.9 -99.9 -99.9 -99.9 -99.9 -99.9 -99.9 0.0552725791931152 0.0583317764103413 0.0524419397115707 0.0489512085914612 0.0508492439985275 0.0470215491950512 0.0520192608237267 0.0495475232601166 0.0485831908881664 0.0481747575104237 0.049704622477293 0.0580121725797653 0.062992587685585 0.0523140840232372 0.0498477928340435 0.0477721802890301 0.0473225340247154 0.0467524938285351 0.0492686107754707 0.0520285964012146 0.049558263272047 0.0483997873961926 0.0490477383136749
-99.9 -99.9 -99.9 -99.9 -99.9 -99.9 -99.9 -99.9 -99.9 -99.9 -99.9 -99.9 0.0945661813020706 0.0715656504034996 -99.9 -99.9 -99.9 -99.9 -99.9 -99.9 -99.9 -99.9 -99.9 -99.9 -99.9 -99.9 -99.9 -99.9 -99.9 -99.9 -99.9 0.0647265911102295 0.0536336340010166 0.0555839017033577 0.0562439784407616 0.0498708784580231 0.0513051897287369 0.0487559214234352 0.05418935790658 0.0488407276570797 0.0461025573313236 0.0467571131885052 0.0506888441741467 0.0506450906395912 0.051219254732132 0.0548511929810047 0.0464820563793182 0.0464877672493458 0.0427040234208107 0.0433692596852779 0.0434635505080223 0.0476180389523506 0.0462997183203697 0.0484645217657089 0.0506561547517776 0.0481530874967575 0.0407160371541977
-99.9 -99.9 -99.9 -99.9 -99.9 -99.9 -99.9 -99.9 -99.9 -99.9 -99.9 -99.9 -99.9 -99.9 -99.9 -99.9 -99.9 -99.9 0.0534230545163155 0.0517864227294922 -99.9 -99.9 -99.9 -99.9 -99.9 -99.9 -99.9 -99.9 -99.9 0.0580713041126728 0.0561475232243538 0.0524218790233135 0.0479601509869099 0.0485890097916126 0.0471635423600674 0.0468783490359783 0.0469820275902748 0.0475639402866364 0.0527051687240601 0.0599521286785603 0.0537105984985828 0.0482932366430759 0.0479189306497574 0.0501762591302395 0.0497809983789921 0.0433932803571224 0.0422956831753254 0.0415882579982281 0.0422326736152172 0.0410041846334934 0.0435849204659462 0.0420697964727879 0.0428462699055672 0.0406283102929592 0.0400411710143089 0.0407378636300564 0.0437791272997856
-99.9 -99.9 -99.9 -99.9 -99.9 -99.9 -99.9 -99.9 -99.9 -99.9 -99.9 -99.9 -99.9 -99.9 -99.9 -99.9 -99.9 -99.9 -99.9 0.0565458908677101 0.0545346476137638 0.0572860576212406 0.0579011999070644 0.0585996210575104 -99.9 -99.9 0.0680771693587303 0.0679480582475662 0.063583604991436 0.05701869353652 0.058543287217617 0.0538424663245678 0.0501012280583382 0.0487173572182655 0.0477700755000114 0.047326635569334 0.0471611060202122 0.048331867903471 0.0538057014346123 0.0500686764717102 0.0493398755788803 0.0484317429363728 0.0506025664508343 0.0457219034433365 0.0379626788198948 0.0406098701059818 0.0411235094070435 0.0414028503000736 0.0421348251402378 0.0406313426792622 0.0390118733048439 0.0374822057783604 0.0379047021269798 0.0382719077169895 0.0414823479950428 0.0424499958753586 0.0427990481257439
-99.9 -99.9 -99.9 -99.9 -99.9 -99.9 -99.9 -99.9 -99.9 -99.9 -99.9 -99.9 -99.9 -99.9 -99.9 -99.9 -99.9 -99.9 0.0628123208880424 0.0524289906024933 0.0545518547296524 0.0533713586628437 0.0568298548460007 0.053864624351263 0.0511085726320744 0.0493016541004181 0.0525480322539806 0.0546783320605755 0.0556943081319332 0.0543813034892082 0.0545492246747017 0.0526919476687908 0.0517089441418648 0.047176580876112 0.0435732565820217 0.0470145754516125 0.044464822858572 0.0447340570390224 0.0476333312690258 0.0490603446960449 0.0533731579780579 0.0476947091519833 0.0424559898674488 0.0465195514261723 0.0394659899175167 0.0398042052984238 0.0411334000527859 0.0406982824206352 0.0413217321038246 0.0423337556421757 0.0375766642391682 0.0383343175053596 0.0408262386918068 0.0389450900256634 0.0417551174759865 0.0413329117000103 0.0412194281816483
