fish_book/data/sediment/Wilson_et_al_2017_data_files_asc/TotalD50.asc
NCOLS 200
NROWS 150
XLLCORNER -16
YLLCORNER 44
CELLSIZE 0.125
NODATA_VALUE -99.9
[rows 100 to 124 of 150, columns 58 to 115 of 200]
0.130575746297836 0.0953301563858986 0.0796561166644096 0.0760236829519272 0.0731266736984253 0.0702296644449234 0.117504358291626 0.215130195021629 0.312756031751633 0.388118296861649 0.439667016267776 0.447537690401077 0.412386745214462 0.377235800027847 0.660964787006378 1.26510775089264 1.86925089359283 2.29434609413147 2.34512329101562 2.04560017585754 1.58716380596161 1.12872755527496 0.89418089389801 0.888109922409058 -99.9 -99.9 -99.9 -99.9 -99.9 -99.9 -99.9 0.956230819225311 1.07597303390503 1.19155371189117 1.14617872238159 0.953776955604553 0.772146284580231 0.590515613555908 0.408884882926941 0.227254197001457 0.254917353391647 0.395680487155914 0.469288855791092 0.561247169971466 0.593857169151306 0.626467168331146 1.02379870414734 0.924031794071198 0.787637948989868 1.5079470872879 27.2287788391113 19.7331352233887 13.8728704452515 14.4486312866211 16.05006980896 11.1168165206909 16.6513576507568 13.1629762649536
0.134243085980415 0.107271127402782 0.0916120558977127 0.0872498750686646 0.0828876942396164 0.0792556926608086 0.126575201749802 0.201793640851974 0.254555761814117 0.307317912578583 0.358865946531296 0.409180462360382 0.459495007991791 0.467356771230698 0.750086784362793 1.17523109912872 1.41863787174225 1.66204452514648 1.71272659301758 1.5665500164032 1.42037332057953 1.12157440185547 0.887041389942169 0.891163945198059 -99.9 -99.9 0.882353246212006 -99.9 -99.9 -99.9 0.707399189472198 0.823029756546021 0.934459328651428 1.04588890075684 1.00197291374207 0.798798382282257 0.595623910427094 0.403315454721451 0.221684768795967 0.301738947629929 0.374486446380615 0.391066759824753 0.446549028158188 0.596275389194489 0.746001720428467 0.839475035667419 1.23075127601624 1.21283233165741 0.963537633419037 10.6189184188843 6.94882488250732 3.67122340202332 2.66403698921204 1.63623142242432 10.6693658828735 12.9925022125244 13.6546106338501 16.2315044403076
0.146184056997299 0.119212098419666 0.103567995131016 0.0992058143019676 0.0948436409235001 0.14262880384922 0.143682330846786 0.120993256568909 0.173755392432213 0.226517528295517 0.278064846992493 0.328379392623901 0.37869393825531 0.43081271648407 0.440343528985977 0.542929589748383 0.786336302757263 1.02974307537079 1.08033001422882 0.934153378009796 0.787976741790771 0.851655542850494 0.95391434431076 0.924679696559906 0.938924491405487 0.953169286251068 0.916270613670349 0.826220452785492 0.736170291900635 0.636422634124756 0.60132908821106 0.677364945411682 0.78879451751709 0.900224149227142 0.857767045497894 0.654592514038086 0.451418042182922 0.32194060087204 0.26898667216301 0.268427014350891 0.319971829652786 0.36861777305603 0.423809170722961 0.573535561561584 0.723261892795563 0.80361133813858 1.11947047710419 1.51924538612366 3.57156682014465 10.0654592514038 15.0480241775513 16.4253826141357 15.5783004760742 11.6748552322388 11.3904275894165 8.96913528442383 8.93587875366211 13.5768909454346
0.1590975522995 0.131153076887131 0.115523934364319 0.163433432579041 0.263021916151047 0.362610399723053 0.3637475669384 0.266094028949738 0.168440505862236 0.145717158913612 0.197263777256012 0.249381363391876 0.303333729505539 0.357286065816879 0.366874009370804 0.33129158616066 0.295709192752838 0.397441565990448 0.447933435440063 0.511112332344055 0.783196091651917 1.05527985095978 1.15712535381317 1.08653235435486 1.01593935489655 0.986685037612915 0.950187981128693 0.850535333156586 0.740663051605225 0.630790770053864 0.595529437065125 0.637293934822083 0.679058492183685 0.754559338092804 0.713561177253723 0.583418309688568 0.519658207893372 0.526211500167847 0.850686728954315 0.589630603790283 0.570822358131409 0.571607887744904 0.401069343090057 0.59018862247467 0.569956183433533 0.83232980966568 1.53878438472748 0.640947699546814 0.640584826469421 2.60948944091797 9.38104724884033 11.4260034561157 10.2311983108521 8.66196441650391 2.80853462219238 7.96425199508667 10.5002422332764 10.9688596725464
0.174896016716957 0.203818216919899 0.290357559919357 0.383415013551712 0.483003497123718 0.582591950893402 0.583812773227692 0.486159265041351 0.388505727052689 0.292063325643539 0.196848779916763 0.175854727625847 0.229807063937187 0.283759415149689 0.293404459953308 0.257822066545486 0.222239658236504 0.297842919826508 0.485584110021591 0.714736640453339 0.986820340156555 1.25890409946442 1.36033630371094 1.28974330425262 1.21915030479431 1.11354851722717 0.971280157566071 0.844903469085693 0.735031187534332 0.625158905982971 0.589729785919189 0.631494283676147 0.673258781433105 0.520402252674103 0.61039799451828 0.507464170455933 0.58094310760498 0.531682133674622 0.827475190162659 0.613860070705414 0.57727438211441 0.588902771472931 0.589780926704407 0.544958710670471 0.573303937911987 0.539921700954437 0.523946583271027 0.534820914268494 0.672254860401154 0.596330165863037 2.9713089466095 6.54843997955322 1.42608916759491 2.55878233909607 -99.9 -99.9 -99.9 0.426664739847183
0.209664553403854 0.22518102824688 0.238085567951202 0.261807918548584 0.251286149024963 0.231401711702347 0.803878009319305 0.707440912723541 0.26187452673912 0.266646176576614 0.149353191256523 0.278891742229462 0.316427111625671 0.279082834720612 0.219934925436974 0.294615209102631 0.339416652917862 0.356046259403229 0.290072649717331 0.385107100009918 0.421459972858429 0.438138246536255 1.56354737281799 1.45702540874481 0.499575793743134 0.474251747131348 0.463121205568314 0.725264132022858 2.59435248374939 0.870272755622864 0.58393007516861 0.571083903312683 0.73576021194458 0.939005851745605 0.554463505744934 0.759416520595551 0.600743353366852 0.513062357902527 0.646490752696991 0.562382638454437 0.5902259349823 0.741587519645691 0.509239077568054 0.441086202859879 0.445476591587067 0.469003438949585 0.521373212337494 1.84617710113525 3.85093331336975 2.43760704994202 2.65811443328857 2.60768604278564 8.38643932342529 3.43875646591187 0.966107726097107 -99.9 -99.9 -99.9
0.21016851067543 0.244140729308128 0.244192481040955 0.258859038352966 0.31445300579071 0.365999400615692 0.261731266975403 0.30752232670784 0.333001106977463 0.312096059322357 0.275637835264206 0.346323311328888 0.381031394004822 0.318838864564896 0.337494403123856 0.367474973201752 0.399085611104965 0.346131652593613 0.3439040184021 0.299039155244827 0.346145510673523 0.369221180677414 0.476153701543808 0.522584319114685 0.516079545021057 0.495985120534897 0.478004425764084 0.507401704788208 0.555517315864563 0.672204911708832 0.699347674846649 0.691936552524567 1.1691906452179 0.969069182872772 0.855224549770355 0.635864198207855 0.59102600812912 0.786023855209351 0.646108388900757 0.979056835174561 0.499813109636307 0.488781869411469 0.465228885412216 0.47071960568428 0.487046390771866 0.472071379423141 0.407664388418198 3.20327258110046 0.351182878017426 -99.9 1.87980282306671 2.22300505638123 4.71457958221436 1.08181428909302 0.509960353374481 -99.9 -99.9 -99.9
0.323814779520035 0.322964817285538 0.293779700994492 0.358750879764557 0.465152144432068 0.295546621084213 0.336110144853592 0.39584219455719 0.189713716506958 0.249524027109146 0.173089891672134 0.394677877426147 0.401881843805313 0.439245760440826 0.426765143871307 0.340959042310715 0.340352594852448 0.352752983570099 0.355853319168091 0.31442528963089 0.393381834030151 0.416077226400375 0.422459006309509 0.466120421886444 0.465820342302322 0.484793663024902 0.463306754827499 0.448838204145432 3.22641849517822 0.835540056228638 0.576698243618011 0.845973968505859 0.77366840839386 0.592163503170013 0.673500776290894 1.45707476139069 0.720471978187561 1.53445315361023 0.920980155467987 1.02784931659698 1.08366584777832 1.38330399990082 0.510741412639618 0.528101980686188 1.87223827838898 1.1812664270401 3.97128963470459 3.97945880889893 7.65278100967407 1.26126670837402 3.93572020530701 3.2375659942627 4.36896705627441 6.35143995285034 0.43266087770462 0.424802094697952 -99.9 -99.9
0.344110399484634 0.350251138210297 0.294629514217377 0.330657869577408 0.317127048969269 0.286358088254929 0.466422826051712 0.414361238479614 0.433259397745132 0.293756484985352 0.404274880886078 0.415311962366104 0.454286932945251 0.471165537834167 0.434997737407684 0.380106419324875 0.34516766667366 0.415804237127304 0.356970727443695 0.39002388715744 0.466950178146362 0.461481988430023 0.485427021980286 0.491306573152542 0.504214763641357 0.535192251205444 0.514134526252747 0.492752820253372 0.807971477508545 1.57394242286682 0.532744586467743 1.02352344989777 0.695579707622528 0.818530857563019 1.62531745433807 1.17565619945526 0.876540064811707 0.913263976573944 0.961443781852722 1.60302174091339 1.66586542129517 2.01537895202637 0.681162238121033 1.88540184497833 0.582379102706909 2.36327981948853 7.01817941665649 4.2458062171936 10.0749473571777 5.63570261001587 1.50735855102539 1.19694173336029 -99.9 -99.9 1.02292144298553 1.28744435310364 0.306855380535126 -99.9
0.342606782913208 0.309593200683594 0.339341640472412 0.355525404214859 0.352428823709488 0.313132047653198 0.364817798137665 0.425122916698456 0.463293641805649 0.396542429924011 0.467824339866638 0.427297234535217 0.459555208683014 0.432797074317932 0.472435981035233 0.465862035751343 0.469013541936874 0.437259674072266 0.45044282078743 0.46971595287323 0.505254864692688 0.484612494707108 0.47418949007988 0.608364641666412 0.518125712871552 0.611241936683655 0.693408370018005 0.783406138420105 0.878351986408234 0.717836499214172 1.33199751377106 0.755020558834076 0.860428392887115 1.07162606716156 1.08459544181824 1.06833517551422 1.26054179668427 1.24806976318359 1.4846099615097 1.43361711502075 3.25443243980408 4.653000831604 4.24551057815552 6.35743999481201 7.20980405807495 8.01877498626709 7.19295120239258 4.28286933898926 9.61568832397461 3.46294164657593 4.22546529769897 7.88493061065674 8.25550556182861 10.5770606994629 0.480875015258789 0.795009195804596 0.724705100059509 -99.9
0.331679940223694 0.282427847385406 0.312961846590042 0.337998479604721 0.405488222837448 0.374948620796204 0.366379290819168 0.343771487474442 0.422087490558624 0.373720973730087 0.461477965116501 0.425937503576279 0.393349230289459 0.320602238178253 0.45039564371109 0.454585552215576 0.384881734848022 0.392494857311249 0.391917526721954 0.416861027479172 0.473348081111908 0.462238997220993 0.506761789321899 0.574139416217804 0.516294598579407 0.660548806190491 0.659742832183838 0.807323098182678 1.0378041267395 0.964507818222046 1.40699875354767 1.08159399032593 0.820802271366119 1.44493305683136 1.81559443473816 2.3559045791626 2.45362043380737 1.83805418014526 2.30725145339966 2.02372288703918 4.26085424423218 6.12041091918945 3.15949940681458 1.95140850543976 0.992644190788269 1.96322560310364 2.48951435089111 3.74001002311707 5.49079275131226 7.77333736419678 1.48773837089539 7.91186857223511 0.406207352876663 0.407564043998718 0.380780071020126 0.590078234672546 0.34837681055069 -99.9
0.263465195894241 0.312123000621796 0.308987110853195 0.305932432413101 0.353568613529205 0.457864463329315 0.394790768623352 0.394544392824173 0.41849672794342 0.421798706054688 0.409598797559738 0.416857719421387 0.417738616466522 0.336263805627823 0.387529134750366 0.370742678642273 0.387324780225754 0.385954588651657 0.429017812013626 0.439937382936478 0.444796323776245 0.482546508312225 0.516309976577759 0.565100729465485 0.574466347694397 0.63200432062149 0.812178730964661 1.30036771297455 1.43588495254517 0.866113305091858 1.25441074371338 3.96103596687317 0.878845036029816 2.04099082946777 4.2244758605957 1.8507639169693 1.97727644443512 2.54978513717651 1.90258026123047 0.604861199855804 0.502717733383179 -99.9 -99.9 -99.9 -99.9 -99.9 1.01768231391907 0.890472173690796 5.18858098983765 7.38454580307007 9.07456588745117 5.84063386917114 9.13032531738281 9.63150405883789 9.94543075561523 0.85695081949234 0.544177293777466 -99.9
0.345821261405945 0.323221445083618 0.356800556182861 0.35622102022171 0.396409124135971 0.352560997009277 0.366645395755768 0.450261622667313 0.354414910078049 0.43071660399437 0.359088003635406 0.360817909240723 0.375648647546768 0.29934698343277 0.42082804441452 0.357445538043976 0.390497773885727 0.41278612613678 0.402366608381271 0.41948476433754 0.484781622886658 0.511512041091919 0.533572316169739 0.517206907272339 0.629452407360077 0.832615494728088 0.683457732200623 1.79242062568665 3.25564289093018 3.40996074676514 1.55425274372101 3.77200293540955 1.95108950138092 2.85674476623535 1.52705073356628 0.323276966810226 -99.9 -99.9 -99.9 -99.9 -99.9 -99.9 -99.9 -99.9 -99.9 -99.9 -99.9 0.403211623430252 0.468356043100357 0.419075280427933 0.464566618204117 -99.9 0.865278542041779 0.540630161762238 -99.9 0.598776876926422 0.480140745639801 -99.9
0.360275685787201 0.32224252820015 0.385463625192642 0.359963804483414 0.386916607618332 0.367810845375061 0.355606257915497 0.349664568901062 0.33176651597023 0.338064581155777 0.331865638494492 0.197883054614067 0.353589951992035 0.317584961652756 0.368996262550354 0.367569863796234 0.418779850006104 0.434840828180313 0.448110908269882 0.433900564908981 0.467875480651855 0.507253110408783 0.648567318916321 1.01903355121613 0.762607514858246 1.4149888753891 2.86992073059082 1.49378430843353 2.54399824142456 1.12353205680847 1.25415730476379 1.10470235347748 -99.9 -99.9 -99.9 -99.9 -99.9 -99.9 -99.9 -99.9 -99.9 -99.9 -99.9 -99.9 -99.9 -99.9 -99.9 -99.9 -99.9 -99.9 -99.9 -99.9 -99.9 -99.9 -99.9 -99.9 -99.9 -99.9
0.352151155471802 0.382199198007584 0.370448738336563 0.362148106098175 0.353423774242401 0.361661851406097 0.307107001543045 0.34512522816658 0.314994633197784 0.338091313838959 0.273183286190033 0.357359439134598 0.355591803789139 0.368252724409103 0.410691469907761 0.386515557765961 0.435361623764038 0.463135570287704 0.594406425952911 0.491177469491959 0.467154979705811 0.575795769691467 0.644684851169586 0.492402404546738 0.619253695011139 0.54355525970459 1.40764987468719 1.01311409473419 1.05747008323669 0.969574809074402 1.20548212528229 0.653334558010101 -99.9 -99.9 -99.9 -99.9 -99.9 -99.9 -99.9 -99.9 -99.9 -99.9 -99.9 -99.9 -99.9 -99.9 -99.9 -99.9 -99.9 -99.9 -99.9 -99.9 -99.9 -99.9 -99.9 -99.9 -99.9 -99.9
0.356693208217621 0.284467399120331 0.196498766541481 0.223373964428902 0.318987935781479 0.338532149791718 0.361284464597702 0.333805859088898 0.339874118566513 0.341336369514465 0.351313263177872 0.36029851436615 0.350146740674973 0.384104162454605 0.416168361902237 0.413142681121826 0.43193456530571 0.440046429634094 0.518245995044708 0.46563920378685 0.490514844655991 1.8459165096283 1.35321056842804 0.941312968730927 0.49413800239563 0.508855700492859 0.537753939628601 0.636557877063751 0.676530659198761 0.643465638160706 0.551628410816193 0.727571189403534 0.833808779716492 -99.9 -99.9 -99.9 -99.9 -99.9 -99.9 -99.9 -99.9 -99.9 -99.9 -99.9 -99.9 -99.9 -99.9 -99.9 -99.9 -99.9 -99.9 -99.9 -99.9 -99.9 -99.9 -99.9 -99.9 -99.9
0.158408999443054 0.189398124814034 0.233957856893539 0.27749902009964 0.278763651847839 0.318862199783325 0.288896530866623 0.205216959118843 0.327069908380508 0.338645249605179 0.339239627122879 0.322798371315002 0.363066524267197 0.347476720809937 0.375349849462509 0.374078273773193 0.407589882612228 0.428852051496506 0.438387215137482 0.385008066892624 0.427137792110443 1.53731060028076 1.54168832302094 1.08615624904633 0.549723982810974 0.488832861185074 0.500774264335632 0.691668748855591 0.509574949741364 0.698962509632111 0.591327428817749 0.951746821403503 0.819969832897186 0.468330919742584 -99.9 -99.9 -99.9 -99.9 -99.9 -99.9 -99.9 -99.9 -99.9 -99.9 -99.9 -99.9 -99.9 -99.9 -99.9 -99.9 -99.9 -99.9 -99.9 -99.9 -99.9 -99.9 -99.9 -99.9
-99.9 -99.9 -99.9 -99.9 0.246869638562202 0.260380238294601 0.341142445802689 0.325242251157761 0.216006219387054 0.338608086109161 0.360040128231049 0.362586110830307 0.352148741483688 0.40718337893486 0.400538623332977 0.421266615390778 0.393182963132858 0.404892027378082 0.369679421186447 0.383926510810852 0.454571217298508 0.521613299846649 0.594616234302521 0.451886504888535 0.471221417188644 0.474355220794678 0.515835762023926 0.521615087985992 0.619279026985168 0.513847053050995 1.13134145736694 4.06529712677002 -99.9 -99.9 -99.9 -99.9 -99.9 -99.9 -99.9 -99.9 -99.9 -99.9 -99.9 -99.9 -99.9 -99.9 -99.9 -99.9 -99.9 -99.9 -99.9 -99.9 -99.9 -99.9 -99.9 -99.9 -99.9 -99.9
-99.9 -99.9 -99.9 -99.9 -99.9 -99.9 0.230878040194511 0.164215952157974 0.299369007349014 0.323006421327591 0.3584925532341 0.327892780303955 0.421472042798996 0.424407154321671 0.433925598859787 0.417979538440704 0.394924283027649 0.420362085103989 0.349859237670898 0.358112335205078 0.419017970561981 0.435795277357101 0.449786633253098 0.451153337955475 0.451693415641785 0.462961792945862 0.490104109048843 0.498495280742645 0.518752992153168 0.513921618461609 0.541045725345612 3.51538252830505 2.61598634719849 0.357046246528625 0.344910442829132 -99.9 -99.9 -99.9 -99.9 -99.9 -99.9 -99.9 -99.9 -99.9 -99.9 -99.9 -99.9 -99.9 -99.9 -99.9 -99.9 -99.9 -99.9 -99.9 -99.9 -99.9 -99.9 -99.9
-99.9 -99.9 -99.9 -99.9 -99.9 -99.9 -99.9 -99.9 -99.9 0.283511757850647 0.227323144674301 0.276501208543777 0.415342539548874 0.415361672639847 0.439006865024567 0.418921083211899 0.420147031545639 0.3995481133461 0.365577042102814 0.396731227636337 0.434870541095734 0.428535372018814 0.457505345344543 0.451030313968658 0.451168090105057 0.45031201839447 0.45707756280899 0.44134920835495 0.465292751789093 0.508519530296326 0.51766437292099 0.503300547599792 0.49314484000206 0.372478663921356 0.337916910648346 -99.9 -99.9 0.303941488265991 0.299477785825729 -99.9 -99.9 -99.9 -99.9 -99.9 -99.9 -99.9 -99.9 -99.9 -99.9 -99.9 -99.9 -99.9 -99.9 -99.9 -99.9 -99.9 -99.9 -99.9
-99.9 -99.9 -99.9 -99.9 -99.9 -99.9 -99.9 -99.9 -99.9 -99.9 0.187310636043549 0.160296276211739 0.13956955075264 0.0713804587721825 0.155564948916435 0.208796069025993 0.330639272928238 0.308628618717194 0.34083566069603 0.402701020240784 0.438581049442291 0.43608358502388 0.458651214838028 0.431946039199829 0.44588440656662 0.439629524946213 0.414469748735428 0.401617646217346 0.378295481204987 0.292413234710693 0.203023493289948 0.276453107595444 0.230379045009613 0.390367865562439 0.429295927286148 0.336503654718399 0.300230294466019 0.33193701505661 0.290398001670837 0.365921050310135 0.342386096715927 0.374856114387512 -99.9 -99.9 -99.9 -99.9 -99.9 -99.9 -99.9 -99.9 -99.9 -99.9 -99.9 -99.9 -99.9 -99.9 -99.9 -99.9
-99.9 -99.9 -99.9 -99.9 -99.9 -99.9 -99.9 -99.9 -99.9 -99.9 -99.9 -99.9 0.162938758730888 -99.9 0.221766427159309 0.139287367463112 0.393438726663589 0.300319164991379 0.293520003557205 0.405975669622421 0.613058269023895 0.436457097530365 0.4515061378479 0.441832542419434 0.434961080551147 0.44676086306572 0.412034332752228 0.283751279115677 0.22786919772625 0.189839780330658 0.230627447366714 0.217294380068779 0.389571309089661 0.391295254230499 0.420121431350708 0.385296374559402 0.296754986047745 0.385625451803207 0.273785501718521 0.302811682224274 0.305250495672226 0.319248139858246 0.200010657310486 0.293498545885086 0.298548132181168 -99.9 -99.9 -99.9 -99.9 -99.9 -99.9 -99.9 -99.9 -99.9 -99.9 -99.9 -99.9 -99.9
-99.9 -99.9 -99.9 -99.9 -99.9 -99.9 -99.9 -99.9 -99.9 -99.9 -99.9 -99.9 -99.9 -99.9 -99.9 -99.9 -99.9 -99.9 0.224625781178474 0.187082692980766 0.177346155047417 0.239287570118904 0.326987206935883 0.212502703070641 0.230272352695465 0.327908307313919 0.373158603906631 0.314539104700089 0.19010229408741 0.197467550635338 0.22417040169239 0.184965550899506 0.318326950073242 0.349562019109726 0.361959487199783 0.460941523313522 0.501525819301605 0.473525673151016 0.453696936368942 0.46684855222702 0.414895176887512 0.273028522729874 0.233486145734787 0.240917667746544 0.334774076938629 0.227339759469032 0.273440361022949 0.212833076715469 0.30381453037262 0.181378468871117 -99.9 -99.9 -99.9 -99.9 -99.9 -99.9 -99.9 -99.9
-99.9 -99.9 -99.9 -99.9 -99.9 -99.9 -99.9 -99.9 -99.9 -99.9 -99.9 -99.9 -99.9 -99.9 -99.9 -99.9 -99.9 -99.9 -99.9 -99.9 -99.9 0.217460721731186 0.154452681541443 0.114900603890419 0.142813935875893 0.131724864244461 0.341995060443878 0.291169732809067 0.280527174472809 0.193775668740273 0.192076027393341 0.228242918848991 0.282094359397888 0.335166841745377 0.361461937427521 0.435125857591629 0.487461656332016 0.50380265712738 0.512501657009125 0.380099177360535 0.44659698009491 0.317074567079544 0.270842105150223 0.296434968709946 -99.9 -99.9 0.186939090490341 0.325713694095612 0.290406763553619 0.384856969118118 -99.9 -99.9 -99.9 -99.9 -99.9 -99.9 -99.9 -99.9
-99.9 -99.9 -99.9 -99.9 -99.9 -99.9 -99.9 -99.9 -99.9 -99.9 -99.9 -99.9 -99.9 -99.9 -99.9 -99.9 -99.9 -99.9 -99.9 -99.9 -99.9 -99.9 -99.9 -99.9 -99.9 0.270374834537506 0.20906026661396 0.186189100146294 0.211545065045357 0.262979656457901 0.275697350502014 0.21120473742485 0.239782989025116 0.290075272321701 0.274225473403931 0.348551899194717 0.456190228462219 0.449421495199203 0.462502717971802 0.511536300182343 0.444992810487747 0.36976233124733 0.315911918878555 0.340184897184372 0.361767470836639 0.339177221059799 0.412098914384842 0.49209263920784 0.32176998257637 0.326540112495422 0.372201204299927 0.204925000667572 -99.9 -99.9 -99.9 -99.9 -99.9 -99.9
