fish_book/data/sediment/Wilson_et_al_2017_data_files_asc/TotalD50.asc
NCOLS 200
NROWS 150
XLLCORNER -16
YLLCORNER 44
CELLSIZE 0.125
NODATA_VALUE -99.9
[rows 0 to 24 of 150, columns 116 to 173 of 200]
-99.9 -99.9 -99.9 -99.9 -99.9 -99.9 -99.9 -99.9 -99.9 -99.9 -99.9 -99.9 -99.9 -99.9 -99.9 -99.9 -99.9 -99.9 -99.9 -99.9 -99.9 -99.9 -99.9 -99.9 -99.9 -99.9 -99.9 -99.9 -99.9 -99.9 -99.9 -99.9 -99.9 -99.9 -99.9 -99.9 -99.9 -99.9 -99.9 -99.9 -99.9 -99.9 -99.9 -99.9 -99.9 -99.9 -99.9 -99.9 -99.9 -99.9 -99.9 -99.9 -99.9 -99.9 -99.9 -99.9 -99.9 -99.9
-99.9 -99.9 -99.9 -99.9 -99.9 -99.9 -99.9 -99.9 -99.9 -99.9 -99.9 -99.9 -99.9 -99.9 -99.9 -99.9 -99.9 -99.9 -99.9 -99.9 -99.9 -99.9 -99.9 -99.9 -99.9 -99.9 -99.9 -99.9 -99.9 -99.9 -99.9 -99.9 -99.9 -99.9 -99.9 -99.9 -99.9 -99.9 -99.9 -99.9 -99.9 -99.9 -99.9 -99.9 -99.9 -99.9 -99.9 -99.9 -99.9 -99.9 -99.9 -99.9 -99.9 -99.9 -99.9 -99.9 -99.9 -99.9
-99.9 -99.9 -99.9 -99.9 -99.9 -99.9 -99.9 -99.9 -99.9 -99.9 -99.9 -99.9 -99.9 -99.9 -99.9 -99.9 -99.9 -99.9 -99.9 -99.9 -99.9 -99.9 -99.9 -99.9 -99.9 -99.9 -99.9 -99.9 -99.9 -99.9 -99.9 -99.9 -99.9 -99.9 -99.9 -99.9 -99.9 -99.9 -99.9 -99.9 -99.9 -99.9 -99.9 -99.9 -99.9 -99.9 -99.9 -99.9 -99.9 -99.9 -99.9 -99.9 -99.9 -99.9 -99.9 -99.9 -99.9 -99.9
-99.9 -99.9 -99.9 -99.9 -99.9 -99.9 -99.9 -99.9 -99.9 -99.9 -99.9 -99.9 -99.9 -99.9 -99.9 -99.9 -99.9 -99.9 -99.9 -99.9 -99.9 -99.9 -99.9 -99.9 -99.9 -99.9 -99.9 -99.9 -99.9 -99.9 -99.9 -99.9 -99.9 -99.9 -99.9 -99.9 -99.9 -99.9 -99.9 -99.9 -99.9 -99.9 -99.9 -99.9 -99.9 -99.9 -99.9 -99.9 -99.9 -99.9 -99.9 -99.9 -99.9 -99.9 -99.9 -99.9 -99.9 -99.9
-99.9 -99.9 -99.9 -99.9 -99.9 -99.9 -99.9 -99.9 -99.9 -99.9 -99.9 -99.9 -99.9 -99.9 -99.9 -99.9 -99.9 -99.9 -99.9 -99.9 -99.9 -99.9 -99.9 -99.9 -99.9 -99.9 -99.9 -99.9 -99.9 -99.9 -99.9 -99.9 -99.9 -99.9 -99.9 -99.9 -99.9 -99.9 -99.9 -99.9 -99.9 -99.9 -99.9 -99.9 -99.9 -99.9 -99.9 -99.9 -99.9 -99.9 -99.9 -99.9 -99.9 -99.9 -99.9 -99.9 -99.9 -99.9
-99.9 -99.9 -99.9 -99.9 -99.9 -99.9 -99.9 -99.9 -99.9 -99.9 -99.9 -99.9 -99.9 -99.9 -99.9 -99.9 -99.9 -99.9 -99.9 -99.9 -99.9 -99.9 -99.9 -99.9 -99.9 -99.9 -99.9 -99.9 -99.9 -99.9 -99.9 -99.9 -99.9 -99.9 -99.9 -99.9 -99.9 -99.9 -99.9 -99.9 -99.9 -99.9 -99.9 -99.9 -99.9 -99.9 -99.9 -99.9 -99.9 -99.9 -99.9 -99.9 -99.9 -99.9 -99.9 -99.9 -99.9 -99.9
-99.9 -99.9 -99.9 -99.9 -99.9 -99.9 0.226352676749229 0.13904096186161 0.227314367890358 0.242330089211464 0.170486852526665 0.194146111607552 0.374862998723984 0.373035877943039 0.391293883323669 0.455508947372437 0.403874605894089 0.25328341126442 0.262171059846878 0.270253926515579 0.261955976486206 0.244115352630615 0.196501359343529 0.168889254331589 0.0656006708741188 0.0478627495467663 0.0506253764033318 0.0590193755924702 0.0477775037288666 0.0532261915504932 0.0512486286461353 0.0473363697528839 0.0475523509085178 0.046670850366354 0.0473270863294601 0.0471441522240639 0.0472725443542004 0.0463592000305653 0.0476340614259243 0.0477713905274868 0.0487703159451485 0.085466094315052 0.145369663834572 0.174992799758911 0.177167281508446 0.201849490404129 0.174717277288437 0.121157377958298 0.142768993973732 0.291329145431519 0.226999431848526 -99.9 -99.9 -99.9 -99.9 -99.9 -99.9 -99.9
-99.9 -99.9 -99.9 -99.9 0.233631283044815 0.223085582256317 0.256557255983353 0.163396909832954 0.165946871042252 0.335384517908096 0.297859728336334 0.24857297539711 0.281283766031265 0.238714039325714 0.232743620872498 0.262815922498703 0.245713487267494 0.212983161211014 0.183499231934547 0.219505488872528 0.265548169612885 0.27536404132843 0.25863853096962 0.20022577047348 0.108107969164848 0.0656582936644554 0.0483337081968784 0.0470438301563263 0.0478316806256771 0.0485119074583054 0.0492492020130157 0.0471376515924931 0.0470923706889153 0.0491170883178711 0.0471277385950089 0.0486658401787281 0.0463464930653572 0.0468235425651073 0.0477766506373882 0.047446221113205 0.0471162647008896 0.0836498141288757 0.101477235555649 0.124949648976326 0.179002121090889 0.197894677519798 0.121135801076889 0.219200566411018 0.177191123366356 0.293219238519669 -99.9 -99.9 -99.9 -99.9 -99.9 -99.9 -99.9 -99.9
-99.9 -99.9 0.222970113158226 0.24898923933506 0.268371105194092 0.266084998846054 0.188662111759186 0.258327811956406 0.319561183452606 0.323094755411148 0.312690526247025 0.277339071035385 0.251891225576401 0.223774373531342 0.215246498584747 0.209086999297142 0.207105815410614 0.23355208337307 0.195328295230865 0.213753536343575 0.260257601737976 0.263001531362534 0.289436757564545 0.29255998134613 0.249231413006783 0.177341729402542 0.0872180089354515 0.06508419662714 0.047028474509716 0.0585817433893681 0.0490641295909882 0.0501501895487309 0.0476048588752747 0.0470308065414429 0.0473883859813213 0.047186978161335 0.0421758145093918 0.0473945550620556 0.0458868145942688 0.0471321605145931 0.046644814312458 0.0449876710772514 0.0625812634825706 0.0587274841964245 0.0838931798934937 0.158741220831871 0.134325534105301 0.126582562923431 0.160016506910324 0.290443897247314 -99.9 -99.9 -99.9 -99.9 -99.9 -99.9 -99.9 -99.9
-99.9 0.317629992961884 0.443847566843033 0.36975085735321 0.262676775455475 0.20046079158783 0.167561650276184 0.160937413573265 0.298633366823196 0.302445948123932 0.304803460836411 0.289736092090607 0.264396190643311 0.231272056698799 0.230919525027275 0.230209872126579 0.22668132185936 0.229643791913986 0.219734460115433 0.204300805926323 0.222922638058662 0.221552520990372 0.248587548732758 0.298507332801819 0.370612531900406 0.495788156986237 0.21039579808712 0.113463997840881 0.112464733421803 0.0677209720015526 0.052780095487833 0.049825631082058 0.0486809611320496 0.0479815416038036 0.0475646331906319 0.046901348978281 0.0473064258694649 0.040391843765974 0.0397792309522629 0.0430063270032406 0.0477733314037323 0.0419362187385559 0.045556329190731 0.0790735185146332 0.109073154628277 0.106870159506798 0.168174058198929 0.179714813828468 0.18094390630722 -99.9 -99.9 -99.9 -99.9 -99.9 -99.9 -99.9 -99.9 -99.9
0.379494279623032 0.30949854850769 0.28429040312767 0.34732261300087 0.188318386673927 0.208844512701035 0.169619247317314 0.274521708488464 0.278166383504868 0.281844854354858 0.285341262817383 0.285942047834396 0.26528987288475 0.253062099218369 0.2535040974617 0.240021347999573 0.233673810958862 0.229415863752365 0.23485392332077 0.22814205288887 0.223542362451553 0.247340679168701 0.263206630945206 0.263663589954376 0.32075497508049 0.411280006170273 0.262438893318176 0.338924199342728 0.297714620828629 0.225159958004951 0.1085459664464 0.0658789947628975 0.0923967286944389 0.0738148018717766 0.0480597801506519 0.0383958294987679 0.0351045578718185 0.032128170132637 0.0331786125898361 0.0409660860896111 0.029376408085227 0.0344082936644554 0.043059054762125 0.039547361433506 0.0382509604096413 0.110537365078926 0.0938456356525421 0.177580624818802 0.174632579088211 0.194537416100502 0.239973738789558 0.342211544513702 -99.9 -99.9 -99.9 -99.9 -99.9 -99.9
0.31256765127182 0.289985537528992 0.282600224018097 0.272552013397217 0.26054835319519 0.286559104919434 0.278168439865112 0.263977080583572 0.264146536588669 0.265632718801498 0.26749175786972 0.266645491123199 0.254118233919144 0.247583612799644 0.265045970678329 0.246882811188698 0.238411039113998 0.237144365906715 0.236011400818825 0.222523972392082 0.213389307260513 0.220402106642723 0.201194226741791 0.228819832205772 0.24774743616581 0.270564168691635 0.351095348596573 0.341263175010681 0.285336047410965 0.248955100774765 0.236515432596207 0.17872416973114 0.126124829053879 0.0977644100785255 0.0670240521430969 0.0409473404288292 0.0273524988442659 0.0246497690677643 0.0274776387959719 0.0378887616097927 0.028407858684659 0.0328874327242374 0.029012044891715 0.0311958026140928 0.0329544693231583 0.0808462128043175 0.102329470217228 0.159578949213028 0.268241852521896 -99.9 0.331103771924973 -99.9 -99.9 -99.9 -99.9 -99.9 -99.9 -99.9
0.3048996925354 0.295780718326569 0.292106449604034 0.292014986276627 0.283916413784027 0.303641825914383 0.387399286031723 0.382395356893539 0.32598003745079 0.289711803197861 0.293749213218689 0.345630794763565 0.261604338884354 0.254458963871002 0.25924688577652 0.160900175571442 0.152203664183617 0.160337656736374 0.16847163438797 0.176605626940727 0.184739604592323 0.181771129369736 0.181713223457336 0.206005394458771 0.215139478445053 0.306830614805222 0.279822379350662 0.271747171878815 0.246490672230721 0.240672916173935 0.239150255918503 0.236316531896591 0.195815786719322 0.133055865764618 0.093698725104332 0.0485509037971497 0.0254940036684275 0.0184108819812536 0.02254150621593 0.0339187979698181 0.0385611206293106 0.0335741266608238 0.223390281200409 0.0302295237779617 0.0352024957537651 0.0534025356173515 0.153758525848389 0.254518538713455 0.238002330064774 -99.9 -99.9 -99.9 -99.9 -99.9 -99.9 -99.9 -99.9 -99.9
0.377183139324188 0.470603317022324 0.391126811504364 0.348061084747314 0.366749256849289 0.411946296691895 0.358546525239944 0.450112730264664 0.474020004272461 0.351117849349976 0.309220850467682 0.269378572702408 0.24049811065197 0.213715940713882 0.186933770775795 0.160151600837708 0.149806633591652 0.157940626144409 0.166074603796005 0.174208596348763 0.17314724624157 0.166395500302315 0.163567990064621 0.187860161066055 0.219782486557961 0.196622803807259 0.280464470386505 0.243425399065018 0.2378209233284 0.23660147190094 0.235288605093956 0.234086945652962 0.232969924807549 0.209218263626099 0.13178551197052 0.0737768933176994 0.0434172451496124 0.0158640556037426 0.0185321606695652 0.0294073522090912 0.0475032776594162 0.0312364473938942 0.0340051874518394 0.036647230386734 0.134624898433685 0.0425489544868469 0.108104139566422 0.176831662654877 0.293006390333176 -99.9 -99.9 -99.9 -99.9 -99.9 -99.9 -99.9 -99.9 -99.9
0.591135680675507 0.58655047416687 0.58240818977356 0.488921463489532 0.613295137882233 4.46937036514282 0.586768984794617 0.549351215362549 0.487332224845886 0.588359415531158 0.371816903352737 0.291429340839386 0.251587063074112 0.212967365980148 0.186185196042061 0.159403026103973 0.147409602999687 0.155543595552444 0.161161720752716 0.159248366951942 0.157335013151169 0.149288773536682 0.145422756671906 0.171200707554817 0.203407168388367 0.235613644123077 0.178106129169464 0.23388859629631 0.232936665415764 0.231973350048065 0.230929866433144 0.229809194803238 0.228737950325012 0.227675467729568 0.207383438944817 0.114828929305077 0.062203660607338 0.037464328110218 0.019092021510005 0.0289516784250736 0.0454082414507866 0.0426300093531609 0.0255988519638777 0.0247548725455999 0.0315945111215115 0.0419926010072231 0.0417401306331158 0.15870726108551 0.183564752340317 0.198712423443794 -99.9 -99.9 -99.9 -99.9 -99.9 -99.9 -99.9 -99.9
1.24637913703918 0.562177181243896 0.560637891292572 0.710950672626495 -99.9 -99.9 1.41306686401367 0.510599911212921 0.891096949577332 0.674554467201233 0.458011955022812 0.313480108976364 0.27363783121109 0.233795553445816 0.193953275680542 0.158654451370239 0.145012572407722 0.147262841463089 0.145349487662315 0.143436133861542 0.141522780060768 0.131698593497276 0.12727752327919 0.154825389385223 0.187031865119934 0.219238340854645 0.184749439358711 0.15958945453167 0.169195100665092 0.227045193314552 0.226097971200943 0.225168392062187 0.22458316385746 0.229245066642761 0.224760115146637 0.198204144835472 0.132373064756393 0.075711615383625 0.0460585579276085 0.0323734506964684 0.0474579259753227 0.0300629958510399 0.0251022502779961 0.0243697259575129 0.0416106134653091 0.0425921678543091 0.0824877098202705 0.0786297917366028 0.14834152162075 0.233299657702446 -99.9 -99.9 -99.9 -99.9 -99.9 -99.9 -99.9 -99.9
0.382568031549454 0.386399686336517 0.411463022232056 -99.9 -99.9 0.401726305484772 0.420583337545395 0.682833969593048 0.942063629627228 0.760749578475952 0.544207036495209 0.335530906915665 0.295688599348068 0.255846321582794 0.216004058718681 0.177595227956772 0.145904362201691 0.131450608372688 0.129537254571915 0.127623900771141 0.124258905649185 0.11410840600729 0.109132282435894 0.138450086116791 0.17065654695034 0.202863022685051 0.235069498419762 0.131612151861191 0.141072779893875 0.150678426027298 0.160284072160721 0.177995666861534 0.189810395240784 0.238560318946838 0.223418489098549 0.18853472173214 0.160466313362122 0.101060077548027 0.0653096213936806 0.0481482222676277 0.0404900200664997 0.0486543253064156 0.0297001134604216 0.0370090715587139 0.0433271527290344 0.0417910255491734 0.0473574250936508 0.0440240688621998 0.0853631794452667 0.296965837478638 0.283503115177155 -99.9 -99.9 -99.9 -99.9 -99.9 -99.9 -99.9
-99.9 -99.9 -99.9 -99.9 0.373164862394333 0.398971110582352 0.494701206684113 0.628115296363831 0.887344896793365 0.741259276866913 0.59517365694046 0.413859635591507 0.317739397287369 0.280139744281769 0.245591923594475 0.211044102907181 0.179652839899063 0.152916207909584 0.126179575920105 0.11181166768074 0.106668718159199 0.0965182259678841 0.0909870490431786 0.122074767947197 0.154281243681908 0.186487704515457 0.218694180250168 0.250900655984879 0.112950444221497 0.141495540738106 0.176015600562096 0.210535645484924 0.276580512523651 0.244282752275467 0.225287556648254 0.204860746860504 0.190512850880623 0.168007001280785 0.125711128115654 0.0888425558805466 0.0437944643199444 0.0273933801800013 0.035303108394146 0.0237832944840193 0.0415899194777012 0.0471931323409081 0.0410571806132793 0.0495459325611591 0.0468502528965473 0.11931399255991 -99.9 -99.9 -99.9 -99.9 -99.9 -99.9 -99.9 -99.9
-99.9 -99.9 -99.9 -99.9 0.377358883619308 0.473088979721069 0.568819105625153 0.664549171924591 0.832626223564148 0.686540603637695 0.540454983711243 0.396781444549561 0.330812186002731 0.313588619232178 0.279040783643723 0.24449297785759 0.213401332497597 0.186664700508118 0.159928068518639 0.119000732898712 0.0897493734955788 0.0809714645147324 0.0734929889440536 0.105699457228184 0.146353527903557 0.188782811164856 0.231212094426155 0.248769462108612 0.150857299566269 0.175228253006935 0.208771586418152 0.243075639009476 0.315015345811844 0.324878543615341 0.245534345507622 0.239824712276459 0.230068802833557 0.216914713382721 0.202618345618248 0.168769508600235 0.0461688935756683 0.0247786846011877 0.0155241182073951 0.0136972917243838 0.0179367065429688 0.039997760206461 0.0349136069417 0.0479809828102589 0.0756502524018288 0.0923306122422218 0.151679158210754 -99.9 -99.9 -99.9 -99.9 -99.9 -99.9 -99.9
-99.9 -99.9 -99.9 0.355746686458588 0.451476752758026 0.547206878662109 0.642936944961548 0.738667011260986 0.77790755033493 0.634234011173248 0.492972493171692 0.351711004972458 0.291613548994064 0.295064747333527 0.295165419578552 0.277941852807999 0.247149810194969 0.206222474575043 0.15110445022583 0.0959864184260368 0.0634733960032463 0.10136429220438 0.147606730461121 0.176003828644753 0.21843309700489 0.235990464687347 0.228675901889801 0.221361353993416 0.214046791195869 0.210193380713463 0.240198224782944 0.263259947299957 0.340045511722565 0.453608959913254 0.31382942199707 0.221267178654671 0.218001693487167 0.203806430101395 0.15957073867321 0.0939524844288826 0.0389123894274235 0.0283673163503408 0.0190653130412102 0.0141019439324737 0.0206881333142519 0.0346740186214447 0.0480791591107845 0.0556100159883499 0.0557766556739807 0.0958653911948204 0.0854465290904045 -99.9 -99.9 -99.9 -99.9 -99.9 -99.9 -99.9
-99.9 -99.9 -99.9 0.429864555597305 0.525594651699066 0.621324717998505 0.682458221912384 0.644306600093842 0.641536056995392 0.589163541793823 0.447902083396912 0.306640595197678 0.246543109416962 0.259216636419296 0.259317308664322 0.259062677621841 0.235187992453575 0.179304257035255 0.123420529067516 0.0834788531064987 0.0904049277305603 0.133939996361732 0.180182442069054 0.256665617227554 0.224396482110023 0.220259711146355 0.213496163487434 0.206732630729675 0.199969097971916 0.220027983188629 0.242594569921494 0.255137860774994 0.321012735366821 0.414278268814087 0.330065876245499 0.245853468775749 0.145613923668861 0.132431536912918 0.0800463259220123 0.0480637066066265 0.0475710928440094 0.0435901768505573 0.022508317604661 0.0141697796061635 0.020266018807888 0.0355939753353596 0.0480648837983608 0.0508281998336315 0.0391181036829948 0.0883948355913162 0.0725768432021141 0.200358241796494 -99.9 0.121799066662788 -99.9 -99.9 -99.9 -99.9
0.258919090032578 -99.9 0.408252328634262 0.400192677974701 0.362041026353836 0.323889344930649 0.285737693309784 0.247586011886597 0.240909546613693 0.277426093816757 0.313942641019821 0.261570155620575 0.20147268474102 0.222539231181145 0.222403258085251 0.198450088500977 0.174496933817863 0.150779247283936 0.112077482044697 0.105609029531479 0.120273262262344 0.248243093490601 0.303480356931686 0.245793029665947 0.208182975649834 0.206672951579094 0.205162927508354 0.201026156544685 0.203203424811363 0.215746715664864 0.218266710639 0.220786705613136 0.296205103397369 0.309634298086166 0.225421890616417 0.141209498047829 0.118522055447102 0.130142286419868 0.0751776620745659 0.0478291809558868 0.0487957559525967 0.0477852933108807 0.0250527057796717 0.0142541052773595 0.0202201288193464 0.0366623252630234 0.0480616725981236 0.0482751168310642 0.0465574599802494 0.0895402729511261 0.0458777658641338 0.120736315846443 -99.9 -99.9 0.378939121961594 -99.9 -99.9 -99.9
0.255714416503906 -99.9 0.201849058270454 0.187627553939819 0.173406064510345 0.15918456017971 0.144963070750237 0.130741566419601 0.129324927926064 0.138864383101463 0.148011490702629 0.157158598303795 0.173550933599472 0.124163329601288 0.159031867980957 0.138965725898743 0.11388436704874 0.131742432713509 0.11839534342289 0.149413913488388 0.398031145334244 0.350295096635818 0.292607754468918 0.23492044210434 0.191969454288483 0.190459430217743 0.188949421048164 0.187716379761696 0.183282241225243 0.181395560503006 0.183915570378304 0.18643556535244 0.27139750123024 0.204990327358246 0.143738329410553 0.12929879128933 0.114859260618687 0.157543241977692 0.0864330679178238 0.0547131262719631 0.0480694137513638 0.0480395704507828 0.0277054216712713 0.0144805358722806 0.0206153877079487 0.0378580838441849 0.0480922125279903 0.0481426268815994 0.0460217632353306 0.0710611939430237 0.110296308994293 0.128900960087776 0.102881371974945 -99.9 -99.9 -99.9 -99.9 -99.9
0.279731571674347 0.253729254007339 0.227726951241493 0.201724633574486 0.175722315907478 0.149720013141632 0.12702439725399 0.112802892923355 0.112533561885357 0.125520288944244 0.13466739654541 0.11624289304018 0.0897060707211494 0.0927413254976273 0.146000936627388 0.0891218185424805 0.0861938446760178 0.0898572728037834 0.0989959836006165 0.272785246372223 0.337652951478958 0.352077692747116 0.281735181808472 0.224047854542732 0.175755947828293 0.174522906541824 0.173566848039627 0.172610774636269 0.170678019523621 0.160264447331429 0.149850890040398 0.158853858709335 0.184558749198914 0.1545150578022 0.140075519680977 0.125635996460915 0.111196458339691 0.196023374795914 0.136518344283104 0.0994548574090004 0.0349530279636383 0.032512754201889 0.026616994291544 0.0149334147572517 0.0214301310479641 0.0390771776437759 0.0481564253568649 0.0473303720355034 0.0420352332293987 0.0371730104088783 0.09120262414217 0.119253531098366 -99.9 -99.9 -99.9 -99.9 -99.9 -99.9
0.303748726844788 0.277746438980103 0.251744121313095 0.225741803646088 0.19973948597908 0.173737183213234 0.147734865546227 0.108258813619614 0.106660515069962 0.118045657873154 0.100381560623646 0.0789314210414886 0.0765008628368378 0.0901225283741951 0.160594195127487 0.113969042897224 0.084465503692627 0.0978401601314545 0.100213259458542 0.2032151222229 0.217639863491058 0.232064589858055 0.246489331126213 0.280800879001617 0.160373359918594 0.159417301416397 0.1584612429142 0.15753510594368 0.158073797821999 0.147660225629807 0.137246653437614 0.141405910253525 0.174549952149391 0.150852262973785 0.136412724852562 0.121973194181919 0.107533656060696 0.0930941253900528 0.120679371058941 0.0821275487542152 0.0291658043861389 0.0206709038466215 0.0171703137457371 0.0186703987419605 0.0328940078616142 0.047049667686224 0.0478778779506683 0.0440178588032722 0.0364860035479069 0.0311318561434746 0.0340076349675655 0.039079524576664 0.135745331645012 -99.9 -99.9 -99.9 -99.9 -99.9
