fish_book/data/sediment/Wilson_et_al_2017_data_files_asc/TotalD50.asc
NCOLS 200
NROWS 150
XLLCORNER -16
YLLCORNER 44
CELLSIZE 0.125
NODATA_VALUE -99.9
[rows 0 to 24 of 150, columns 58 to 115 of 200]
-99.9 -99.9 -99.9 -99.9 -99.9 -99.9 0.273140639066696 0.319432109594345 0.358325153589249 0.290436297655106 0.216344401240349 0.191335827112198 0.136888742446899 0.142846629023552 0.164584070444107 0.195952340960503 0.196434378623962 0.192440673708916 0.135019749403 0.173314720392227 0.242397978901863 0.22080796957016 0.189470857381821 0.20699742436409 0.250532001256943 -99.9 -99.9 -99.9 -99.9 -99.9 -99.9 -99.9 -99.9 -99.9 -99.9 -99.9 -99.9 -99.9 -99.9 -99.9 -99.9 -99.9 -99.9 -99.9 -99.9 -99.9 -99.9 -99.9 -99.9 -99.9 -99.9 -99.9 -99.9 -99.9 -99.9 -99.9 -99.9 -99.9
-99.9 0.248966827988625 0.265177547931671 0.26021471619606 0.283138155937195 0.311564594507217 0.390797942876816 0.370115786790848 0.404643297195435 0.411622107028961 0.491784751415253 0.490172982215881 0.511525392532349 0.489044904708862 0.490724891424179 0.423637241125107 0.463990300893784 0.490709692239761 0.491856306791306 0.484649240970612 0.436594754457474 0.231374979019165 0.176366433501244 0.19729770720005 0.30611252784729 0.214606657624245 0.264154404401779 0.26215785741806 0.195704281330109 -99.9 -99.9 -99.9 -99.9 -99.9 -99.9 -99.9 -99.9 -99.9 -99.9 -99.9 -99.9 -99.9 -99.9 -99.9 -99.9 -99.9 -99.9 -99.9 -99.9 -99.9 -99.9 -99.9 -99.9 -99.9 -99.9 -99.9 -99.9 -99.9
0.260333031415939 0.320602625608444 0.276428639888763 0.266377925872803 0.27731329202652 0.372570902109146 0.460015773773193 0.506957948207855 0.955332100391388 3.41975522041321 2.91132140159607 2.88575482368469 4.32005739212036 1.62369704246521 0.984398663043976 0.796982049942017 1.46542823314667 1.20277273654938 1.31882500648499 2.72927832603455 1.70014929771423 0.471167296171188 0.385135382413864 0.264746367931366 0.205132871866226 0.160558715462685 0.190651029348373 0.327103763818741 0.1485406011343 0.26455745100975 0.226190790534019 0.224120229482651 0.245280593633652 -99.9 -99.9 -99.9 -99.9 -99.9 -99.9 -99.9 -99.9 -99.9 -99.9 -99.9 -99.9 -99.9 -99.9 -99.9 -99.9 -99.9 -99.9 -99.9 -99.9 -99.9 -99.9 -99.9 -99.9 -99.9
0.31773778796196 0.34354642033577 0.35604590177536 0.410639584064484 0.447268694639206 0.447462677955627 0.557616233825684 0.852677881717682 1.4080308675766 2.21011304855347 3.01761746406555 0.763074457645416 -99.9 -99.9 -99.9 -99.9 -99.9 -99.9 -99.9 -99.9 0.799660682678223 0.501661539077759 0.343065977096558 0.35656949877739 0.226811930537224 0.238513961434364 0.303867787122726 0.293282777070999 0.270684510469437 0.207660526037216 0.31345322728157 0.256424248218536 0.259398818016052 0.117895074188709 0.11544681340456 0.236658290028572 0.176454901695251 0.146088764071465 -99.9 -99.9 -99.9 -99.9 -99.9 -99.9 -99.9 -99.9 -99.9 -99.9 -99.9 -99.9 -99.9 -99.9 -99.9 -99.9 -99.9 -99.9 -99.9 -99.9
0.354308038949966 0.302083730697632 0.428681939840317 0.47985365986824 0.571955680847168 0.540984570980072 0.592556178569794 0.879225969314575 1.73629629611969 1.82975614070892 0.974567890167236 0.710879325866699 -99.9 -99.9 -99.9 -99.9 -99.9 -99.9 -99.9 0.440130919218063 0.521270930767059 0.517426192760468 0.480560302734375 0.299640029668808 0.205765798687935 0.245203733444214 0.221772119402885 0.24288085103035 0.248365476727486 0.247199475765228 0.251681834459305 0.241255715489388 0.0748550072312355 0.0619139857590199 0.132333487272263 0.117691583931446 0.113596007227898 0.101904332637787 0.0917766243219376 0.0505668632686138 0.0495199114084244 -99.9 -99.9 -99.9 -99.9 -99.9 -99.9 -99.9 -99.9 -99.9 -99.9 -99.9 -99.9 -99.9 -99.9 -99.9 -99.9 -99.9
0.357452273368835 0.34734246134758 0.310040354728699 0.445085465908051 0.496004343032837 0.402355462312698 0.440669506788254 0.637760519981384 0.746266424655914 0.704528748989105 0.519453346729279 -99.9 -99.9 -99.9 -99.9 -99.9 -99.9 0.385916918516159 0.512058556079865 0.472743362188339 0.521984994411469 0.468400448560715 0.323656737804413 0.235324636101723 0.187602713704109 0.22292572259903 0.310041636228561 0.296529322862625 0.362332433462143 0.212341502308846 0.181345731019974 0.211581841111183 0.245604604482651 0.170372694730759 0.0988519862294197 0.129294365644455 0.0947677791118622 0.193992838263512 -99.9 -99.9 -99.9 -99.9 -99.9 -99.9 -99.9 -99.9 -99.9 -99.9 -99.9 -99.9 -99.9 -99.9 -99.9 -99.9 -99.9 -99.9 -99.9 -99.9
0.327389180660248 0.307289004325867 0.200913622975349 0.252347588539124 0.336550652980804 0.420984208583832 0.472694486379623 0.43060365319252 0.456617295742035 0.454686850309372 0.380067527294159 0.48371210694313 0.381173223257065 0.514482617378235 -99.9 -99.9 0.594251871109009 0.529072880744934 0.664692640304565 0.497245728969574 0.517095327377319 0.389614075422287 0.223260179162025 0.271823465824127 0.273097395896912 0.383103519678116 0.272728472948074 0.332817435264587 0.255330681800842 0.307880133390427 0.157413497567177 0.188883900642395 0.179882273077965 0.202012836933136 0.199857667088509 -99.9 -99.9 -99.9 -99.9 -99.9 -99.9 -99.9 -99.9 -99.9 -99.9 -99.9 -99.9 -99.9 -99.9 -99.9 -99.9 -99.9 -99.9 -99.9 -99.9 -99.9 -99.9 -99.9
-99.9 0.25894683599472 0.249728038907051 0.220371171832085 0.389864474534988 0.394021779298782 0.363929361104965 0.272707879543304 0.277685046195984 0.376061856746674 0.396017998456955 0.346475929021835 0.405075341463089 0.835434079170227 0.859454154968262 -99.9 -99.9 1.16871738433838 1.24934995174408 0.511540830135345 0.425004810094833 0.317239850759506 0.310650587081909 0.222171127796173 0.320233941078186 0.212139755487442 0.202067255973816 0.19999435544014 0.23715677857399 0.170187994837761 0.161220237612724 0.230349197983742 0.309617251157761 0.0881012603640556 -99.9 -99.9 -99.9 -99.9 -99.9 -99.9 -99.9 -99.9 -99.9 -99.9 -99.9 -99.9 -99.9 -99.9 -99.9 -99.9 -99.9 -99.9 -99.9 -99.9 -99.9 -99.9 -99.9 -99.9
-99.9 -99.9 -99.9 0.24644547700882 0.144834771752357 0.210144147276878 0.339795351028442 0.319711357355118 0.336199045181274 0.261828005313873 0.323863983154297 0.433304011821747 0.407069355249405 0.866299152374268 -99.9 0.605181753635406 0.703288972377777 1.73838663101196 0.612650215625763 0.424192368984222 0.318884998559952 0.295574367046356 0.341020315885544 0.279956042766571 0.494546830654144 0.381958395242691 0.256806969642639 0.306344717741013 0.316080421209335 0.106973238289356 0.163595095276833 0.256208598613739 0.229827374219894 0.272881358861923 -99.9 -99.9 -99.9 -99.9 -99.9 -99.9 -99.9 -99.9 -99.9 -99.9 -99.9 -99.9 -99.9 -99.9 -99.9 -99.9 -99.9 -99.9 -99.9 -99.9 -99.9 -99.9 -99.9 -99.9
-99.9 -99.9 -99.9 -99.9 0.0693355724215508 0.294317364692688 0.400285124778748 0.259920120239258 0.193769887089729 0.331304460763931 0.17711529135704 0.219408914446831 0.387789636850357 0.681928515434265 -99.9 -99.9 0.551745295524597 0.530969142913818 0.400719821453094 0.309667319059372 0.270686060190201 0.301972627639771 0.203517436981201 0.244441613554955 0.392484962940216 0.368409246206284 0.334031373262405 0.107097946107388 0.185549542307854 0.238153874874115 0.159220173954964 0.281099766492844 0.302337229251862 -99.9 -99.9 -99.9 -99.9 -99.9 -99.9 -99.9 -99.9 -99.9 -99.9 -99.9 -99.9 -99.9 -99.9 -99.9 -99.9 -99.9 -99.9 -99.9 -99.9 -99.9 -99.9 -99.9 -99.9 -99.9
0.250932335853577 -99.9 -99.9 -99.9 -99.9 -99.9 -99.9 0.278664350509644 0.129691451787949 0.121950566768646 0.136014834046364 0.172010838985443 0.267489314079285 0.457003116607666 0.62036520242691 -99.9 -99.9 0.825189650058746 0.359514713287354 0.280168861150742 0.117193706333637 0.221249997615814 0.285927653312683 0.297429800033569 0.17039455473423 0.376879423856735 0.328715324401855 0.474646151065826 0.267260372638702 0.101119741797447 0.0724830999970436 0.313083618879318 -99.9 -99.9 -99.9 -99.9 -99.9 -99.9 -99.9 -99.9 -99.9 -99.9 -99.9 -99.9 -99.9 -99.9 -99.9 -99.9 -99.9 -99.9 -99.9 -99.9 -99.9 -99.9 -99.9 -99.9 -99.9 -99.9
0.189395561814308 0.350391507148743 0.335481822490692 0.288785517215729 -99.9 -99.9 -99.9 -99.9 -99.9 -99.9 0.154797330498695 0.149934440851212 0.271992951631546 0.443099290132523 0.730458974838257 0.830755889415741 2.54805088043213 1.6431736946106 0.490611046552658 0.43621364235878 0.260516971349716 0.305597007274628 0.248385220766068 0.22045373916626 0.248759284615517 0.200137406587601 0.319520860910416 0.189609497785568 0.407009720802307 0.294269114732742 0.297165215015411 -99.9 -99.9 -99.9 -99.9 -99.9 -99.9 -99.9 -99.9 -99.9 -99.9 -99.9 -99.9 -99.9 -99.9 -99.9 -99.9 -99.9 -99.9 -99.9 -99.9 -99.9 -99.9 -99.9 -99.9 -99.9 0.340545803308487 0.325489163398743
0.26298126578331 0.179819539189339 0.177317976951599 0.155213087797165 0.233811438083649 0.170369103550911 -99.9 -99.9 -99.9 -99.9 -99.9 0.211083993315697 0.276875287294388 0.351090133190155 0.439048737287521 1.16813802719116 1.15097188949585 1.08283448219299 0.479344397783279 0.453980624675751 0.360713273286819 0.184862107038498 0.188973024487495 0.133616045117378 0.252284467220306 0.353475213050842 0.392080575227737 0.359195023775101 0.289414882659912 -99.9 -99.9 -99.9 -99.9 -99.9 -99.9 -99.9 -99.9 -99.9 -99.9 -99.9 -99.9 -99.9 -99.9 -99.9 -99.9 -99.9 -99.9 -99.9 -99.9 -99.9 -99.9 -99.9 -99.9 -99.9 0.416612088680267 0.498406708240509 0.327061533927917 0.32541623711586
0.144697964191437 0.226105213165283 0.181060910224915 0.141400799155235 0.190998896956444 0.105373449623585 0.172134876251221 0.146365329623222 -99.9 -99.9 -99.9 -99.9 0.238635271787643 0.189616799354553 0.361760079860687 0.37370228767395 0.460240185260773 0.518463850021362 0.461035698652267 0.403671354055405 0.271825283765793 0.16478830575943 0.230313882231712 0.201847180724144 0.310724407434464 0.345564842224121 0.23190501332283 0.410594135522842 -99.9 -99.9 -99.9 -99.9 -99.9 -99.9 -99.9 -99.9 -99.9 -99.9 -99.9 -99.9 -99.9 -99.9 -99.9 -99.9 -99.9 -99.9 -99.9 -99.9 -99.9 -99.9 -99.9 0.356388956308365 0.510635435581207 0.447577178478241 0.461917340755463 0.336259990930557 0.334411323070526 0.328867763280869
0.310050815343857 0.291786849498749 0.214598894119263 0.157831519842148 0.0593046918511391 0.272214502096176 0.204835161566734 -99.9 -99.9 -99.9 -99.9 -99.9 -99.9 0.264783293008804 0.331507563591003 0.304768919944763 0.3314228951931 0.400124132633209 0.377663999795914 0.394387632608414 0.336804628372192 0.40713182091713 0.273325234651566 0.373999327421188 0.0605026446282864 0.475564777851105 0.148973658680916 -99.9 -99.9 -99.9 -99.9 -99.9 -99.9 -99.9 -99.9 -99.9 -99.9 -99.9 -99.9 -99.9 -99.9 -99.9 -99.9 -99.9 -99.9 -99.9 -99.9 -99.9 0.383248001337051 0.362703770399094 0.500519871711731 0.433990389108658 0.544448971748352 0.508868873119354 0.534433662891388 0.495765000581741 0.419050186872482 0.508958160877228
0.300343185663223 0.243432238698006 0.277290523052216 0.266253650188446 0.208871558308601 -99.9 -99.9 -99.9 -99.9 -99.9 -99.9 -99.9 -99.9 0.327754348516464 0.342386037111282 0.347771614789963 0.325001031160355 0.346852988004684 0.33794292807579 0.264586895704269 0.361309111118317 0.379075020551682 0.486574590206146 0.45930090546608 -99.9 -99.9 -99.9 -99.9 -99.9 -99.9 -99.9 -99.9 -99.9 -99.9 -99.9 -99.9 -99.9 -99.9 -99.9 -99.9 -99.9 -99.9 -99.9 -99.9 -99.9 0.285860598087311 0.981597781181335 0.353800565004349 0.451470911502838 0.423180639743805 0.479084223508835 0.511545062065125 0.567783176898956 0.60744971036911 0.424059718847275 0.397406190633774 0.399634480476379 1.27274870872498
0.307967126369476 0.379054039716721 -99.9 -99.9 -99.9 -99.9 -99.9 -99.9 -99.9 -99.9 -99.9 -99.9 -99.9 -99.9 0.290653705596924 0.312904596328735 0.304112583398819 0.399837255477905 0.386455476284027 0.425874948501587 0.388146877288818 0.332334369421005 -99.9 -99.9 -99.9 -99.9 -99.9 -99.9 -99.9 -99.9 -99.9 -99.9 -99.9 -99.9 -99.9 -99.9 -99.9 -99.9 -99.9 -99.9 -99.9 -99.9 -99.9 0.433339595794678 0.396716475486755 0.505130350589752 0.549488723278046 0.546184539794922 0.559631407260895 0.381462037563324 0.576853930950165 0.377358168363571 0.423173785209656 0.415089577436447 0.408576846122742 0.402064144611359 0.374904692173004 0.37873637676239
0.273839920759201 -99.9 -99.9 -99.9 -99.9 -99.9 -99.9 -99.9 -99.9 -99.9 -99.9 -99.9 -99.9 -99.9 -99.9 0.413946628570557 0.405420333147049 0.375287473201752 0.330507814884186 0.356222540140152 0.280226171016693 0.387220621109009 0.273751884698868 -99.9 -99.9 -99.9 -99.9 -99.9 -99.9 -99.9 -99.9 -99.9 -99.9 -99.9 -99.9 -99.9 -99.9 -99.9 -99.9 -99.9 -99.9 0.494362980127335 0.528610825538635 0.49180394411087 0.531262516975403 0.528287947177887 0.438033908605576 0.71104633808136 0.595127642154694 0.525830864906311 0.568945288658142 0.460506081581116 0.40611943602562 0.399606704711914 0.393094003200531 0.386581301689148 0.350174933671951 0.354006588459015
0.144196838140488 -99.9 -99.9 -99.9 -99.9 -99.9 -99.9 -99.9 -99.9 -99.9 -99.9 -99.9 -99.9 -99.9 -99.9 -99.9 -99.9 -99.9 0.326768428087234 0.337482899427414 0.328403025865555 0.310748666524887 0.383167237043381 -99.9 -99.9 -99.9 -99.9 -99.9 -99.9 -99.9 -99.9 -99.9 -99.9 -99.9 -99.9 -99.9 -99.9 0.282053887844086 0.49453017115593 0.475494027137756 0.478350788354874 0.525798380374908 0.449655741453171 0.369985610246658 0.560209572315216 0.428815811872482 0.257278621196747 0.256620347499847 0.272055417299271 0.445688873529434 0.546995639801025 0.397149294614792 0.390636563301086 0.384123861789703 0.37761116027832 0.371098458766937 0.364585757255554 0.32927680015564
-99.9 -99.9 -99.9 -99.9 -99.9 -99.9 -99.9 -99.9 -99.9 -99.9 -99.9 -99.9 -99.9 -99.9 -99.9 -99.9 -99.9 -99.9 -99.9 -99.9 -99.9 -99.9 -99.9 -99.9 -99.9 -99.9 -99.9 -99.9 -99.9 -99.9 -99.9 -99.9 -99.9 -99.9 -99.9 0.439171642065048 0.453968644142151 0.444304317235947 0.604494869709015 0.55717146396637 0.891922235488892 0.582159996032715 0.584722757339478 0.451942920684814 0.470622897148132 0.374457597732544 0.274535417556763 0.295705676078796 0.272108316421509 0.360825091600418 0.330283939838409 0.268773674964905 0.378854602575302 0.368641018867493 0.36212831735611 0.355615615844727 -99.9 0.304547011852264
-99.9 -99.9 -99.9 -99.9 -99.9 -99.9 -99.9 -99.9 -99.9 -99.9 -99.9 -99.9 -99.9 -99.9 -99.9 -99.9 -99.9 -99.9 -99.9 -99.9 -99.9 -99.9 -99.9 -99.9 -99.9 -99.9 -99.9 -99.9 -99.9 -99.9 -99.9 -99.9 -99.9 0.454287737607956 0.347749143838882 0.48006683588028 0.349517852067947 0.326298803091049 0.530208349227905 0.380429595708847 0.466110646724701 0.507698595523834 0.575185537338257 0.513879895210266 0.518507778644562 0.383138418197632 0.390499144792557 0.550457715988159 0.57506799697876 0.569019138813019 0.457461774349213 0.401412397623062 0.538688123226166 0.366641074419022 0.349156200885773 0.340132743120193 0.33362004160881 0.279817223548889
-99.9 -99.9 -99.9 -99.9 -99.9 -99.9 -99.9 -99.9 -99.9 -99.9 -99.9 0.10265501588583 0.283470749855042 -99.9 -99.9 -99.9 -99.9 -99.9 -99.9 -99.9 -99.9 -99.9 -99.9 -99.9 -99.9 -99.9 -99.9 -99.9 -99.9 -99.9 0.352201908826828 0.426757961511612 0.483917117118835 0.242398977279663 0.4490906894207 0.422479450702667 0.482264369726181 0.291761636734009 0.399986237287521 0.493342459201813 0.57254946231842 0.563692033290863 0.557456851005554 0.424682259559631 0.41533687710762 0.536898076534271 0.646412491798401 0.720448911190033 0.593214929103851 0.587771475315094 0.580268442630768 0.523943066596985 0.556167602539062 0.58769291639328 0.354427576065063 0.336942672729492 0.319457769393921 0.311624497175217
-99.9 -99.9 -99.9 -99.9 -99.9 -99.9 -99.9 -99.9 -99.9 -99.9 -99.9 -99.9 -99.9 -99.9 -99.9 -99.9 -99.9 0.338480889797211 0.684125781059265 -99.9 -99.9 -99.9 -99.9 -99.9 -99.9 -99.9 -99.9 -99.9 0.533862948417664 0.474009424448013 0.476065188646317 0.577259480953217 0.582341730594635 0.545561611652374 0.482495754957199 0.419206142425537 0.501004576683044 0.548364222049713 0.479190587997437 0.492627501487732 0.579494178295135 0.566519498825073 0.521674931049347 0.500359356403351 1.10670912265778 0.623159229755402 0.661041676998138 0.596326231956482 0.574812114238739 0.586447477340698 0.561798512935638 0.551795303821564 0.540475308895111 0.567333042621613 0.359698951244354 0.342214047908783 0.324729174375534 0.307244271039963
-99.9 -99.9 -99.9 -99.9 -99.9 -99.9 -99.9 -99.9 -99.9 -99.9 -99.9 -99.9 -99.9 -99.9 -99.9 -99.9 -99.9 -99.9 0.433648526668549 0.501348614692688 0.593716979026794 0.543848156929016 0.507363796234131 -99.9 -99.9 0.498569130897522 0.525631964206696 0.519941747188568 0.482522338628769 0.405963897705078 0.418892174959183 0.497607082128525 0.629118919372559 0.587755858898163 0.546608567237854 0.578031420707703 0.60694831609726 0.558790445327759 0.487482011318207 0.534001886844635 0.55207496881485 0.577060341835022 0.524174332618713 0.580610513687134 1.46783256530762 0.696323752403259 0.683890223503113 0.601243495941162 0.587670505046844 0.593374073505402 0.561496675014496 0.598031103610992 0.558731019496918 0.577446579933167 0.364970326423645 0.347485452890396 0.330000549554825 0.315063655376434
-99.9 -99.9 -99.9 -99.9 -99.9 -99.9 -99.9 -99.9 -99.9 -99.9 -99.9 -99.9 -99.9 -99.9 -99.9 -99.9 -99.9 0.298640966415405 0.428536087274551 0.439424425363541 0.549005627632141 0.530648946762085 0.525899529457092 0.622147142887115 0.567730128765106 0.580890357494354 0.60554838180542 0.511594474315643 0.484593600034714 0.545239984989166 0.54838103055954 0.585448443889618 0.999456226825714 1.51317703723907 0.682064771652222 1.66103041172028 0.770969212055206 0.49811464548111 0.5945965051651 0.5441033244133 2.47845411300659 0.539840281009674 0.328417897224426 0.535979747772217 0.592175543308258 0.591085433959961 0.841256558895111 0.6399986743927 0.644234597682953 0.586858153343201 0.590604603290558 1.02138793468475 0.683237791061401 0.479067623615265 0.370241731405258 0.352756828069687 0.344315350055695 0.345617026090622
