fish_book/data/sediment/Wilson_et_al_2017_data_files_asc/TotalD50.asc
NCOLS 200
NROWS 150
XLLCORNER -16
YLLCORNER 44
CELLSIZE 0.125
NODATA_VALUE -99.9
[rows 25 to 49 of 150, columns 58 to 115 of 200]
-99.9 -99.9 -99.9 -99.9 -99.9 -99.9 -99.9 -99.9 -99.9 -99.9 -99.9 -99.9 -99.9 -99.9 -99.9 -99.9 -99.9 0.302667319774628 0.428055316209793 0.319061487913132 0.537991225719452 0.745871901512146 0.590494573116302 0.548405706882477 2.25420427322388 2.73908972740173 0.597018659114838 0.580950736999512 0.428519666194916 0.298402547836304 0.535646677017212 0.582762479782104 0.666625082492828 1.22530341148376 3.36477732658386 0.73314505815506 0.575188457965851 0.289094388484955 0.404698580503464 0.149784550070763 0.273991376161575 0.393906056880951 0.537406325340271 0.818538427352905 0.590355098247528 0.951628148555756 0.958451330661774 0.821367263793945 0.936960637569427 0.58434921503067 0.793793678283691 1.68207967281342 0.935871541500092 0.589704871177673 0.375513106584549 0.373567044734955 0.374868720769882 0.376170367002487
-99.9 -99.9 -99.9 -99.9 -99.9 -99.9 -99.9 -99.9 -99.9 -99.9 -99.9 -99.9 -99.9 -99.9 -99.9 -99.9 -99.9 0.441115111112595 0.416654169559479 0.316896140575409 0.356142073869705 0.559120059013367 0.578659951686859 0.566252291202545 0.561134397983551 3.98106479644775 0.714819371700287 0.577980577945709 0.315994143486023 0.28690242767334 0.528128147125244 0.618243277072906 0.589483439922333 0.589237570762634 0.897059798240662 0.609572470188141 0.319457590579987 0.269676119089127 0.191241085529327 0.140176638960838 0.207584276795387 0.479516863822937 0.372558146715164 0.778120338916779 0.608582973480225 0.58705198764801 1.17385447025299 0.68725049495697 0.675720453262329 0.702360272407532 0.619708359241486 0.594912707805634 3.55574679374695 0.807590126991272 0.390551835298538 0.404120415449142 0.40542209148407 0.406723737716675
-99.9 -99.9 -99.9 -99.9 -99.9 -99.9 -99.9 -99.9 -99.9 -99.9 -99.9 -99.9 -99.9 -99.9 -99.9 0.492162764072418 0.463401228189468 0.418709456920624 0.405567198991776 0.347573101520538 0.368915051221848 0.419185638427734 0.522204518318176 0.557259142398834 0.494820058345795 0.55150955915451 0.533821284770966 0.465898662805557 0.405559211969376 0.362079709768295 0.584081470966339 0.584847867488861 0.591673612594604 1.4867194890976 0.760011196136475 0.612993061542511 0.509207189083099 0.41291555762291 0.261582344770432 0.274816244840622 0.270046144723892 0.406915068626404 0.474684804677963 0.578162431716919 1.09892868995667 0.549383282661438 -99.9 0.622038424015045 0.961373448371887 3.07577848434448 0.928912758827209 3.3845431804657 0.723814129829407 0.648251175880432 0.376298278570175 0.397873044013977 0.419447809457779 0.437277108430862
-99.9 -99.9 -99.9 -99.9 -99.9 -99.9 -99.9 -99.9 -99.9 -99.9 -99.9 0.293661266565323 0.301046252250671 0.30353444814682 0.480201154947281 0.468923062086105 0.397779405117035 0.420875161886215 0.410048216581345 0.387805253267288 0.405899494886398 0.373793572187424 0.50497967004776 0.592724144458771 0.552130043506622 0.685654044151306 0.378766417503357 0.537268579006195 0.739215493202209 0.70296448469162 0.600928127765656 0.515922129154205 0.533859014511108 1.90990245342255 1.09075105190277 1.05441689491272 0.438458651304245 0.458654582500458 0.310876548290253 0.317881941795349 0.515639066696167 0.903354585170746 1.11003434658051 2.5690381526947 0.53221583366394 -99.9 0.560615003108978 -99.9 -99.9 0.919463634490967 0.570687234401703 0.59170138835907 0.581535518169403 0.34981980919838 0.362044721841812 0.383619487285614 0.405194252729416 0.384429931640625
-99.9 -99.9 -99.9 -99.9 -99.9 -99.9 -99.9 -99.9 -99.9 -99.9 0.436312079429626 0.370809108018875 0.189626023173332 0.538594841957092 0.43314653635025 0.35301011800766 0.305226027965546 0.470583945512772 0.571481049060822 0.417975157499313 0.516455233097076 0.584063768386841 0.574039280414581 0.535007178783417 0.325823456048965 0.572048187255859 0.396103054285049 0.551703870296478 1.19365310668945 0.917096495628357 0.57514351606369 0.523347318172455 0.484936743974686 0.586643874645233 0.765363395214081 1.07433307170868 0.534856677055359 0.592276811599731 0.493386298418045 0.343002647161484 0.436564326286316 0.542520940303802 0.966205179691315 -99.9 -99.9 -99.9 0.40139302611351 -99.9 0.589991092681885 0.528720021247864 0.453558683395386 0.399778962135315 0.440070271492004 0.335566252470016 0.347791135311127 0.342214077711105 0.324672430753708 0.30713078379631
-99.9 -99.9 -99.9 -99.9 -99.9 -99.9 -99.9 -99.9 -99.9 0.437348872423172 1.56983721256256 5.88525056838989 0.691216170787811 0.489518910646439 0.391369611024857 0.282779484987259 0.28225776553154 0.400463193655014 0.496570885181427 0.314738065004349 0.312816649675369 0.463231980800629 0.708561599254608 0.306411355733871 0.338701516389847 1.17904376983643 0.50701504945755 0.584236860275269 0.586870551109314 0.597264289855957 0.580482602119446 0.651640892028809 0.431304603815079 0.585365056991577 0.575178980827332 0.545072972774506 0.620387494564056 1.18758714199066 0.581648409366608 0.258892297744751 0.251000970602036 0.542377412319183 0.945886135101318 -99.9 -99.9 -99.9 -99.9 -99.9 3.22468686103821 0.564806878566742 0.316900730133057 0.287113636732101 0.31843763589859 0.306696236133575 0.286726742982864 0.264914929866791 0.247373268008232 0.229831621050835
-99.9 -99.9 -99.9 -99.9 -99.9 -99.9 -99.9 -99.9 0.456230640411377 0.654956579208374 3.54665803909302 1.82601404190063 0.579314708709717 0.558298110961914 0.527998447418213 0.352224588394165 0.312160015106201 0.352380245923996 0.410715818405151 0.381175220012665 0.336249172687531 0.427664309740067 0.52094703912735 0.373728841543198 0.585169315338135 0.86220383644104 0.578641474246979 0.569236934185028 0.468364268541336 0.48580402135849 0.555022120475769 0.544764816761017 0.555757343769073 0.579115331172943 0.483921259641647 0.440088033676147 0.581744074821472 0.589467644691467 0.345800936222076 0.493970423936844 0.403218626976013 0.585606932640076 0.547253549098969 -99.9 -99.9 1.68601775169373 -99.9 1.3015946149826 0.60583359003067 0.333955496549606 0.295908421278 0.282871842384338 0.260334759950638 0.246477767825127 0.226508289575577 0.200426280498505 0.174344286322594 0.152532458305359
-99.9 -99.9 -99.9 -99.9 0.316564589738846 0.284048467874527 0.327494740486145 0.52752286195755 0.589983522891998 0.585735499858856 0.621585011482239 0.578217089176178 0.569120466709137 0.902498602867126 0.574360251426697 0.517402768135071 0.504857420921326 0.466438114643097 0.522916853427887 0.579189121723175 0.470335811376572 0.335280179977417 0.256292104721069 0.370131343603134 0.469043374061584 0.430660545825958 0.575727880001068 0.804099678993225 0.915168225765228 1.11738193035126 0.654518187046051 0.618877768516541 0.595586180686951 0.595366775989532 0.577117264270782 0.330975919961929 0.437172770500183 0.387588143348694 0.383758336305618 0.48863485455513 0.574702084064484 0.591238737106323 0.511534214019775 0.759692251682281 1.01934945583344 0.776045024394989 2.54912924766541 0.591923892498016 0.490409463644028 0.487395197153091 0.154664784669876 0.165174901485443 0.205324366688728 0.186259314417839 0.166289821267128 0.140207827091217 0.114125825464725 0.0990511178970337
0.372146397829056 0.388335287570953 0.419889956712723 0.426282823085785 0.456603348255157 0.406832933425903 0.425963670015335 0.548233211040497 0.556117236614227 0.584785163402557 0.549716472625732 0.566298842430115 0.765446484088898 3.03647303581238 0.529687583446503 0.588820099830627 0.600581228733063 0.588763296604156 0.582103967666626 0.59634006023407 0.231371626257896 0.262258470058441 0.25333434343338 0.247454717755318 0.243522927165031 0.283263683319092 1.1110337972641 0.644594550132751 0.803755104541779 -99.9 -99.9 -99.9 -99.9 -99.9 -99.9 1.08971381187439 -99.9 -99.9 -99.9 -99.9 -99.9 -99.9 -99.9 -99.9 -99.9 0.755029618740082 0.600400269031525 0.569781601428986 0.484233558177948 0.40660360455513 0.155525222420692 0.136395990848541 0.11726675927639 0.127776876091957 0.10607136785984 0.0909966602921486 0.0869292542338371 0.109842412173748
0.407096832990646 0.445422828197479 0.438527345657349 0.450759470462799 0.568452477455139 0.569322943687439 0.315748929977417 0.386670619249344 0.452460944652557 0.773366153240204 0.963360369205475 0.586485743522644 0.593470633029938 0.856727719306946 0.594971299171448 0.615293979644775 0.678101420402527 0.634231209754944 -99.9 -99.9 -99.9 0.29991739988327 0.234986752271652 0.226656600832939 0.225244179368019 0.214469879865646 0.473820865154266 0.544857859611511 0.343611031770706 -99.9 -99.9 -99.9 -99.9 -99.9 -99.9 -99.9 -99.9 -99.9 -99.9 -99.9 -99.9 -99.9 -99.9 -99.9 -99.9 3.55381155014038 0.574693620204926 0.493819028139114 0.383566409349442 0.191534221172333 0.156385660171509 0.137256428599358 0.118127204477787 0.114876665174961 0.118770517408848 0.0915788412094116 0.0763911828398705 0.0992701426148415
0.355128914117813 0.338839143514633 0.529645204544067 0.486936390399933 0.533289194107056 0.585453391075134 0.289384245872498 0.329834491014481 0.377295225858688 0.589601516723633 0.568510770797729 0.407204002141953 0.415556192398071 0.494334936141968 0.476407617330551 0.415793806314468 -99.9 -99.9 -99.9 -99.9 -99.9 0.169042572379112 0.098290890455246 0.211009174585342 0.20183339715004 0.256507784128189 0.351218461990356 0.283501595258713 -99.9 -99.9 -99.9 -99.9 -99.9 -99.9 -99.9 -99.9 -99.9 -99.9 -99.9 -99.9 -99.9 -99.9 -99.9 -99.9 -99.9 0.504184067249298 0.294946253299713 0.256853073835373 0.234659746289253 0.192394658923149 0.157246112823486 0.15399557352066 0.16662372648716 0.17646361887455 0.178196609020233 0.138491004705429 0.09116580337286 0.0747591331601143
0.295175194740295 0.280586183071136 0.541548609733582 0.540325582027435 0.590227484703064 0.496530592441559 0.553796350955963 0.292587846517563 0.337390601634979 0.488636881113052 0.377528727054596 0.267331570386887 0.327690243721008 -99.9 -99.9 -99.9 -99.9 -99.9 -99.9 0.157951816916466 0.137470707297325 0.0408558659255505 0.048598401248455 0.135455578565598 0.142257615923882 0.242244809865952 0.364671617746353 -99.9 -99.9 -99.9 -99.9 -99.9 -99.9 -99.9 -99.9 -99.9 -99.9 -99.9 -99.9 -99.9 -99.9 -99.9 1.56353604793549 0.593579828739166 0.326236248016357 0.18893027305603 0.196025148034096 0.185547098517418 0.164115861058235 0.175273582339287 0.160118237137794 0.166683226823807 0.16841621696949 0.170149207115173 0.166642338037491 0.119317121803761 0.0976271480321884 0.0962013974785805
0.394182771444321 0.25814151763916 0.314909398555756 0.465820252895355 0.438246130943298 0.586975932121277 1.01118326187134 0.588807642459869 0.407135963439941 0.635912418365479 0.55405181646347 0.40573662519455 0.370978444814682 -99.9 -99.9 -99.9 -99.9 -99.9 -99.9 0.189645901322365 0.0384396240115166 0.337209492921829 0.35186043381691 0.0816105678677559 0.111773982644081 0.20375519990921 -99.9 -99.9 -99.9 -99.9 -99.9 -99.9 -99.9 -99.9 -99.9 -99.9 -99.9 -99.9 -99.9 -99.9 -99.9 0.568994760513306 0.550011038780212 0.444212079048157 0.25134265422821 0.40136045217514 0.136434450745583 0.147592186927795 0.191338881850243 0.225823119282722 0.134475812315941 0.145872816443443 0.157269805669785 0.163834810256958 0.147468447685242 0.145287215709686 0.161859259009361 0.178431287407875
0.572160720825195 0.315761268138885 0.34853994846344 0.465664982795715 0.358375817537308 0.519372582435608 0.611852943897247 1.36224138736725 0.342247784137726 0.589810073375702 0.805420219898224 0.494078904390335 0.313206404447556 -99.9 -99.9 -99.9 -99.9 -99.9 0.640185952186584 1.20595324039459 0.119847372174263 0.395041197538376 0.38090455532074 0.332782685756683 0.258284032344818 0.221356153488159 0.0901675596833229 -99.9 -99.9 -99.9 -99.9 -99.9 -99.9 -99.9 -99.9 -99.9 -99.9 -99.9 -99.9 0.244128108024597 0.432124525308609 0.334798485040665 0.498822152614594 0.273764938116074 0.261986643075943 0.119885005056858 0.14710108935833 0.207404166460037 0.251150876283646 0.109465099871159 0.108833380043507 0.120230384171009 0.131627380847931 0.152605056762695 0.185558065772057 0.227517113089561 0.244089141488075 0.26066118478775
1.73277008533478 -99.9 0.54043447971344 0.355550408363342 0.199490606784821 0.323253750801086 0.479755610227585 0.563969969749451 0.265866696834564 0.366515755653381 0.368444979190826 0.314821600914001 0.18964259326458 -99.9 -99.9 -99.9 0.334549754858017 0.523845195770264 0.556815505027771 1.34458708763123 0.271003901958466 0.0986967533826828 0.0628774985671043 -99.9 -99.9 -99.9 -99.9 -99.9 -99.9 -99.9 -99.9 -99.9 -99.9 -99.9 -99.9 -99.9 -99.9 -99.9 -99.9 -99.9 0.592034697532654 0.356988102197647 0.269340336322784 0.223193719983101 0.288561999797821 0.314240485429764 0.259305149316788 0.273884922266006 0.308305740356445 0.193237647414207 0.0918591842055321 0.113293081521988 0.134726971387863 0.1561608761549 0.166239961981773 0.233585998415947 0.300932049751282 0.342891067266464
0.44691413640976 0.258122593164444 0.317641347646713 0.209339737892151 0.178267881274223 0.365201234817505 0.279018044471741 0.271609753370285 0.268085837364197 0.438518881797791 0.240330010652542 -99.9 -99.9 0.190987080335617 0.152714222669601 0.211633145809174 0.380620002746582 0.523121297359467 0.332707464694977 -99.9 0.543176293373108 0.0529020316898823 0.0175744071602821 0.148953229188919 -99.9 -99.9 -99.9 -99.9 -99.9 -99.9 -99.9 -99.9 -99.9 -99.9 -99.9 -99.9 -99.9 -99.9 -99.9 0.203652799129486 0.144231796264648 0.171714127063751 -99.9 -99.9 -99.9 -99.9 -99.9 -99.9 -99.9 -99.9 -99.9 -99.9 -99.9 -99.9 0.16045680642128 0.214267894625664 0.281613945960999 0.348959982395172
0.266752451658249 0.264079600572586 0.240699127316475 0.342978090047836 0.484134644269943 0.580064177513123 0.442408442497253 0.26324936747551 0.361954391002655 0.519532799720764 -99.9 -99.9 -99.9 0.204059824347496 0.357641875743866 0.290067881345749 0.263022363185883 -99.9 0.0361759252846241 -99.9 -99.9 0.0184319317340851 0.010886917822063 -99.9 -99.9 -99.9 -99.9 -99.9 -99.9 -99.9 -99.9 -99.9 -99.9 -99.9 -99.9 -99.9 -99.9 -99.9 -99.9 -99.9 -99.9 -99.9 -99.9 -99.9 -99.9 -99.9 -99.9 -99.9 -99.9 -99.9 -99.9 -99.9 -99.9 -99.9 -99.9 -99.9 0.262295842170715 0.329111665487289
0.266015887260437 0.265669912099838 0.256841838359833 0.56531548500061 1.05983579158783 1.27140021324158 0.461761504411697 0.27000704407692 0.560368478298187 0.496304512023926 0.34159529209137 -99.9 0.114625416696072 0.185561060905457 0.268262386322021 0.651995599269867 -99.9 -99.9 -99.9 -99.9 -99.9 -99.9 0.0200893245637417 -99.9 -99.9 -99.9 -99.9 -99.9 -99.9 -99.9 -99.9 -99.9 -99.9 -99.9 -99.9 -99.9 -99.9 -99.9 -99.9 -99.9 -99.9 -99.9 -99.9 -99.9 -99.9 -99.9 -99.9 -99.9 -99.9 -99.9 -99.9 -99.9 -99.9 -99.9 -99.9 -99.9 0.242977723479271 0.304340839385986
0.27947273850441 0.42750072479248 0.368854194879532 0.564603507518768 0.536849796772003 0.516266703605652 0.267795950174332 0.389928013086319 0.611800134181976 0.535557866096497 0.374930441379547 -99.9 0.173977315425873 0.22481095790863 0.213817924261093 0.272611379623413 0.293286263942719 0.533801794052124 -99.9 -99.9 -99.9 -99.9 -99.9 -99.9 -99.9 -99.9 -99.9 -99.9 -99.9 -99.9 -99.9 -99.9 -99.9 -99.9 -99.9 -99.9 -99.9 -99.9 -99.9 -99.9 -99.9 -99.9 -99.9 -99.9 -99.9 -99.9 -99.9 -99.9 -99.9 -99.9 -99.9 -99.9 -99.9 -99.9 0.17112423479557 0.156313583254814 0.223659619688988 0.279570013284683
0.607234954833984 1.0940945148468 0.544466316699982 0.267645984888077 0.303198277950287 0.308778762817383 0.253629773855209 0.434070497751236 0.774221360683441 0.617750287055969 0.401392996311188 -99.9 0.178284823894501 0.336345940828323 0.097714439034462 0.12439539283514 0.161134108901024 0.130272686481476 0.18930646777153 -99.9 -99.9 -99.9 -99.9 -99.9 -99.9 -99.9 -99.9 -99.9 -99.9 -99.9 -99.9 -99.9 -99.9 -99.9 -99.9 -99.9 -99.9 -99.9 -99.9 -99.9 -99.9 -99.9 -99.9 -99.9 -99.9 -99.9 -99.9 -99.9 -99.9 -99.9 -99.9 -99.9 -99.9 -99.9 0.174680054187775 0.154726386070251 0.202750876545906 0.254198908805847
0.533227026462555 0.586773455142975 0.273551106452942 0.263891935348511 0.384317129850388 0.409454613924026 0.25644725561142 0.41453629732132 0.596002757549286 0.429160803556442 -99.9 -99.9 0.120356321334839 0.0764954537153244 0.0478235520422459 0.0937406048178673 0.363250851631165 -99.9 0.190644785761833 -99.9 0.0600043721497059 0.0271455943584442 -99.9 -99.9 -99.9 -99.9 -99.9 -99.9 -99.9 -99.9 -99.9 -99.9 -99.9 -99.9 -99.9 -99.9 -99.9 -99.9 -99.9 -99.9 -99.9 -99.9 -99.9 -99.9 -99.9 -99.9 -99.9 -99.9 -99.9 -99.9 -99.9 -99.9 -99.9 0.201750129461288 0.178235873579979 0.158282205462456 0.17617928981781 0.245915502309799
0.397269517183304 0.369836896657944 0.481344908475876 0.29739847779274 0.283217161893845 0.158786445856094 0.149987682700157 0.429088234901428 0.424455791711807 -99.9 -99.9 0.0579153187572956 0.0462472438812256 0.0596694760024548 0.0916498377919197 0.376722514629364 0.231368035078049 0.0487496145069599 0.264658391475677 -99.9 -99.9 0.0314197763800621 0.0722690299153328 -99.9 -99.9 -99.9 -99.9 -99.9 -99.9 -99.9 -99.9 -99.9 -99.9 -99.9 -99.9 -99.9 -99.9 -99.9 -99.9 -99.9 -99.9 -99.9 -99.9 -99.9 -99.9 -99.9 -99.9 -99.9 -99.9 -99.9 -99.9 -99.9 -99.9 0.188343092799187 0.206892654299736 0.218446642160416 0.305977016687393 0.23763208091259
0.589928686618805 0.535427868366241 0.447966456413269 0.324988931417465 0.370083659887314 0.264314472675323 0.343691974878311 0.587208449840546 0.542578995227814 0.373404890298843 0.23851478099823 0.0813116505742073 0.0733658969402313 0.0469797737896442 0.0501580275595188 0.0271416287869215 0.0433307997882366 0.380883514881134 0.236486449837685 0.349644958972931 0.186092540621758 0.0374982692301273 0.0215852819383144 -99.9 -99.9 -99.9 -99.9 -99.9 -99.9 -99.9 -99.9 -99.9 -99.9 -99.9 -99.9 -99.9 -99.9 -99.9 -99.9 -99.9 -99.9 -99.9 -99.9 -99.9 -99.9 -99.9 -99.9 -99.9 -99.9 -99.9 -99.9 -99.9 0.185048058629036 0.175247758626938 0.203156039118767 0.240696758031845 0.289632558822632 0.275375723838806
3.2961962223053 0.460535198450089 0.257983058691025 0.357843160629272 0.294784665107727 0.262824416160583 0.560607731342316 0.557084023952484 0.507416069507599 0.239110499620438 0.114726550877094 0.112921848893166 0.0798977911472321 0.0903802886605263 0.0844839587807655 0.355569183826447 0.391257256269455 0.299191862344742 0.33409383893013 0.423400193452835 -99.9 -99.9 -99.9 -99.9 -99.9 -99.9 -99.9 -99.9 -99.9 -99.9 -99.9 -99.9 -99.9 -99.9 -99.9 -99.9 -99.9 -99.9 -99.9 -99.9 -99.9 -99.9 -99.9 -99.9 -99.9 -99.9 -99.9 -99.9 -99.9 -99.9 -99.9 0.181753039360046 0.171744927763939 0.162256315350533 0.190164610743523 0.255469799041748 0.273288130760193 0.258044689893723
0.502959191799164 0.292706996202469 0.147956162691116 0.14998434484005 0.167675003409386 0.236150071024895 0.414432406425476 0.359072655439377 0.188256323337555 0.2184779047966 0.12958537042141 0.214975163340569 0.416776865720749 0.330440789461136 0.49230632185936 0.66472864151001 -99.9 0.492924392223358 0.486185222864151 -99.9 -99.9 -99.9 -99.9 -99.9 -99.9 -99.9 -99.9 -99.9 -99.9 -99.9 -99.9 -99.9 -99.9 -99.9 -99.9 -99.9 -99.9 -99.9 -99.9 -99.9 -99.9 -99.9 -99.9 -99.9 -99.9 -99.9 -99.9 -99.9 -99.9 -99.9 0.178458005189896 0.168346002697945 0.158753484487534 0.149264886975288 0.177173167467117 0.288589388132095 0.265780210494995 0.242342457175255
